iter "mejor iteracion actual" "mejor encontrado"
0 938 938
1 939 939
2 939 939
3 939 939
4 939 939
5 939 939
6 939 939
7 939 939
8 939 939
9 939 939
10 939 939
11 939 939
12 939 939
13 939 939
14 939 939
15 939 939
16 939 939
17 939 939
18 939 939
19 939 939
20 939 939
21 939 939
22 939 939
23 939 939
24 939 939
25 939 939
26 939 939
27 939 939
28 939 939
29 939 939
30 939 939
31 939 939
32 939 939
33 939 939
34 939 939
35 939 939
36 939 939
37 939 939
38 939 939
39 939 939
40 939 939
41 939 939
42 939 939
43 939 939
44 939 939
45 939 939
46 939 939
47 939 939
48 939 939
49 939 939
50 939 939
51 939 939
52 939 939
53 939 939
54 939 939
55 939 939
56 939 939
57 939 939
58 939 939
59 939 939
60 939 939
61 939 939
62 939 939
63 939 939
64 939 939
65 939 939
66 939 939
67 939 939
68 939 939
69 939 939
70 939 939
71 939 939
72 939 939
73 939 939
74 939 939
75 939 939
76 939 939
77 939 939
78 939 939
79 939 939
80 939 939
81 939 939
82 939 939
83 939 939
84 939 939
85 939 939
86 939 939
87 939 939
88 939 939
89 939 939
90 939 939
91 939 939
92 939 939
93 939 939
94 939 939
95 939 939
96 939 939
97 939 939
98 939 939
99 939 939
100 939 939
101 939 939
102 939 939
103 939 939
104 939 939
105 939 939
106 939 939
107 939 939
108 939 939
109 939 939
110 939 939
111 939 939
112 939 939
113 939 939
114 939 939
115 939 939
116 939 939
117 939 939
118 939 939
119 939 939
120 939 939
121 939 939
122 939 939
123 939 939
124 939 939
125 939 939
126 939 939
127 939 939
128 939 939
129 939 939
130 939 939
131 939 939
132 939 939
133 939 939
134 939 939
135 939 939
136 939 939
137 939 939
138 939 939
139 939 939
140 939 939
141 939 939
142 939 939
143 939 939
144 939 939
145 939 939
146 939 939
147 939 939
148 939 939
149 939 939
150 939 939
151 939 939
152 939 939
153 939 939
154 939 939
155 939 939
156 939 939
157 939 939
158 939 939
159 939 939
160 939 939
161 939 939
162 939 939
163 939 939
164 939 939
165 939 939
166 939 939
167 939 939
168 939 939
169 939 939
170 939 939
171 939 939
172 939 939
173 939 939
174 939 939
175 939 939
176 939 939
177 939 939
178 939 939
179 939 939
180 939 939
181 939 939
182 939 939
183 939 939
184 939 939
185 939 939
186 939 939
187 939 939
188 939 939
189 939 939
190 939 939
191 939 939
192 939 939
193 939 939
194 939 939
195 939 939
196 939 939
197 939 939
198 939 939
199 939 939
200 939 939
201 939 939
202 939 939
203 939 939
204 939 939
205 939 939
206 939 939
207 939 939
208 939 939
209 939 939
210 939 939
211 939 939
212 939 939
213 939 939
214 939 939
215 939 939
216 939 939
217 939 939
218 939 939
219 939 939
220 939 939
221 939 939
222 939 939
223 939 939
224 939 939
225 939 939
226 939 939
227 939 939
228 939 939
229 939 939
230 939 939
231 939 939
232 939 939
233 939 939
234 939 939
235 939 939
236 939 939
237 939 939
238 939 939
239 939 939
240 939 939
241 939 939
242 939 939
243 939 939
244 939 939
245 939 939
246 939 939
247 939 939
248 939 939
249 939 939
250 939 939
251 939 939
252 939 939
253 957 957
254 957 957
255 957 957
256 957 957
257 957 957
258 957 957
259 957 957
260 957 957
261 957 957
262 957 957
263 957 957
264 957 957
265 957 957
266 957 957
267 957 957
268 957 957
269 957 957
270 957 957
271 957 957
272 957 957
273 957 957
274 957 957
275 957 957
276 957 957
277 957 957
278 957 957
279 957 957
280 957 957
281 957 957
282 957 957
283 957 957
284 957 957
285 957 957
286 957 957
287 957 957
288 957 957
289 957 957
290 957 957
291 957 957
292 957 957
293 957 957
294 957 957
295 957 957
296 957 957
297 957 957
298 957 957
299 957 957
300 957 957
301 957 957
302 957 957
303 957 957
304 957 957
305 957 957
306 957 957
307 957 957
308 957 957
309 957 957
310 957 957
311 957 957
312 957 957
313 957 957
314 957 957
315 957 957
316 957 957
317 957 957
318 957 957
319 957 957
320 957 957
321 957 957
322 957 957
323 957 957
324 957 957
325 957 957
326 957 957
327 957 957
328 957 957
329 957 957
330 957 957
331 957 957
332 957 957
333 957 957
334 957 957
335 957 957
336 957 957
337 957 957
338 957 957
339 957 957
340 957 957
341 957 957
342 957 957
343 957 957
344 957 957
345 957 957
346 957 957
347 957 957
348 957 957
349 957 957
350 957 957
351 957 957
352 957 957
353 957 957
354 957 957
355 957 957
356 957 957
357 957 957
358 957 957
359 957 957
360 957 957
361 957 957
362 957 957
363 957 957
364 957 957
365 957 957
366 957 957
367 957 957
368 957 957
369 957 957
370 957 957
371 957 957
372 957 957
373 957 957
374 957 957
375 957 957
376 957 957
377 957 957
378 957 957
379 957 957
380 957 957
381 957 957
382 957 957
383 957 957
384 957 957
385 957 957
386 957 957
387 957 957
388 957 957
389 957 957
390 957 957
391 957 957
392 957 957
393 957 957
394 957 957
395 957 957
396 957 957
397 957 957
398 957 957
399 957 957
400 957 957
401 957 957
402 957 957
403 957 957
404 957 957
405 957 957
406 957 957
407 957 957
408 957 957
409 957 957
410 957 957
411 957 957
412 957 957
413 957 957
414 957 957
415 957 957
416 957 957
417 957 957
418 957 957
419 957 957
420 957 957
421 957 957
422 957 957
423 957 957
424 957 957
425 957 957
426 957 957
427 957 957
428 957 957
429 957 957
430 957 957
431 957 957
432 957 957
433 957 957
434 957 957
435 957 957
436 957 957
437 957 957
438 957 957
439 957 957
440 957 957
441 957 957
442 957 957
443 957 957
444 957 957
445 957 957
446 957 957
447 957 957
448 957 957
449 957 957
450 957 957
451 957 957
452 957 957
453 957 957
454 957 957
455 957 957
456 957 957
457 957 957
458 957 957
459 957 957
460 957 957
461 957 957
462 957 957
463 957 957
464 957 957
465 957 957
466 957 957
467 957 957
468 957 957
469 957 957
470 957 957
471 957 957
472 957 957
473 957 957
474 957 957
475 957 957
476 957 957
477 957 957
478 957 957
479 957 957
480 957 957
481 957 957
482 957 957
483 957 957
484 957 957
485 957 957
486 957 957
487 957 957
488 957 957
489 957 957
490 957 957
491 957 957
492 957 957
493 957 957
494 957 957
495 957 957
496 957 957
497 957 957
498 957 957
499 957 957
500 957 957
501 957 957
502 957 957
503 957 957
504 957 957
505 957 957
506 957 957
507 957 957
508 957 957
509 957 957
510 957 957
511 957 957
512 957 957
513 957 957
514 957 957
515 957 957
516 957 957
517 957 957
518 957 957
519 957 957
520 957 957
521 957 957
522 957 957
523 957 957
524 957 957
525 957 957
526 957 957
527 957 957
528 957 957
529 957 957
530 957 957
531 957 957
532 957 957
533 957 957
534 957 957
535 957 957
536 957 957
537 957 957
538 957 957
539 957 957
540 957 957
541 957 957
542 957 957
543 957 957
544 957 957
545 957 957
546 957 957
547 957 957
548 957 957
549 957 957
550 957 957
551 957 957
552 957 957
553 957 957
554 957 957
555 957 957
556 957 957
557 957 957
558 957 957
559 957 957
560 957 957
561 957 957
562 957 957
563 957 957
564 957 957
565 957 957
566 957 957
567 957 957
568 957 957
569 957 957
570 957 957
571 957 957
572 957 957
573 957 957
574 957 957
575 957 957
576 957 957
577 957 957
578 957 957
579 957 957
580 957 957
581 957 957
582 957 957
583 957 957
584 957 957
585 957 957
586 957 957
587 957 957
588 957 957
589 957 957
590 957 957
591 957 957
592 957 957
593 957 957
594 957 957
595 957 957
596 957 957
597 957 957
598 957 957
599 957 957
600 957 957
601 957 957
602 957 957
603 957 957
604 957 957
605 957 957
606 957 957
607 957 957
608 957 957
609 957 957
610 957 957
611 957 957
612 957 957
613 957 957
614 957 957
615 957 957
616 957 957
617 957 957
618 957 957
619 957 957
620 957 957
621 957 957
622 957 957
623 957 957
624 957 957
625 957 957
626 957 957
627 957 957
628 957 957
629 957 957
630 957 957
631 957 957
632 957 957
633 957 957
634 957 957
635 957 957
636 957 957
637 957 957
638 957 957
639 957 957
640 957 957
641 957 957
642 957 957
643 957 957
644 957 957
645 957 957
646 957 957
647 957 957
648 957 957
649 957 957
650 957 957
651 957 957
652 957 957
653 957 957
654 957 957
655 957 957
656 957 957
657 957 957
658 957 957
659 957 957
660 957 957
661 957 957
662 957 957
663 957 957
664 957 957
665 957 957
666 957 957
667 957 957
668 957 957
669 957 957
670 957 957
671 957 957
672 957 957
673 957 957
674 957 957
675 957 957
676 957 957
677 957 957
678 957 957
679 957 957
680 957 957
681 957 957
682 957 957
683 957 957
684 957 957
685 957 957
686 957 957
687 957 957
688 957 957
689 957 957
690 957 957
691 957 957
692 957 957
693 957 957
694 957 957
695 957 957
696 957 957
697 957 957
698 957 957
699 957 957
700 957 957
701 957 957
702 957 957
703 957 957
704 957 957
705 957 957
706 957 957
707 957 957
708 957 957
709 957 957
710 957 957
711 957 957
712 957 957
713 957 957
714 957 957
715 957 957
716 957 957
717 957 957
718 957 957
719 957 957
720 957 957
721 957 957
722 957 957
723 957 957
724 957 957
725 957 957
726 957 957
727 957 957
728 957 957
729 957 957
730 957 957
731 957 957
732 957 957
733 957 957
734 957 957
735 957 957
736 957 957
737 957 957
738 957 957
739 957 957
740 957 957
741 957 957
742 957 957
743 957 957
744 957 957
745 957 957
746 957 957
747 957 957
748 957 957
749 957 957
750 957 957
751 957 957
752 957 957
753 957 957
754 957 957
755 957 957
756 957 957
757 957 957
758 957 957
759 957 957
760 957 957
761 957 957
762 957 957
763 957 957
764 957 957
765 957 957
766 957 957
767 957 957
768 957 957
769 957 957
770 957 957
771 957 957
772 957 957
773 957 957
774 957 957
775 957 957
776 957 957
777 957 957
778 957 957
779 957 957
780 957 957
781 957 957
782 957 957
783 957 957
784 957 957
785 957 957
786 957 957
787 957 957
788 957 957
789 957 957
790 957 957
791 957 957
792 957 957
793 957 957
794 957 957
795 957 957
796 957 957
797 957 957
798 957 957
799 957 957
800 957 957
801 957 957
802 957 957
803 957 957
804 957 957
805 957 957
806 957 957
807 957 957
808 957 957
809 957 957
810 957 957
811 957 957
812 957 957
813 957 957
814 957 957
815 957 957
816 957 957
817 957 957
818 957 957
819 957 957
820 957 957
821 957 957
822 957 957
823 957 957
824 957 957
825 957 957
826 957 957
827 957 957
828 957 957
829 957 957
830 957 957
831 957 957
832 957 957
833 957 957
834 957 957
835 957 957
836 957 957
837 957 957
838 957 957
839 957 957
840 957 957
841 957 957
842 957 957
843 957 957
844 957 957
845 957 957
846 957 957
847 957 957
848 957 957
849 957 957
850 957 957
851 957 957
852 957 957
853 957 957
854 957 957
855 957 957
856 957 957
857 957 957
858 957 957
859 957 957
860 957 957
861 957 957
862 957 957
863 957 957
864 957 957
865 957 957
866 957 957
867 957 957
868 957 957
869 957 957
870 957 957
871 957 957
872 957 957
873 957 957
874 957 957
875 957 957
876 957 957
877 957 957
878 957 957
879 957 957
880 957 957
881 957 957
882 957 957
883 957 957
884 957 957
885 957 957
886 957 957
887 957 957
888 957 957
889 957 957
890 957 957
891 957 957
892 957 957
893 957 957
894 957 957
895 957 957
896 957 957
897 957 957
898 957 957
899 957 957
900 957 957
901 957 957
902 957 957
903 957 957
904 957 957
905 957 957
906 957 957
907 957 957
908 957 957
909 957 957
910 957 957
911 957 957
912 957 957
913 957 957
914 957 957
915 957 957
916 957 957
917 957 957
918 957 957
919 957 957
920 957 957
921 957 957
922 957 957
923 957 957
924 957 957
925 957 957
926 957 957
927 957 957
928 957 957
929 957 957
930 957 957
931 957 957
932 957 957
933 957 957
934 957 957
935 957 957
936 957 957
937 957 957
938 957 957
939 957 957
940 957 957
941 957 957
942 957 957
943 957 957
944 957 957
945 957 957
946 957 957
947 957 957
948 957 957
949 957 957
950 957 957
951 957 957
952 957 957
953 957 957
954 957 957
955 957 957
956 957 957
957 957 957
958 957 957
959 957 957
960 957 957
961 957 957
962 957 957
963 957 957
964 957 957
965 957 957
966 957 957
967 957 957
968 957 957
969 957 957
970 957 957
971 957 957
972 957 957
973 957 957
974 957 957
975 957 957
976 957 957
977 957 957
978 957 957
979 957 957
980 957 957
981 957 957
982 957 957
983 957 957
984 957 957
985 957 957
986 957 957
987 957 957
988 957 957
989 957 957
990 957 957
991 957 957
992 957 957
993 957 957
994 957 957
995 957 957
996 957 957
997 957 957
998 957 957
999 957 957
1000 957 957
1001 957 957
1002 957 957
1003 957 957
1004 957 957
1005 957 957
1006 957 957
1007 957 957
1008 957 957
1009 957 957
1010 957 957
1011 957 957
1012 957 957
1013 957 957
1014 957 957
1015 957 957
1016 957 957
1017 957 957
1018 957 957
1019 957 957
1020 957 957
1021 957 957
1022 957 957
1023 957 957
1024 957 957
1025 957 957
1026 957 957
1027 957 957
1028 957 957
1029 957 957
1030 957 957
1031 957 957
1032 957 957
1033 957 957
1034 957 957
1035 957 957
1036 957 957
1037 957 957
1038 957 957
1039 957 957
1040 957 957
1041 957 957
1042 957 957
1043 957 957
1044 957 957
1045 957 957
1046 957 957
1047 957 957
1048 957 957
1049 957 957
1050 957 957
1051 957 957
1052 957 957
1053 957 957
1054 957 957
1055 957 957
1056 957 957
1057 957 957
1058 957 957
1059 957 957
1060 957 957
1061 957 957
1062 957 957
1063 957 957
1064 957 957
1065 957 957
1066 957 957
1067 957 957
1068 957 957
1069 957 957
1070 957 957
1071 957 957
1072 957 957
1073 957 957
1074 957 957
1075 957 957
1076 957 957
1077 957 957
1078 957 957
1079 957 957
1080 957 957
1081 957 957
1082 957 957
1083 957 957
1084 957 957
1085 957 957
1086 957 957
1087 957 957
1088 957 957
1089 957 957
1090 957 957
1091 957 957
1092 957 957
1093 957 957
1094 957 957
1095 957 957
1096 957 957
1097 957 957
1098 957 957
1099 957 957
1100 957 957
1101 957 957
1102 957 957
1103 957 957
1104 957 957
1105 957 957
1106 957 957
1107 957 957
1108 957 957
1109 957 957
1110 957 957
1111 957 957
1112 957 957
1113 957 957
1114 957 957
1115 957 957
1116 957 957
1117 957 957
1118 957 957
1119 957 957
1120 957 957
1121 957 957
1122 957 957
1123 957 957
1124 957 957
1125 957 957
1126 957 957
1127 957 957
1128 957 957
1129 957 957
1130 957 957
1131 957 957
1132 957 957
1133 957 957
1134 957 957
1135 957 957
1136 957 957
1137 957 957
1138 957 957
1139 957 957
1140 957 957
1141 957 957
1142 957 957
1143 957 957
1144 957 957
1145 957 957
1146 957 957
1147 957 957
1148 957 957
1149 957 957
1150 957 957
1151 957 957
1152 957 957
1153 957 957
1154 957 957
1155 957 957
1156 957 957
1157 957 957
1158 957 957
1159 957 957
1160 957 957
1161 957 957
1162 957 957
1163 957 957
1164 957 957
1165 957 957
1166 957 957
1167 957 957
1168 957 957
1169 957 957
1170 957 957
1171 957 957
1172 957 957
1173 957 957
1174 957 957
1175 957 957
1176 957 957
1177 957 957
1178 957 957
1179 957 957
1180 957 957
1181 957 957
1182 957 957
1183 957 957
1184 957 957
1185 957 957
1186 957 957
1187 957 957
1188 957 957
1189 957 957
1190 957 957
1191 957 957
1192 957 957
1193 957 957
1194 957 957
1195 957 957
1196 957 957
1197 957 957
1198 957 957
1199 957 957
1200 957 957
1201 957 957
1202 957 957
1203 957 957
1204 957 957
1205 957 957
1206 957 957
1207 957 957
1208 957 957
1209 957 957
1210 957 957
1211 957 957
1212 957 957
1213 957 957
1214 957 957
1215 957 957
1216 957 957
1217 957 957
1218 957 957
1219 957 957
1220 957 957
1221 957 957
1222 957 957
1223 957 957
1224 957 957
1225 957 957
1226 957 957
1227 957 957
1228 957 957
1229 957 957
1230 957 957
1231 957 957
1232 957 957
1233 957 957
1234 957 957
1235 957 957
1236 957 957
1237 957 957
1238 957 957
1239 957 957
1240 957 957
1241 957 957
1242 957 957
1243 957 957
1244 957 957
1245 957 957
1246 957 957
1247 957 957
1248 957 957
1249 957 957
1250 957 957
1251 957 957
1252 957 957
1253 957 957
1254 957 957
1255 957 957
1256 957 957
1257 957 957
1258 957 957
1259 957 957
1260 957 957
1261 957 957
1262 957 957
1263 957 957
1264 957 957
1265 957 957
1266 957 957
1267 957 957
1268 957 957
1269 957 957
1270 957 957
1271 957 957
1272 957 957
1273 957 957
1274 957 957
1275 957 957
1276 957 957
1277 957 957
1278 957 957
1279 957 957
1280 957 957
1281 957 957
1282 957 957
1283 957 957
1284 957 957
1285 957 957
1286 957 957
1287 957 957
1288 957 957
1289 957 957
1290 957 957
1291 957 957
1292 957 957
1293 957 957
1294 957 957
1295 957 957
1296 957 957
1297 957 957
1298 957 957
1299 957 957
1300 957 957
1301 957 957
1302 957 957
1303 957 957
1304 957 957
1305 957 957
1306 957 957
1307 957 957
1308 957 957
1309 958 958
1310 958 958
1311 958 958
1312 958 958
1313 958 958
1314 958 958
1315 958 958
1316 958 958
1317 958 958
1318 958 958
1319 958 958
1320 958 958
1321 958 958
1322 958 958
1323 958 958
1324 958 958
1325 958 958
1326 958 958
1327 958 958
1328 958 958
1329 958 958
1330 958 958
1331 958 958
1332 958 958
1333 958 958
1334 958 958
1335 958 958
1336 958 958
1337 958 958
1338 958 958
1339 958 958
1340 958 958
1341 958 958
1342 958 958
1343 958 958
1344 958 958
1345 958 958
1346 958 958
1347 958 958
1348 958 958
1349 958 958
1350 958 958
1351 958 958
1352 958 958
1353 958 958
1354 958 958
1355 958 958
1356 958 958
1357 958 958
1358 958 958
1359 958 958
1360 958 958
1361 958 958
1362 958 958
1363 958 958
1364 958 958
1365 958 958
1366 958 958
1367 958 958
1368 958 958
1369 958 958
1370 958 958
1371 958 958
1372 958 958
1373 958 958
1374 958 958
1375 958 958
1376 958 958
1377 958 958
1378 958 958
1379 958 958
1380 958 958
1381 958 958
1382 958 958
1383 958 958
1384 958 958
1385 958 958
1386 958 958
1387 958 958
1388 958 958
1389 958 958
1390 958 958
1391 958 958
1392 958 958
1393 958 958
1394 958 958
1395 958 958
1396 958 958
1397 958 958
1398 958 958
1399 958 958
1400 958 958
1401 958 958
1402 958 958
1403 958 958
1404 958 958
1405 958 958
1406 958 958
1407 958 958
1408 958 958
1409 958 958
1410 958 958
1411 958 958
1412 958 958
1413 958 958
1414 958 958
1415 958 958
1416 958 958
1417 958 958
1418 958 958
1419 958 958
1420 958 958
1421 958 958
1422 958 958
1423 958 958
1424 958 958
1425 958 958
1426 958 958
1427 958 958
1428 958 958
1429 958 958
1430 958 958
1431 958 958
1432 958 958
1433 958 958
1434 958 958
1435 958 958
1436 958 958
1437 958 958
1438 958 958
1439 958 958
1440 958 958
1441 958 958
1442 958 958
1443 958 958
1444 958 958
1445 958 958
1446 958 958
1447 958 958
1448 958 958
1449 958 958
1450 958 958
1451 958 958
1452 958 958
1453 958 958
1454 958 958
1455 958 958
1456 958 958
1457 958 958
1458 958 958
1459 958 958
1460 958 958
1461 958 958
1462 958 958
1463 958 958
1464 958 958
1465 958 958
1466 958 958
1467 958 958
1468 958 958
1469 958 958
1470 958 958
1471 958 958
1472 958 958
1473 958 958
1474 958 958
1475 958 958
1476 958 958
1477 958 958
1478 958 958
1479 958 958
1480 958 958
1481 958 958
1482 958 958
1483 958 958
1484 958 958
1485 958 958
1486 958 958
1487 958 958
1488 958 958
1489 958 958
1490 958 958
1491 958 958
1492 958 958
1493 958 958
1494 958 958
1495 958 958
1496 958 958
1497 958 958
1498 958 958
1499 958 958
1500 958 958
1501 958 958
1502 958 958
1503 958 958
1504 958 958
1505 958 958
1506 958 958
1507 958 958
1508 958 958
1509 958 958
1510 958 958
1511 958 958
1512 958 958
1513 958 958
1514 958 958
1515 958 958
1516 958 958
1517 958 958
1518 958 958
1519 958 958
1520 958 958
1521 958 958
1522 958 958
1523 958 958
1524 958 958
1525 958 958
1526 958 958
1527 958 958
1528 958 958
1529 958 958
1530 958 958
1531 958 958
1532 958 958
1533 958 958
1534 958 958
1535 958 958
1536 958 958
1537 958 958
1538 958 958
1539 958 958
1540 958 958
1541 958 958
1542 958 958
1543 958 958
1544 958 958
1545 958 958
1546 958 958
1547 958 958
1548 958 958
1549 958 958
1550 958 958
1551 958 958
1552 958 958
1553 958 958
1554 958 958
1555 958 958
1556 958 958
1557 958 958
1558 958 958
1559 958 958
1560 958 958
1561 958 958
1562 958 958
1563 958 958
1564 958 958
1565 958 958
1566 958 958
1567 958 958
1568 958 958
1569 958 958
1570 958 958
1571 958 958
1572 958 958
1573 958 958
1574 958 958
1575 958 958
1576 958 958
1577 958 958
1578 958 958
1579 958 958
1580 958 958
1581 958 958
1582 958 958
1583 958 958
1584 958 958
1585 958 958
1586 958 958
1587 958 958
1588 958 958
1589 958 958
1590 958 958
1591 958 958
1592 958 958
1593 958 958
1594 958 958
1595 958 958
1596 958 958
1597 958 958
1598 958 958
1599 958 958
1600 958 958
1601 958 958
1602 958 958
1603 958 958
1604 958 958
1605 958 958
1606 958 958
1607 958 958
1608 958 958
1609 958 958
1610 958 958
1611 958 958
1612 958 958
1613 958 958
1614 958 958
1615 958 958
1616 958 958
1617 958 958
1618 958 958
1619 958 958
1620 958 958
1621 958 958
1622 958 958
1623 958 958
1624 958 958
1625 958 958
1626 958 958
1627 958 958
1628 958 958
1629 958 958
1630 958 958
1631 958 958
1632 958 958
1633 958 958
1634 958 958
1635 958 958
1636 958 958
1637 958 958
1638 958 958
1639 958 958
1640 958 958
1641 958 958
1642 958 958
1643 958 958
1644 958 958
1645 958 958
1646 958 958
1647 958 958
1648 958 958
1649 958 958
1650 958 958
1651 958 958
1652 958 958
1653 958 958
1654 958 958
1655 958 958
1656 958 958
1657 958 958
1658 958 958
1659 958 958
1660 958 958
1661 958 958
1662 958 958
1663 958 958
1664 958 958
1665 958 958
1666 958 958
1667 958 958
1668 958 958
1669 958 958
1670 958 958
1671 958 958
1672 958 958
1673 958 958
1674 958 958
1675 958 958
1676 958 958
1677 958 958
1678 958 958
1679 958 958
1680 958 958
1681 958 958
1682 958 958
1683 958 958
1684 958 958
1685 958 958
1686 958 958
1687 958 958
1688 958 958
1689 958 958
1690 958 958
1691 958 958
1692 958 958
1693 958 958
1694 958 958
1695 958 958
1696 958 958
1697 958 958
1698 958 958
1699 958 958
1700 958 958
1701 958 958
1702 958 958
1703 958 958
1704 958 958
1705 958 958
1706 958 958
1707 958 958
1708 958 958
1709 958 958
1710 958 958
1711 958 958
1712 958 958
1713 958 958
1714 958 958
1715 958 958
1716 958 958
1717 958 958
1718 958 958
1719 958 958
1720 958 958
1721 958 958
1722 958 958
1723 958 958
1724 958 958
1725 958 958
1726 958 958
1727 958 958
1728 958 958
1729 958 958
1730 958 958
1731 958 958
1732 958 958
1733 958 958
1734 958 958
1735 958 958
1736 958 958
1737 958 958
1738 958 958
1739 958 958
1740 958 958
1741 958 958
1742 958 958
1743 958 958
1744 958 958
1745 958 958
1746 958 958
1747 958 958
1748 958 958
1749 958 958
1750 958 958
1751 958 958
1752 958 958
1753 958 958
1754 958 958
1755 958 958
1756 958 958
1757 958 958
1758 958 958
1759 958 958
1760 958 958
1761 958 958
1762 958 958
1763 958 958
1764 958 958
1765 958 958
1766 958 958
1767 958 958
1768 958 958
1769 958 958
1770 958 958
1771 958 958
1772 958 958
1773 958 958
1774 958 958
1775 958 958
1776 958 958
1777 958 958
1778 958 958
1779 958 958
1780 958 958
1781 958 958
1782 958 958
1783 958 958
1784 958 958
1785 958 958
1786 958 958
1787 958 958
1788 958 958
1789 958 958
1790 958 958
1791 958 958
1792 958 958
1793 958 958
1794 958 958
1795 958 958
1796 958 958
1797 958 958
1798 958 958
1799 958 958
1800 958 958
1801 958 958
1802 958 958
1803 958 958
1804 958 958
1805 958 958
1806 958 958
1807 958 958
1808 958 958
1809 958 958
1810 958 958
1811 958 958
1812 958 958
1813 958 958
1814 958 958
1815 958 958
1816 958 958
1817 958 958
1818 958 958
1819 958 958
1820 958 958
1821 958 958
1822 958 958
1823 958 958
1824 958 958
1825 958 958
1826 958 958
1827 958 958
1828 958 958
1829 958 958
1830 958 958
1831 958 958
1832 958 958
1833 958 958
1834 958 958
1835 958 958
1836 958 958
1837 958 958
1838 958 958
1839 958 958
1840 958 958
1841 958 958
1842 958 958
1843 958 958
1844 958 958
1845 958 958
1846 958 958
1847 958 958
1848 958 958
1849 958 958
1850 958 958
1851 958 958
1852 958 958
1853 958 958
1854 958 958
1855 958 958
1856 958 958
1857 958 958
1858 958 958
1859 958 958
1860 958 958
1861 958 958
1862 958 958
1863 958 958
1864 958 958
1865 958 958
1866 958 958
1867 958 958
1868 958 958
1869 958 958
1870 958 958
1871 958 958
1872 958 958
1873 958 958
1874 958 958
1875 958 958
1876 958 958
1877 958 958
1878 958 958
1879 958 958
1880 958 958
1881 958 958
1882 958 958
1883 958 958
1884 958 958
1885 958 958
1886 958 958
1887 958 958
1888 958 958
1889 958 958
1890 958 958
1891 958 958
1892 958 958
1893 958 958
1894 958 958
1895 958 958
1896 958 958
1897 958 958
1898 958 958
1899 958 958
1900 958 958
1901 958 958
1902 958 958
1903 958 958
1904 958 958
1905 958 958
1906 958 958
1907 958 958
1908 958 958
1909 958 958
1910 958 958
1911 958 958
1912 958 958
1913 958 958
1914 958 958
1915 958 958
1916 958 958
1917 958 958
1918 958 958
1919 958 958
1920 958 958
1921 958 958
1922 958 958
1923 958 958
1924 958 958
1925 958 958
1926 958 958
1927 958 958
1928 958 958
1929 958 958
1930 958 958
1931 958 958
1932 958 958
1933 958 958
1934 958 958
1935 958 958
1936 958 958
1937 958 958
1938 958 958
1939 958 958
1940 958 958
1941 958 958
1942 958 958
1943 958 958
1944 958 958
1945 958 958
1946 958 958
1947 958 958
1948 958 958
1949 958 958
1950 958 958
1951 958 958
1952 958 958
1953 958 958
1954 958 958
1955 958 958
1956 958 958
1957 958 958
1958 958 958
1959 958 958
1960 958 958
1961 958 958
1962 958 958
1963 958 958
1964 958 958
1965 958 958
1966 958 958
1967 958 958
1968 958 958
1969 958 958
1970 958 958
1971 958 958
1972 958 958
1973 958 958
1974 958 958
1975 958 958
1976 958 958
1977 958 958
1978 958 958
1979 958 958
1980 958 958
1981 958 958
1982 958 958
1983 958 958
1984 958 958
1985 958 958
1986 958 958
1987 958 958
1988 958 958
1989 958 958
1990 958 958
1991 958 958
1992 958 958
1993 958 958
1994 958 958
1995 958 958
1996 958 958
1997 958 958
1998 958 958
1999 958 958
2000 958 958
2001 958 958
2002 958 958
2003 958 958
2004 958 958
2005 958 958
2006 958 958
2007 958 958
2008 958 958
2009 958 958
2010 958 958
2011 958 958
2012 958 958
2013 958 958
2014 958 958
2015 958 958
2016 958 958
2017 958 958
2018 958 958
2019 958 958
2020 958 958
2021 958 958
2022 958 958
2023 958 958
2024 958 958
2025 958 958
2026 958 958
2027 958 958
2028 958 958
2029 958 958
2030 958 958
2031 958 958
2032 958 958
2033 958 958
2034 958 958
2035 958 958
2036 958 958
2037 958 958
2038 958 958
2039 958 958
2040 958 958
2041 958 958
2042 958 958
2043 958 958
2044 958 958
2045 958 958
2046 958 958
2047 958 958
2048 958 958
2049 958 958
2050 958 958
2051 958 958
2052 958 958
2053 958 958
2054 958 958
2055 958 958
2056 958 958
2057 958 958
2058 958 958
2059 958 958
2060 958 958
2061 958 958
2062 958 958
2063 958 958
2064 958 958
2065 958 958
2066 958 958
2067 958 958
2068 958 958
2069 958 958
2070 958 958
2071 958 958
2072 958 958
2073 958 958
2074 958 958
2075 958 958
2076 958 958
2077 958 958
2078 958 958
2079 958 958
2080 958 958
2081 958 958
2082 958 958
2083 958 958
2084 958 958
2085 958 958
2086 958 958
2087 958 958
2088 958 958
2089 958 958
2090 958 958
2091 958 958
2092 958 958
2093 958 958
2094 958 958
2095 958 958
2096 958 958
2097 958 958
2098 958 958
2099 958 958
2100 958 958
2101 958 958
2102 958 958
2103 958 958
2104 958 958
2105 958 958
2106 958 958
2107 958 958
2108 958 958
2109 958 958
2110 958 958
2111 958 958
2112 958 958
2113 958 958
2114 958 958
2115 958 958
2116 958 958
2117 958 958
2118 958 958
2119 958 958
2120 958 958
2121 958 958
2122 958 958
2123 958 958
2124 958 958
2125 958 958
2126 958 958
2127 958 958
2128 958 958
2129 958 958
2130 958 958
2131 958 958
2132 958 958
2133 958 958
2134 958 958
2135 958 958
2136 958 958
2137 958 958
2138 958 958
2139 958 958
2140 958 958
2141 958 958
2142 958 958
2143 958 958
2144 958 958
2145 958 958
2146 958 958
2147 958 958
2148 958 958
2149 958 958
2150 958 958
2151 958 958
2152 958 958
2153 958 958
2154 958 958
2155 958 958
2156 958 958
2157 958 958
2158 958 958
2159 958 958
2160 958 958
2161 958 958
2162 958 958
2163 958 958
2164 958 958
2165 958 958
2166 958 958
2167 958 958
2168 958 958
2169 958 958
2170 958 958
2171 958 958
2172 958 958
2173 958 958
2174 958 958
2175 958 958
2176 958 958
2177 958 958
2178 958 958
2179 958 958
2180 958 958
2181 958 958
2182 958 958
2183 958 958
2184 958 958
2185 958 958
2186 958 958
2187 958 958
2188 958 958
2189 958 958
2190 958 958
2191 958 958
2192 958 958
2193 958 958
2194 958 958
2195 958 958
2196 958 958
2197 958 958
2198 958 958
2199 958 958
2200 958 958
2201 958 958
2202 958 958
2203 958 958
2204 958 958
2205 958 958
2206 958 958
2207 958 958
2208 958 958
2209 958 958
2210 958 958
2211 958 958
2212 958 958
2213 958 958
2214 958 958
2215 958 958
2216 958 958
2217 958 958
2218 958 958
2219 958 958
2220 958 958
2221 958 958
2222 958 958
2223 958 958
2224 958 958
2225 958 958
2226 958 958
2227 958 958
2228 958 958
2229 958 958
2230 958 958
2231 958 958
2232 958 958
2233 958 958
2234 958 958
2235 958 958
2236 958 958
2237 958 958
2238 958 958
2239 958 958
2240 958 958
2241 958 958
2242 958 958
2243 958 958
2244 958 958
2245 958 958
2246 958 958
2247 958 958
2248 958 958
2249 958 958
2250 958 958
2251 958 958
2252 958 958
2253 958 958
2254 958 958
2255 958 958
2256 958 958
2257 958 958
2258 958 958
2259 958 958
2260 958 958
2261 958 958
2262 958 958
2263 958 958
2264 958 958
2265 958 958
2266 958 958
2267 958 958
2268 958 958
2269 958 958
2270 958 958
2271 958 958
2272 958 958
2273 958 958
2274 958 958
2275 958 958
2276 958 958
2277 958 958
2278 958 958
2279 958 958
2280 958 958
2281 958 958
2282 958 958
2283 958 958
2284 958 958
2285 958 958
2286 958 958
2287 958 958
2288 958 958
2289 958 958
2290 958 958
2291 958 958
2292 958 958
2293 958 958
2294 958 958
2295 958 958
2296 958 958
2297 958 958
2298 958 958
2299 958 958
2300 958 958
2301 958 958
2302 958 958
2303 958 958
2304 958 958
2305 958 958
2306 958 958
2307 958 958
2308 958 958
2309 958 958
2310 958 958
2311 958 958
2312 958 958
2313 958 958
2314 958 958
2315 958 958
2316 958 958
2317 958 958
2318 958 958
2319 958 958
2320 958 958
2321 958 958
2322 958 958
2323 958 958
2324 958 958
2325 958 958
2326 958 958
2327 958 958
2328 958 958
2329 958 958
2330 958 958
2331 958 958
2332 958 958
2333 958 958
2334 958 958
2335 958 958
2336 958 958
2337 958 958
2338 958 958
2339 958 958
2340 958 958
2341 958 958
2342 958 958
2343 958 958
2344 958 958
2345 958 958
2346 958 958
2347 958 958
2348 958 958
2349 958 958
2350 958 958
2351 958 958
2352 958 958
2353 958 958
2354 958 958
2355 958 958
2356 958 958
2357 958 958
2358 958 958
2359 958 958
2360 958 958
2361 958 958
2362 958 958
2363 958 958
2364 958 958
2365 958 958
2366 958 958
2367 958 958
2368 958 958
2369 958 958
2370 958 958
2371 958 958
2372 958 958
2373 958 958
2374 958 958
2375 958 958
2376 958 958
2377 958 958
2378 958 958
2379 958 958
2380 958 958
2381 958 958
2382 958 958
2383 958 958
2384 958 958
2385 958 958
2386 958 958
2387 958 958
2388 958 958
2389 958 958
2390 958 958
2391 958 958
2392 958 958
2393 958 958
2394 958 958
2395 958 958
2396 958 958
2397 958 958
2398 958 958
2399 958 958
2400 958 958
2401 958 958
2402 958 958
2403 958 958
2404 958 958
2405 958 958
2406 958 958
2407 958 958
2408 958 958
2409 958 958
2410 958 958
2411 958 958
2412 958 958
2413 958 958
2414 958 958
2415 958 958
2416 958 958
2417 958 958
2418 958 958
2419 958 958
2420 958 958
2421 958 958
2422 958 958
2423 958 958
2424 958 958
2425 958 958
2426 958 958
2427 958 958
2428 958 958
2429 958 958
2430 958 958
2431 958 958
2432 958 958
2433 958 958
2434 958 958
2435 958 958
2436 958 958
2437 958 958
2438 958 958
2439 958 958
