iter "mejor iteracion actual" "mejor encontrado"
0 151 151
1 153 153
2 155 155
3 155 155
4 159 159
5 155 159
6 155 159
7 153 159
8 151 159
9 153 159
10 157 159
11 155 159
12 155 159
13 159 159
14 153 159
15 151 159
16 153 159
17 159 159
18 159 159
19 159 159
20 157 159
21 159 159
22 157 159
23 155 159
24 157 159
25 155 159
26 153 159
27 157 159
28 157 159
29 157 159
30 153 159
31 153 159
32 159 159
33 157 159
34 157 159
35 157 159
36 159 159
37 159 159
38 157 159
39 155 159
40 155 159
41 159 159
42 157 159
43 159 159
44 157 159
45 157 159
46 155 159
47 157 159
48 157 159
49 155 159
50 157 159
51 153 159
52 157 159
53 155 159
54 153 159
55 157 159
56 157 159
57 155 159
58 155 159
59 153 159
60 159 159
61 157 159
62 155 159
63 155 159
64 153 159
65 159 159
66 155 159
67 155 159
68 155 159
69 157 159
70 153 159
71 157 159
72 155 159
73 155 159
74 153 159
75 157 159
76 155 159
77 155 159
78 157 159
79 159 159
80 155 159
81 151 159
82 157 159
83 153 159
84 157 159
85 157 159
86 151 159
87 155 159
88 157 159
89 155 159
90 157 159
91 157 159
92 159 159
93 153 159
94 157 159
95 159 159
96 153 159
97 155 159
98 159 159
99 157 159
100 155 159
101 155 159
102 155 159
103 157 159
104 155 159
105 155 159
106 157 159
107 157 159
108 153 159
109 155 159
110 157 159
111 151 159
112 155 159
113 155 159
114 157 159
115 155 159
116 157 159
117 157 159
118 157 159
119 159 159
120 157 159
121 159 159
122 155 159
123 153 159
124 157 159
125 155 159
126 155 159
127 153 159
128 155 159
129 157 159
130 157 159
131 157 159
132 159 159
133 157 159
134 157 159
135 155 159
136 155 159
137 155 159
138 157 159
139 153 159
140 157 159
141 159 159
142 155 159
143 151 159
144 153 159
145 153 159
146 155 159
147 153 159
148 155 159
149 153 159
150 153 159
151 153 159
152 155 159
153 151 159
154 155 159
155 159 159
156 157 159
157 157 159
158 159 159
159 153 159
160 157 159
161 159 159
162 155 159
163 159 159
164 155 159
165 159 159
166 153 159
167 153 159
168 153 159
169 153 159
170 155 159
171 155 159
172 151 159
173 159 159
174 159 159
175 155 159
176 155 159
177 155 159
178 155 159
179 157 159
180 153 159
181 153 159
182 155 159
183 157 159
184 155 159
185 159 159
186 153 159
187 159 159
188 159 159
189 155 159
190 159 159
191 159 159
192 153 159
193 157 159
194 155 159
195 151 159
196 153 159
197 159 159
198 153 159
199 159 159
200 155 159
201 153 159
202 157 159
203 155 159
204 157 159
205 157 159
206 159 159
207 159 159
208 155 159
209 155 159
210 155 159
211 157 159
212 155 159
213 155 159
214 155 159
215 153 159
216 157 159
217 153 159
218 155 159
219 155 159
220 155 159
221 157 159
222 153 159
223 153 159
224 155 159
225 155 159
226 155 159
227 153 159
228 153 159
229 159 159
230 157 159
231 159 159
232 159 159
233 159 159
234 153 159
235 155 159
236 155 159
237 155 159
238 157 159
239 157 159
240 155 159
241 155 159
242 155 159
243 159 159
244 157 159
245 157 159
246 153 159
247 153 159
248 155 159
249 153 159
250 153 159
251 155 159
252 157 159
253 153 159
254 155 159
255 155 159
256 155 159
257 157 159
258 157 159
259 155 159
260 157 159
261 159 159
262 153 159
263 159 159
264 155 159
265 155 159
266 155 159
267 155 159
268 155 159
269 155 159
270 157 159
271 155 159
272 153 159
273 159 159
274 155 159
275 153 159
276 153 159
277 157 159
278 153 159
279 155 159
280 155 159
281 155 159
282 155 159
283 153 159
284 153 159
285 153 159
286 153 159
287 155 159
288 157 159
289 159 159
290 155 159
291 155 159
292 159 159
293 157 159
294 157 159
295 155 159
296 153 159
297 153 159
298 151 159
299 157 159
300 155 159
301 155 159
302 159 159
303 155 159
304 155 159
305 159 159
306 153 159
307 155 159
308 157 159
309 153 159
310 155 159
311 157 159
312 153 159
313 153 159
314 155 159
315 155 159
316 151 159
317 151 159
318 157 159
319 155 159
320 151 159
321 153 159
322 155 159
323 157 159
324 157 159
325 155 159
326 151 159
327 155 159
328 151 159
329 155 159
330 151 159
331 153 159
332 153 159
333 155 159
334 159 159
335 155 159
336 159 159
337 155 159
338 153 159
339 151 159
340 155 159
341 155 159
342 153 159
343 153 159
344 155 159
345 151 159
346 157 159
347 155 159
348 155 159
349 153 159
350 151 159
351 155 159
352 155 159
353 151 159
354 155 159
355 155 159
356 155 159
357 157 159
358 157 159
359 159 159
360 155 159
361 159 159
362 155 159
363 151 159
364 153 159
365 159 159
366 157 159
367 155 159
368 155 159
369 157 159
370 155 159
371 155 159
372 155 159
373 157 159
374 155 159
375 155 159
376 159 159
377 159 159
378 153 159
379 153 159
380 153 159
381 155 159
382 153 159
383 155 159
384 155 159
385 153 159
386 159 159
387 157 159
388 153 159
389 155 159
390 153 159
391 151 159
392 155 159
393 155 159
394 155 159
395 155 159
396 157 159
397 155 159
398 153 159
399 155 159
400 151 159
401 153 159
402 153 159
403 153 159
404 155 159
405 155 159
406 155 159
407 153 159
408 153 159
409 155 159
410 157 159
411 153 159
412 155 159
413 153 159
414 153 159
415 157 159
416 153 159
417 155 159
418 155 159
419 151 159
420 155 159
421 155 159
422 153 159
423 155 159
424 157 159
425 157 159
426 153 159
427 155 159
428 159 159
429 159 159
430 151 159
431 155 159
432 159 159
433 155 159
434 151 159
435 153 159
436 153 159
437 155 159
438 151 159
439 153 159
440 157 159
441 159 159
442 151 159
443 159 159
444 155 159
445 151 159
446 151 159
447 153 159
448 157 159
449 155 159
450 153 159
451 153 159
452 155 159
453 153 159
454 155 159
455 157 159
456 155 159
457 151 159
458 153 159
459 157 159
460 157 159
461 155 159
462 155 159
463 157 159
464 157 159
465 155 159
466 155 159
467 159 159
468 159 159
469 159 159
470 155 159
471 153 159
472 155 159
473 155 159
474 155 159
475 155 159
476 159 159
477 155 159
478 155 159
479 157 159
480 157 159
481 157 159
482 153 159
483 159 159
484 155 159
485 159 159
486 159 159
487 159 159
488 157 159
489 159 159
490 153 159
491 157 159
492 155 159
493 157 159
494 155 159
495 157 159
496 157 159
497 155 159
498 153 159
499 157 159
500 151 159
501 153 159
502 153 159
503 159 159
504 155 159
505 155 159
506 157 159
507 155 159
508 157 159
509 157 159
510 157 159
511 155 159
512 153 159
513 155 159
514 153 159
515 149 159
516 155 159
517 155 159
518 155 159
519 157 159
520 155 159
521 153 159
522 153 159
523 153 159
524 159 159
525 153 159
526 159 159
527 157 159
528 155 159
529 155 159
530 157 159
531 157 159
532 155 159
533 157 159
534 159 159
535 153 159
536 153 159
537 155 159
538 157 159
539 157 159
540 153 159
541 153 159
542 157 159
543 155 159
544 153 159
545 151 159
546 155 159
547 159 159
548 159 159
549 155 159
550 153 159
551 153 159
552 159 159
553 155 159
554 157 159
555 157 159
556 153 159
557 151 159
558 157 159
559 159 159
560 155 159
561 153 159
562 157 159
563 159 159
564 149 159
565 153 159
566 155 159
567 157 159
568 155 159
569 153 159
570 159 159
571 159 159
572 155 159
573 159 159
574 159 159
575 155 159
576 157 159
577 159 159
578 157 159
579 155 159
580 153 159
581 157 159
582 159 159
583 157 159
584 155 159
585 153 159
586 155 159
587 155 159
588 155 159
589 153 159
590 155 159
591 153 159
592 159 159
593 153 159
594 153 159
595 153 159
596 155 159
597 159 159
598 159 159
599 157 159
600 155 159
601 155 159
602 157 159
603 157 159
604 153 159
605 155 159
606 153 159
607 159 159
608 159 159
609 153 159
610 151 159
611 159 159
612 155 159
613 153 159
614 155 159
615 157 159
616 155 159
617 159 159
618 157 159
619 157 159
620 155 159
621 155 159
622 151 159
623 157 159
624 157 159
625 155 159
626 157 159
627 157 159
628 159 159
629 155 159
630 153 159
631 157 159
632 153 159
633 159 159
634 157 159
635 153 159
636 151 159
637 157 159
638 155 159
639 155 159
640 153 159
641 157 159
642 153 159
643 153 159
644 155 159
645 155 159
646 153 159
647 155 159
648 151 159
649 153 159
650 157 159
651 159 159
652 155 159
653 153 159
654 151 159
655 157 159
656 157 159
657 159 159
658 157 159
659 153 159
660 155 159
661 155 159
662 153 159
663 155 159
664 155 159
665 155 159
666 155 159
667 153 159
668 155 159
669 155 159
670 155 159
671 159 159
672 153 159
673 157 159
674 157 159
675 157 159
676 157 159
677 155 159
678 155 159
679 159 159
680 153 159
681 157 159
682 155 159
683 155 159
684 157 159
685 157 159
686 155 159
687 155 159
688 155 159
689 153 159
690 157 159
691 155 159
692 159 159
693 159 159
694 157 159
695 155 159
696 159 159
697 155 159
698 157 159
699 153 159
700 155 159
701 153 159
702 155 159
703 153 159
704 155 159
705 151 159
706 151 159
707 157 159
708 157 159
709 159 159
710 159 159
711 155 159
712 159 159
713 155 159
714 155 159
715 153 159
716 153 159
717 151 159
718 153 159
719 155 159
720 157 159
721 157 159
722 157 159
723 159 159
724 151 159
725 151 159
726 157 159
727 155 159
728 155 159
729 155 159
730 153 159
731 155 159
732 155 159
733 149 159
734 155 159
735 153 159
736 155 159
737 155 159
738 153 159
739 157 159
740 153 159
741 157 159
742 153 159
743 153 159
744 155 159
745 151 159
746 149 159
747 155 159
748 157 159
749 151 159
750 155 159
751 157 159
752 153 159
753 153 159
754 155 159
755 155 159
756 157 159
757 155 159
758 155 159
759 155 159
760 153 159
761 155 159
762 153 159
763 157 159
764 157 159
765 155 159
766 157 159
767 157 159
768 159 159
769 155 159
770 155 159
771 155 159
772 153 159
773 155 159
774 153 159
775 155 159
776 157 159
777 155 159
778 157 159
779 159 159
780 153 159
781 157 159
782 153 159
783 159 159
784 153 159
785 159 159
786 159 159
787 153 159
788 155 159
789 155 159
790 153 159
791 155 159
792 157 159
793 151 159
794 157 159
795 155 159
796 153 159
797 159 159
798 155 159
799 153 159
800 153 159
801 157 159
802 157 159
803 155 159
804 157 159
805 153 159
806 153 159
807 159 159
808 159 159
809 155 159
810 153 159
811 155 159
812 153 159
813 157 159
814 153 159
815 153 159
816 157 159
817 155 159
818 155 159
819 153 159
820 159 159
821 157 159
822 155 159
823 157 159
824 159 159
825 153 159
826 155 159
827 157 159
828 153 159
829 157 159
830 155 159
831 155 159
832 159 159
833 155 159
834 151 159
835 153 159
836 155 159
837 151 159
838 159 159
839 157 159
840 159 159
841 157 159
842 157 159
843 153 159
844 151 159
845 155 159
846 155 159
847 157 159
848 157 159
849 155 159
850 155 159
851 153 159
852 155 159
853 153 159
854 153 159
855 159 159
856 157 159
857 155 159
858 155 159
859 155 159
860 153 159
861 155 159
862 155 159
863 153 159
864 157 159
865 151 159
