iter "mejor iteracion actual" "mejor encontrado"
0 397 397
1 397 397
2 397 397
3 397 397
4 397 397
5 397 397
6 397 397
7 397 397
8 397 397
9 397 397
10 397 397
11 397 397
12 397 397
13 397 397
14 397 397
15 397 397
16 397 397
17 397 397
18 397 397
19 397 397
20 397 397
21 397 397
22 397 397
23 397 397
24 397 397
25 397 397
26 397 397
27 397 397
28 397 397
29 397 397
30 397 397
31 397 397
32 397 397
33 397 397
34 397 397
35 397 397
36 397 397
37 397 397
38 397 397
39 397 397
40 397 397
41 397 397
42 397 397
43 397 397
44 397 397
45 397 397
46 397 397
47 397 397
48 397 397
49 397 397
50 397 397
51 397 397
52 397 397
53 397 397
54 397 397
55 397 397
56 397 397
57 397 397
58 397 397
59 397 397
60 397 397
61 397 397
62 397 397
63 397 397
64 397 397
65 397 397
66 397 397
67 397 397
68 397 397
69 397 397
70 397 397
71 397 397
72 397 397
73 397 397
74 397 397
75 397 397
76 397 397
77 397 397
78 397 397
79 397 397
80 397 397
81 397 397
82 397 397
83 397 397
84 397 397
85 397 397
86 397 397
87 397 397
88 397 397
89 397 397
90 397 397
91 397 397
92 397 397
93 397 397
94 397 397
95 397 397
96 397 397
97 397 397
98 397 397
99 397 397
100 397 397
101 397 397
102 397 397
103 397 397
104 397 397
105 397 397
106 397 397
107 397 397
108 397 397
109 397 397
110 397 397
111 397 397
112 397 397
113 397 397
114 397 397
115 397 397
116 397 397
117 397 397
118 397 397
119 397 397
120 397 397
121 397 397
122 397 397
123 397 397
124 397 397
125 397 397
126 397 397
127 397 397
128 397 397
129 397 397
130 397 397
131 397 397
132 397 397
133 397 397
134 397 397
135 397 397
136 397 397
137 397 397
138 397 397
139 397 397
140 397 397
141 397 397
142 397 397
143 397 397
144 397 397
145 397 397
146 397 397
147 397 397
148 397 397
149 397 397
150 397 397
151 397 397
152 397 397
153 397 397
154 397 397
155 397 397
156 397 397
157 397 397
158 397 397
159 397 397
160 397 397
161 397 397
162 397 397
163 397 397
164 397 397
165 397 397
166 397 397
167 397 397
168 397 397
169 397 397
170 397 397
171 397 397
172 397 397
173 397 397
174 397 397
175 397 397
176 397 397
177 397 397
178 397 397
179 397 397
180 397 397
181 397 397
182 397 397
183 397 397
184 397 397
185 397 397
186 397 397
187 397 397
188 397 397
189 397 397
190 397 397
191 397 397
192 397 397
193 397 397
194 397 397
195 397 397
196 397 397
197 397 397
198 397 397
199 397 397
200 397 397
201 397 397
202 397 397
203 397 397
204 397 397
205 397 397
206 397 397
207 397 397
208 397 397
209 397 397
210 397 397
211 397 397
212 397 397
213 397 397
214 397 397
215 397 397
216 397 397
217 397 397
218 397 397
219 397 397
220 397 397
221 397 397
222 397 397
223 397 397
224 397 397
225 397 397
226 397 397
227 397 397
228 397 397
229 397 397
230 397 397
231 397 397
232 397 397
233 397 397
234 397 397
235 397 397
236 397 397
237 397 397
238 397 397
239 397 397
240 397 397
241 397 397
242 397 397
243 397 397
244 397 397
245 397 397
246 397 397
247 397 397
248 397 397
249 397 397
250 397 397
251 397 397
252 397 397
253 397 397
254 397 397
255 397 397
256 397 397
257 397 397
258 397 397
259 397 397
260 397 397
261 397 397
262 397 397
263 397 397
264 397 397
265 397 397
266 397 397
267 397 397
268 397 397
269 397 397
270 397 397
271 397 397
272 397 397
273 397 397
274 397 397
275 397 397
276 397 397
277 397 397
278 397 397
279 397 397
280 397 397
281 397 397
282 397 397
283 397 397
284 397 397
285 397 397
286 397 397
287 397 397
288 397 397
289 397 397
290 397 397
291 397 397
292 397 397
293 397 397
294 397 397
295 397 397
296 397 397
297 397 397
298 397 397
299 397 397
300 397 397
301 397 397
302 397 397
303 397 397
304 397 397
305 397 397
306 397 397
307 397 397
308 397 397
309 397 397
310 397 397
311 397 397
312 397 397
313 397 397
314 397 397
315 397 397
316 397 397
317 397 397
318 397 397
319 397 397
320 397 397
321 397 397
322 397 397
323 397 397
324 397 397
325 397 397
326 397 397
327 397 397
328 397 397
329 397 397
330 397 397
331 397 397
332 397 397
333 397 397
334 397 397
335 397 397
336 397 397
337 397 397
338 397 397
339 397 397
340 397 397
341 397 397
342 397 397
343 397 397
344 397 397
345 397 397
346 397 397
347 397 397
348 397 397
349 397 397
350 397 397
351 397 397
352 397 397
353 397 397
354 397 397
355 397 397
356 397 397
357 397 397
358 397 397
359 397 397
360 397 397
361 397 397
362 397 397
363 397 397
364 397 397
365 397 397
366 397 397
367 397 397
368 397 397
369 397 397
370 397 397
371 397 397
372 397 397
373 397 397
374 397 397
375 397 397
376 397 397
377 397 397
378 397 397
379 397 397
380 397 397
381 397 397
382 397 397
383 397 397
384 397 397
385 397 397
386 397 397
387 397 397
388 397 397
389 397 397
390 397 397
391 397 397
392 397 397
393 397 397
394 397 397
395 397 397
396 397 397
397 397 397
398 397 397
399 397 397
400 397 397
401 397 397
402 397 397
403 397 397
404 397 397
405 397 397
406 397 397
407 397 397
408 397 397
409 397 397
410 397 397
411 397 397
412 397 397
413 397 397
414 397 397
415 397 397
416 397 397
417 397 397
418 397 397
419 397 397
420 397 397
421 397 397
422 397 397
423 397 397
424 397 397
425 397 397
426 397 397
427 397 397
428 397 397
429 397 397
430 397 397
431 397 397
432 397 397
433 397 397
434 397 397
435 397 397
436 397 397
437 397 397
438 397 397
439 397 397
440 397 397
441 397 397
442 397 397
443 397 397
444 397 397
445 397 397
446 397 397
447 397 397
448 397 397
449 397 397
450 397 397
451 397 397
452 397 397
453 397 397
454 397 397
455 397 397
456 397 397
457 397 397
458 397 397
459 397 397
460 397 397
461 397 397
462 397 397
463 397 397
464 397 397
465 397 397
466 397 397
467 397 397
468 397 397
469 397 397
470 397 397
471 397 397
472 397 397
473 397 397
474 397 397
475 397 397
476 397 397
477 397 397
478 397 397
479 397 397
480 397 397
481 397 397
482 397 397
483 397 397
484 397 397
485 397 397
486 397 397
487 397 397
488 397 397
489 397 397
490 397 397
491 397 397
492 397 397
493 397 397
494 397 397
495 397 397
496 397 397
497 397 397
498 397 397
499 397 397
500 397 397
501 397 397
502 397 397
503 397 397
504 397 397
505 397 397
506 397 397
507 397 397
508 397 397
509 397 397
510 397 397
511 397 397
512 397 397
513 397 397
514 397 397
515 397 397
516 397 397
517 397 397
518 397 397
519 397 397
520 397 397
521 397 397
522 397 397
523 397 397
524 397 397
525 397 397
526 397 397
527 397 397
528 397 397
529 397 397
530 397 397
531 397 397
532 397 397
533 397 397
534 397 397
535 397 397
536 397 397
537 397 397
538 397 397
539 397 397
540 397 397
541 397 397
542 397 397
543 397 397
544 397 397
545 397 397
546 397 397
547 397 397
548 397 397
549 397 397
550 397 397
551 397 397
552 397 397
553 397 397
554 397 397
555 397 397
556 397 397
557 397 397
558 397 397
559 397 397
560 397 397
561 397 397
562 397 397
563 397 397
564 397 397
565 397 397
566 397 397
567 397 397
568 397 397
569 397 397
570 397 397
571 397 397
572 397 397
573 397 397
574 397 397
575 397 397
576 397 397
577 397 397
578 397 397
579 397 397
580 397 397
581 397 397
582 397 397
583 397 397
584 397 397
585 397 397
586 397 397
587 397 397
588 397 397
589 397 397
590 397 397
591 397 397
592 397 397
593 397 397
594 397 397
595 397 397
596 397 397
597 397 397
598 397 397
599 397 397
600 397 397
601 397 397
602 397 397
603 397 397
604 397 397
605 397 397
606 397 397
607 397 397
608 397 397
609 397 397
610 397 397
611 397 397
612 397 397
613 397 397
614 397 397
615 397 397
616 397 397
617 397 397
618 397 397
619 397 397
620 397 397
621 397 397
622 397 397
623 397 397
624 397 397
625 397 397
626 397 397
627 397 397
628 397 397
629 397 397
630 397 397
631 397 397
632 397 397
633 397 397
634 397 397
635 397 397
636 397 397
637 397 397
638 397 397
639 397 397
640 397 397
641 397 397
642 397 397
643 397 397
644 397 397
645 397 397
646 397 397
647 397 397
648 397 397
649 397 397
650 397 397
651 397 397
652 397 397
653 397 397
654 397 397
655 397 397
656 397 397
657 397 397
658 397 397
659 397 397
660 397 397
661 397 397
662 397 397
663 397 397
664 397 397
665 397 397
666 397 397
667 397 397
668 397 397
669 397 397
670 397 397
671 397 397
672 397 397
673 397 397
674 397 397
675 397 397
676 397 397
677 397 397
678 397 397
679 397 397
680 397 397
681 397 397
682 397 397
683 397 397
684 397 397
685 397 397
686 397 397
687 397 397
688 397 397
689 397 397
690 397 397
691 397 397
692 397 397
693 397 397
694 397 397
695 397 397
696 397 397
697 397 397
698 397 397
699 397 397
700 397 397
701 397 397
702 397 397
703 397 397
704 397 397
705 397 397
706 397 397
707 397 397
708 397 397
709 397 397
710 397 397
711 397 397
712 397 397
713 397 397
714 397 397
715 397 397
716 397 397
717 397 397
718 397 397
719 397 397
720 397 397
721 397 397
722 397 397
723 397 397
724 397 397
725 397 397
726 397 397
727 397 397
728 397 397
729 397 397
730 397 397
731 397 397
732 397 397
733 397 397
734 397 397
735 397 397
736 397 397
737 397 397
738 397 397
739 397 397
740 397 397
741 397 397
742 397 397
743 397 397
744 397 397
745 397 397
746 397 397
747 397 397
748 397 397
749 397 397
750 397 397
751 397 397
752 397 397
753 397 397
754 397 397
755 397 397
756 397 397
757 397 397
758 397 397
759 397 397
760 397 397
761 397 397
762 397 397
763 397 397
764 397 397
765 397 397
766 397 397
767 397 397
768 397 397
769 397 397
770 397 397
771 397 397
772 397 397
773 397 397
774 397 397
775 397 397
776 397 397
777 397 397
778 397 397
779 397 397
780 397 397
781 397 397
782 397 397
783 397 397
784 397 397
785 397 397
786 397 397
787 397 397
788 397 397
789 397 397
790 397 397
791 397 397
792 397 397
793 397 397
794 397 397
795 397 397
796 397 397
797 397 397
798 397 397
799 397 397
800 397 397
801 397 397
802 397 397
803 397 397
804 397 397
805 397 397
806 397 397
807 397 397
808 397 397
809 397 397
810 397 397
811 397 397
812 397 397
813 397 397
814 397 397
815 397 397
816 397 397
817 397 397
818 397 397
819 397 397
820 397 397
821 397 397
822 397 397
823 397 397
824 397 397
825 397 397
826 397 397
827 397 397
828 397 397
829 397 397
830 397 397
831 397 397
832 397 397
833 397 397
834 397 397
835 397 397
836 397 397
837 397 397
838 397 397
839 397 397
840 397 397
841 397 397
842 397 397
843 397 397
844 397 397
845 397 397
846 397 397
847 397 397
848 397 397
849 397 397
850 397 397
851 397 397
852 397 397
853 397 397
854 397 397
855 397 397
856 397 397
857 397 397
858 397 397
859 397 397
860 397 397
861 397 397
862 397 397
863 397 397
864 397 397
865 397 397
866 397 397
867 397 397
868 397 397
869 397 397
870 397 397
871 397 397
872 397 397
873 397 397
874 397 397
875 397 397
876 397 397
877 397 397
878 397 397
879 397 397
880 397 397
881 397 397
882 397 397
883 397 397
884 397 397
885 397 397
886 397 397
887 397 397
888 397 397
889 397 397
890 397 397
891 397 397
892 397 397
893 397 397
894 397 397
895 397 397
896 397 397
897 397 397
898 397 397
899 397 397
900 397 397
901 397 397
902 397 397
903 397 397
904 397 397
905 397 397
906 397 397
907 397 397
908 397 397
909 397 397
910 397 397
911 397 397
912 397 397
913 397 397
914 397 397
915 397 397
916 397 397
917 397 397
918 397 397
919 397 397
920 397 397
921 397 397
922 397 397
923 397 397
924 397 397
925 397 397
926 397 397
927 397 397
928 397 397
929 397 397
930 397 397
931 397 397
932 397 397
933 397 397
934 397 397
935 397 397
936 397 397
937 397 397
938 397 397
939 397 397
940 397 397
941 397 397
942 397 397
943 397 397
944 397 397
945 397 397
946 397 397
947 397 397
948 397 397
949 397 397
950 397 397
951 397 397
952 397 397
953 397 397
954 397 397
955 397 397
956 397 397
957 397 397
958 397 397
959 397 397
960 397 397
961 397 397
962 397 397
963 397 397
964 397 397
965 397 397
966 397 397
967 397 397
968 397 397
969 397 397
970 397 397
971 397 397
972 397 397
973 397 397
974 397 397
975 397 397
976 397 397
977 397 397
978 397 397
979 397 397
980 397 397
981 397 397
982 397 397
983 397 397
984 397 397
985 397 397
986 397 397
987 397 397
988 397 397
989 397 397
990 397 397
991 397 397
992 397 397
993 397 397
994 397 397
995 397 397
996 397 397
997 397 397
998 397 397
999 397 397
1000 397 397
1001 397 397
1002 397 397
1003 397 397
1004 397 397
1005 397 397
1006 397 397
1007 397 397
1008 397 397
1009 397 397
1010 397 397
1011 397 397
1012 397 397
1013 397 397
1014 397 397
1015 397 397
1016 397 397
1017 397 397
1018 397 397
1019 397 397
1020 397 397
1021 397 397
1022 397 397
1023 397 397
1024 397 397
1025 397 397
1026 397 397
1027 397 397
1028 397 397
1029 397 397
1030 397 397
1031 397 397
1032 397 397
1033 397 397
1034 397 397
1035 397 397
1036 397 397
1037 397 397
1038 397 397
1039 397 397
1040 397 397
1041 397 397
1042 397 397
1043 397 397
1044 397 397
1045 397 397
1046 397 397
1047 397 397
1048 397 397
1049 397 397
1050 397 397
1051 397 397
1052 397 397
1053 397 397
1054 397 397
1055 397 397
1056 397 397
1057 397 397
1058 397 397
1059 397 397
1060 397 397
1061 397 397
1062 397 397
1063 397 397
1064 397 397
1065 397 397
1066 397 397
1067 397 397
1068 397 397
1069 397 397
1070 397 397
1071 397 397
1072 397 397
1073 397 397
1074 397 397
1075 397 397
1076 397 397
1077 397 397
1078 397 397
1079 397 397
1080 397 397
1081 397 397
1082 397 397
1083 397 397
1084 397 397
1085 397 397
1086 397 397
1087 397 397
1088 397 397
1089 397 397
1090 397 397
1091 397 397
1092 397 397
1093 397 397
1094 397 397
1095 397 397
1096 397 397
1097 397 397
1098 397 397
1099 397 397
1100 397 397
1101 397 397
1102 397 397
1103 397 397
1104 397 397
1105 397 397
1106 397 397
1107 397 397
1108 397 397
1109 397 397
1110 397 397
1111 397 397
1112 397 397
1113 397 397
1114 397 397
1115 397 397
1116 397 397
1117 397 397
1118 397 397
1119 397 397
1120 397 397
1121 397 397
1122 397 397
1123 397 397
1124 397 397
1125 397 397
1126 397 397
1127 397 397
1128 397 397
1129 397 397
1130 397 397
1131 397 397
1132 397 397
1133 397 397
1134 397 397
1135 397 397
1136 397 397
1137 397 397
1138 397 397
1139 397 397
1140 397 397
1141 397 397
1142 397 397
1143 397 397
1144 397 397
1145 397 397
1146 397 397
1147 397 397
1148 397 397
1149 397 397
1150 397 397
1151 397 397
1152 397 397
1153 397 397
1154 397 397
1155 397 397
1156 397 397
1157 397 397
1158 397 397
1159 397 397
1160 397 397
1161 397 397
1162 397 397
1163 397 397
1164 397 397
1165 397 397
1166 397 397
1167 397 397
1168 397 397
1169 397 397
1170 397 397
1171 397 397
1172 397 397
1173 397 397
1174 397 397
1175 397 397
1176 397 397
1177 397 397
1178 397 397
1179 397 397
1180 397 397
1181 397 397
1182 397 397
1183 397 397
1184 397 397
1185 397 397
1186 397 397
1187 397 397
1188 397 397
1189 397 397
1190 397 397
1191 397 397
1192 397 397
1193 397 397
1194 397 397
1195 397 397
1196 397 397
1197 397 397
1198 397 397
1199 397 397
1200 397 397
1201 397 397
1202 397 397
1203 397 397
1204 397 397
1205 397 397
1206 397 397
1207 397 397
1208 397 397
1209 397 397
1210 397 397
1211 397 397
1212 397 397
1213 397 397
1214 397 397
1215 397 397
1216 397 397
1217 397 397
1218 397 397
1219 397 397
1220 397 397
1221 397 397
1222 397 397
1223 397 397
1224 397 397
1225 397 397
1226 397 397
1227 397 397
1228 397 397
1229 397 397
1230 397 397
1231 397 397
1232 397 397
1233 397 397
1234 397 397
1235 397 397
1236 397 397
1237 397 397
1238 397 397
1239 397 397
1240 397 397
1241 397 397
1242 397 397
1243 397 397
1244 397 397
1245 397 397
1246 397 397
1247 397 397
1248 397 397
1249 397 397
1250 397 397
1251 397 397
1252 397 397
1253 397 397
1254 397 397
1255 397 397
1256 397 397
1257 397 397
1258 397 397
1259 397 397
1260 397 397
1261 397 397
1262 397 397
1263 397 397
1264 397 397
1265 397 397
1266 397 397
1267 397 397
1268 397 397
1269 397 397
1270 397 397
1271 397 397
1272 397 397
1273 397 397
1274 397 397
1275 397 397
1276 397 397
1277 397 397
1278 397 397
1279 397 397
1280 397 397
1281 397 397
1282 397 397
1283 397 397
1284 397 397
1285 397 397
1286 397 397
1287 397 397
1288 397 397
1289 397 397
1290 397 397
1291 397 397
1292 397 397
1293 397 397
1294 397 397
1295 397 397
1296 397 397
1297 397 397
1298 397 397
1299 397 397
1300 397 397
1301 397 397
1302 397 397
1303 397 397
1304 397 397
1305 397 397
1306 397 397
1307 397 397
1308 397 397
1309 397 397
1310 397 397
1311 397 397
1312 397 397
1313 397 397
1314 397 397
1315 397 397
1316 397 397
1317 397 397
1318 397 397
1319 397 397
1320 397 397
1321 397 397
1322 397 397
1323 397 397
1324 397 397
1325 397 397
1326 397 397
1327 397 397
1328 397 397
1329 397 397
1330 397 397
1331 397 397
1332 397 397
1333 397 397
1334 397 397
1335 397 397
1336 397 397
1337 397 397
1338 397 397
1339 397 397
1340 397 397
1341 397 397
1342 397 397
1343 397 397
1344 397 397
1345 397 397
1346 397 397
1347 397 397
1348 397 397
1349 397 397
1350 397 397
1351 397 397
1352 397 397
1353 397 397
1354 397 397
1355 397 397
1356 397 397
1357 397 397
1358 397 397
1359 397 397
1360 397 397
1361 397 397
1362 397 397
1363 397 397
1364 397 397
1365 397 397
1366 397 397
1367 397 397
1368 397 397
1369 397 397
1370 397 397
1371 397 397
1372 397 397
1373 397 397
1374 397 397
1375 397 397
1376 397 397
1377 397 397
1378 397 397
1379 397 397
1380 397 397
1381 397 397
1382 397 397
1383 397 397
1384 397 397
1385 397 397
1386 397 397
1387 397 397
1388 397 397
1389 397 397
1390 397 397
1391 397 397
1392 397 397
1393 397 397
1394 397 397
1395 397 397
1396 397 397
1397 397 397
1398 397 397
1399 397 397
1400 397 397
1401 397 397
1402 397 397
1403 397 397
1404 397 397
1405 397 397
1406 397 397
1407 397 397
1408 397 397
1409 397 397
1410 397 397
1411 397 397
1412 397 397
1413 397 397
1414 397 397
1415 397 397
1416 397 397
1417 397 397
1418 397 397
1419 397 397
1420 397 397
1421 397 397
1422 397 397
1423 397 397
1424 397 397
1425 397 397
1426 397 397
1427 397 397
1428 397 397
1429 397 397
1430 397 397
1431 397 397
1432 397 397
1433 397 397
1434 397 397
1435 397 397
1436 397 397
1437 397 397
1438 397 397
1439 397 397
1440 397 397
1441 397 397
1442 397 397
1443 397 397
1444 397 397
1445 397 397
1446 397 397
1447 397 397
1448 397 397
1449 397 397
1450 397 397
1451 397 397
1452 397 397
1453 397 397
1454 397 397
1455 397 397
1456 397 397
1457 397 397
1458 397 397
1459 397 397
1460 397 397
1461 397 397
1462 397 397
1463 397 397
1464 397 397
1465 397 397
1466 397 397
1467 397 397
1468 397 397
1469 397 397
1470 397 397
1471 397 397
1472 397 397
1473 397 397
1474 397 397
1475 397 397
1476 397 397
1477 397 397
1478 397 397
1479 397 397
1480 397 397
1481 397 397
1482 397 397
1483 397 397
1484 397 397
1485 397 397
1486 397 397
1487 397 397
1488 397 397
1489 397 397
1490 397 397
1491 397 397
1492 397 397
1493 397 397
1494 397 397
1495 397 397
1496 397 397
1497 397 397
1498 397 397
1499 397 397
1500 397 397
1501 397 397
1502 397 397
1503 397 397
1504 397 397
1505 397 397
1506 397 397
1507 397 397
1508 397 397
1509 397 397
1510 397 397
1511 397 397
1512 397 397
1513 397 397
1514 397 397
1515 397 397
1516 397 397
1517 397 397
1518 397 397
1519 397 397
1520 397 397
1521 397 397
1522 397 397
1523 397 397
1524 397 397
1525 397 397
1526 397 397
1527 397 397
1528 397 397
1529 397 397
1530 397 397
1531 397 397
1532 397 397
1533 397 397
1534 397 397
1535 397 397
1536 397 397
1537 397 397
1538 397 397
1539 397 397
1540 397 397
1541 397 397
1542 397 397
1543 397 397
1544 397 397
1545 397 397
1546 397 397
1547 397 397
1548 397 397
1549 397 397
1550 397 397
1551 397 397
1552 397 397
1553 397 397
1554 397 397
1555 397 397
1556 397 397
1557 397 397
1558 397 397
1559 397 397
1560 397 397
1561 397 397
1562 397 397
1563 397 397
1564 397 397
1565 397 397
1566 397 397
1567 397 397
1568 397 397
1569 397 397
1570 397 397
1571 397 397
1572 397 397
1573 397 397
1574 397 397
1575 397 397
1576 397 397
1577 397 397
1578 397 397
1579 397 397
1580 397 397
1581 397 397
1582 397 397
1583 397 397
1584 397 397
1585 397 397
1586 397 397
1587 397 397
1588 397 397
1589 397 397
1590 397 397
1591 397 397
1592 397 397
1593 397 397
1594 397 397
1595 397 397
1596 397 397
1597 397 397
1598 397 397
1599 397 397
1600 397 397
1601 397 397
1602 397 397
1603 397 397
1604 397 397
1605 397 397
1606 397 397
1607 397 397
1608 397 397
1609 397 397
1610 397 397
1611 397 397
1612 397 397
1613 397 397
1614 397 397
1615 397 397
1616 397 397
1617 397 397
1618 397 397
1619 397 397
1620 397 397
1621 397 397
1622 397 397
1623 397 397
1624 397 397
1625 397 397
1626 397 397
1627 397 397
1628 397 397
1629 397 397
1630 397 397
1631 397 397
1632 397 397
1633 397 397
1634 397 397
1635 397 397
1636 397 397
1637 397 397
1638 397 397
1639 397 397
1640 397 397
1641 397 397
1642 397 397
1643 397 397
1644 397 397
1645 397 397
1646 397 397
1647 397 397
1648 397 397
1649 397 397
1650 397 397
1651 397 397
1652 397 397
1653 397 397
1654 397 397
1655 397 397
1656 397 397
1657 397 397
1658 397 397
1659 397 397
1660 397 397
1661 397 397
1662 397 397
1663 397 397
1664 397 397
1665 397 397
1666 397 397
1667 397 397
1668 397 397
1669 397 397
1670 397 397
1671 397 397
1672 397 397
1673 397 397
1674 397 397
1675 397 397
1676 397 397
1677 397 397
1678 397 397
1679 397 397
1680 397 397
1681 397 397
1682 397 397
1683 397 397
1684 397 397
1685 397 397
1686 397 397
1687 397 397
1688 397 397
1689 397 397
1690 397 397
1691 397 397
1692 397 397
1693 397 397
1694 397 397
1695 397 397
1696 397 397
1697 397 397
1698 397 397
1699 397 397
1700 397 397
1701 397 397
1702 397 397
1703 397 397
1704 397 397
1705 397 397
1706 397 397
1707 397 397
1708 397 397
1709 397 397
1710 397 397
1711 397 397
1712 397 397
1713 397 397
1714 397 397
1715 397 397
1716 397 397
1717 397 397
1718 397 397
1719 397 397
1720 397 397
1721 397 397
1722 397 397
1723 397 397
1724 397 397
1725 397 397
1726 397 397
1727 397 397
1728 397 397
1729 397 397
1730 397 397
1731 397 397
1732 397 397
1733 397 397
1734 397 397
1735 397 397
1736 397 397
1737 397 397
1738 397 397
1739 397 397
1740 397 397
1741 397 397
1742 397 397
1743 397 397
1744 397 397
1745 397 397
1746 397 397
1747 397 397
1748 397 397
1749 397 397
1750 397 397
1751 397 397
1752 397 397
1753 397 397
1754 397 397
1755 397 397
1756 397 397
1757 397 397
1758 397 397
1759 397 397
1760 397 397
1761 397 397
1762 397 397
1763 397 397
1764 397 397
1765 397 397
1766 397 397
1767 397 397
1768 397 397
1769 397 397
1770 397 397
1771 397 397
1772 397 397
1773 397 397
1774 397 397
1775 397 397
1776 397 397
1777 397 397
1778 397 397
1779 397 397
1780 397 397
1781 397 397
1782 397 397
1783 397 397
1784 397 397
1785 397 397
1786 397 397
1787 397 397
1788 397 397
1789 397 397
1790 397 397
1791 397 397
1792 397 397
1793 397 397
1794 397 397
1795 397 397
1796 397 397
1797 397 397
1798 397 397
1799 397 397
1800 397 397
1801 397 397
1802 397 397
1803 397 397
1804 397 397
1805 397 397
1806 397 397
1807 397 397
1808 397 397
1809 397 397
1810 397 397
1811 397 397
1812 397 397
1813 397 397
1814 397 397
1815 397 397
1816 397 397
1817 397 397
1818 397 397
1819 397 397
1820 397 397
1821 397 397
1822 397 397
1823 397 397
1824 397 397
1825 397 397
1826 397 397
1827 397 397
1828 397 397
1829 397 397
1830 397 397
1831 397 397
1832 397 397
1833 397 397
1834 397 397
1835 397 397
1836 397 397
1837 397 397
1838 397 397
1839 397 397
1840 397 397
1841 397 397
1842 397 397
1843 397 397
1844 397 397
1845 397 397
1846 397 397
1847 397 397
1848 397 397
1849 397 397
1850 397 397
1851 397 397
1852 397 397
1853 397 397
1854 397 397
1855 397 397
1856 397 397
1857 397 397
1858 397 397
1859 397 397
1860 397 397
1861 397 397
1862 397 397
1863 397 397
1864 397 397
1865 397 397
1866 397 397
1867 397 397
1868 397 397
1869 397 397
1870 397 397
1871 397 397
1872 397 397
1873 397 397
1874 397 397
1875 397 397
1876 397 397
1877 397 397
1878 397 397
1879 397 397
1880 397 397
1881 397 397
1882 397 397
1883 397 397
1884 397 397
1885 397 397
1886 397 397
1887 397 397
1888 397 397
1889 397 397
1890 397 397
1891 397 397
1892 397 397
1893 397 397
1894 397 397
1895 397 397
1896 397 397
1897 397 397
1898 397 397
1899 397 397
1900 397 397
1901 397 397
1902 397 397
1903 397 397
1904 397 397
1905 397 397
1906 397 397
1907 397 397
1908 397 397
1909 397 397
1910 397 397
1911 397 397
1912 397 397
1913 397 397
1914 397 397
1915 397 397
1916 397 397
1917 397 397
1918 397 397
1919 397 397
1920 397 397
1921 397 397
1922 397 397
1923 397 397
1924 397 397
1925 397 397
1926 397 397
1927 397 397
1928 397 397
1929 397 397
1930 397 397
1931 397 397
1932 397 397
1933 397 397
1934 397 397
1935 397 397
1936 397 397
1937 397 397
1938 397 397
1939 397 397
1940 397 397
1941 397 397
1942 397 397
1943 397 397
1944 397 397
1945 397 397
1946 397 397
1947 397 397
1948 397 397
1949 397 397
1950 397 397
1951 397 397
1952 397 397
1953 397 397
1954 397 397
1955 397 397
1956 397 397
1957 397 397
1958 397 397
1959 397 397
1960 397 397
1961 397 397
1962 397 397
1963 397 397
1964 397 397
1965 397 397
1966 397 397
1967 397 397
1968 397 397
1969 397 397
1970 397 397
1971 397 397
1972 397 397
1973 397 397
1974 397 397
1975 397 397
1976 397 397
1977 397 397
1978 397 397
1979 397 397
1980 397 397
1981 397 397
1982 397 397
1983 397 397
1984 397 397
1985 397 397
1986 397 397
1987 397 397
1988 397 397
1989 397 397
1990 397 397
1991 397 397
1992 397 397
1993 397 397
1994 397 397
1995 397 397
1996 397 397
1997 397 397
1998 397 397
1999 397 397
2000 397 397
2001 397 397
2002 397 397
2003 397 397
2004 397 397
2005 397 397
2006 397 397
2007 397 397
2008 397 397
2009 397 397
2010 397 397
2011 397 397
2012 397 397
2013 397 397
2014 397 397
2015 397 397
2016 397 397
2017 397 397
2018 397 397
2019 397 397
2020 397 397
2021 397 397
2022 397 397
2023 397 397
2024 397 397
2025 397 397
2026 397 397
2027 397 397
2028 397 397
2029 397 397
2030 397 397
2031 397 397
2032 397 397
2033 397 397
2034 397 397
2035 397 397
2036 397 397
2037 397 397
2038 397 397
2039 397 397
2040 397 397
2041 397 397
2042 397 397
2043 397 397
2044 397 397
2045 397 397
2046 397 397
2047 397 397
2048 397 397
2049 397 397
2050 397 397
2051 397 397
2052 397 397
2053 397 397
2054 397 397
2055 397 397
2056 397 397
2057 397 397
2058 397 397
2059 397 397
2060 397 397
2061 397 397
2062 397 397
2063 397 397
2064 397 397
2065 397 397
2066 397 397
2067 397 397
2068 397 397
2069 397 397
2070 397 397
2071 397 397
2072 397 397
2073 397 397
2074 397 397
2075 397 397
2076 397 397
2077 397 397
2078 397 397
2079 397 397
2080 397 397
2081 397 397
2082 397 397
2083 397 397
2084 397 397
2085 397 397
2086 397 397
2087 397 397
2088 397 397
2089 397 397
2090 397 397
2091 397 397
2092 397 397
2093 397 397
2094 397 397
2095 397 397
2096 397 397
2097 397 397
2098 397 397
2099 397 397
2100 397 397
2101 397 397
2102 397 397
2103 397 397
2104 397 397
2105 397 397
2106 397 397
2107 397 397
2108 397 397
2109 397 397
2110 397 397
2111 397 397
2112 397 397
2113 397 397
2114 397 397
2115 397 397
2116 397 397
2117 397 397
2118 397 397
2119 397 397
2120 397 397
2121 397 397
2122 397 397
2123 397 397
2124 397 397
2125 397 397
2126 397 397
2127 397 397
2128 397 397
2129 397 397
2130 397 397
2131 397 397
2132 397 397
2133 397 397
2134 397 397
2135 397 397
2136 397 397
2137 397 397
2138 397 397
2139 397 397
2140 397 397
2141 397 397
2142 397 397
2143 397 397
2144 397 397
2145 397 397
2146 397 397
2147 397 397
2148 397 397
2149 397 397
2150 397 397
2151 397 397
2152 397 397
2153 397 397
2154 397 397
2155 397 397
2156 397 397
2157 397 397
2158 397 397
2159 397 397
2160 397 397
2161 397 397
2162 397 397
2163 397 397
2164 397 397
2165 397 397
2166 397 397
2167 397 397
2168 397 397
2169 397 397
2170 397 397
2171 397 397
2172 397 397
2173 397 397
2174 397 397
2175 397 397
2176 397 397
2177 397 397
2178 397 397
2179 397 397
2180 397 397
2181 397 397
2182 397 397
2183 397 397
2184 397 397
2185 397 397
2186 397 397
2187 397 397
2188 397 397
2189 397 397
2190 397 397
2191 397 397
2192 397 397
2193 397 397
2194 397 397
2195 397 397
2196 397 397
2197 397 397
2198 397 397
2199 397 397
2200 397 397
2201 397 397
2202 397 397
2203 397 397
2204 397 397
2205 397 397
2206 397 397
2207 397 397
2208 397 397
2209 397 397
2210 397 397
2211 397 397
2212 397 397
2213 397 397
2214 397 397
2215 397 397
2216 397 397
2217 397 397
2218 397 397
2219 397 397
2220 397 397
2221 397 397
2222 397 397
2223 397 397
2224 397 397
2225 397 397
2226 397 397
2227 397 397
2228 397 397
2229 397 397
2230 397 397
2231 397 397
2232 397 397
2233 397 397
2234 397 397
2235 397 397
2236 397 397
2237 397 397
2238 397 397
2239 397 397
2240 397 397
2241 397 397
2242 397 397
2243 397 397
2244 397 397
2245 397 397
2246 397 397
2247 397 397
2248 397 397
2249 397 397
2250 397 397
2251 397 397
2252 397 397
2253 397 397
2254 397 397
2255 397 397
2256 397 397
2257 397 397
2258 397 397
2259 397 397
2260 397 397
2261 397 397
2262 397 397
2263 397 397
2264 397 397
2265 397 397
2266 397 397
2267 397 397
2268 397 397
2269 397 397
2270 397 397
2271 397 397
2272 397 397
2273 397 397
2274 397 397
2275 397 397
2276 397 397
2277 397 397
2278 397 397
2279 397 397
2280 397 397
2281 397 397
2282 397 397
2283 397 397
2284 397 397
2285 397 397
2286 397 397
2287 397 397
2288 397 397
2289 397 397
2290 397 397
2291 397 397
2292 397 397
2293 397 397
2294 397 397
2295 397 397
2296 397 397
2297 397 397
2298 397 397
2299 397 397
2300 397 397
2301 397 397
2302 397 397
2303 397 397
2304 397 397
2305 397 397
2306 397 397
2307 397 397
2308 397 397
2309 397 397
2310 397 397
2311 397 397
2312 397 397
2313 397 397
2314 397 397
2315 397 397
2316 397 397
2317 397 397
2318 397 397
2319 397 397
2320 397 397
2321 397 397
2322 397 397
2323 397 397
2324 397 397
2325 397 397
2326 397 397
2327 397 397
2328 397 397
2329 397 397
2330 397 397
2331 397 397
2332 397 397
2333 397 397
2334 397 397
2335 397 397
2336 397 397
2337 397 397
2338 397 397
2339 397 397
2340 397 397
2341 397 397
2342 397 397
2343 397 397
2344 397 397
2345 397 397
2346 397 397
2347 397 397
2348 397 397
2349 397 397
2350 397 397
2351 397 397
2352 397 397
2353 397 397
2354 397 397
2355 397 397
2356 397 397
2357 397 397
2358 397 397
2359 397 397
2360 397 397
2361 397 397
2362 397 397
2363 397 397
2364 397 397
2365 397 397
2366 397 397
2367 397 397
2368 397 397
2369 397 397
2370 397 397
2371 397 397
2372 397 397
2373 397 397
2374 397 397
2375 397 397
2376 397 397
2377 397 397
2378 397 397
2379 397 397
2380 397 397
2381 397 397
2382 397 397
2383 397 397
2384 397 397
2385 397 397
2386 397 397
2387 397 397
2388 397 397
2389 397 397
2390 397 397
2391 397 397
2392 397 397
2393 397 397
2394 397 397
2395 397 397
2396 397 397
2397 397 397
2398 397 397
2399 397 397
2400 397 397
2401 397 397
2402 397 397
2403 397 397
2404 397 397
2405 397 397
2406 397 397
2407 397 397
2408 397 397
2409 397 397
2410 397 397
2411 397 397
2412 397 397
2413 397 397
2414 397 397
2415 397 397
2416 397 397
2417 397 397
2418 397 397
2419 397 397
2420 397 397
2421 397 397
2422 397 397
2423 397 397
2424 397 397
2425 397 397
2426 397 397
2427 397 397
2428 397 397
2429 397 397
2430 397 397
2431 397 397
2432 397 397
2433 397 397
2434 397 397
2435 397 397
2436 397 397
2437 397 397
2438 397 397
2439 397 397
2440 397 397
2441 397 397
2442 397 397
2443 397 397
2444 397 397
2445 397 397
2446 397 397
2447 397 397
2448 397 397
2449 397 397
2450 397 397
2451 397 397
2452 397 397
2453 397 397
2454 397 397
2455 397 397
2456 397 397
2457 397 397
2458 397 397
2459 397 397
2460 397 397
2461 397 397
2462 397 397
2463 397 397
2464 397 397
2465 397 397
2466 397 397
2467 397 397
2468 397 397
2469 397 397
2470 397 397
2471 397 397
2472 397 397
2473 397 397
2474 397 397
2475 397 397
2476 397 397
2477 397 397
2478 397 397
2479 397 397
2480 397 397
2481 397 397
2482 397 397
2483 397 397
2484 397 397
2485 397 397
2486 397 397
2487 397 397
2488 397 397
2489 397 397
2490 397 397
2491 397 397
2492 397 397
2493 397 397
2494 397 397
2495 397 397
2496 397 397
2497 397 397
2498 397 397
2499 397 397
2500 397 397
2501 397 397
2502 397 397
2503 397 397
2504 397 397
2505 397 397
2506 397 397
2507 397 397
2508 397 397
2509 397 397
2510 397 397
2511 397 397
2512 397 397
2513 397 397
2514 397 397
2515 397 397
2516 397 397
2517 397 397
2518 397 397
2519 397 397
2520 397 397
2521 397 397
2522 397 397
2523 397 397
2524 397 397
2525 397 397
2526 397 397
2527 397 397
2528 397 397
2529 397 397
2530 397 397
2531 397 397
2532 397 397
2533 397 397
2534 397 397
2535 397 397
2536 397 397
2537 397 397
2538 397 397
2539 397 397
2540 397 397
2541 397 397
2542 397 397
2543 397 397
2544 397 397
2545 397 397
2546 397 397
2547 397 397
2548 397 397
2549 397 397
2550 397 397
2551 397 397
2552 397 397
2553 397 397
2554 397 397
2555 397 397
2556 397 397
2557 397 397
2558 397 397
2559 397 397
2560 397 397
2561 397 397
2562 397 397
2563 397 397
2564 397 397
2565 397 397
2566 397 397
2567 397 397
2568 397 397
2569 397 397
2570 397 397
2571 397 397
2572 397 397
2573 397 397
2574 397 397
2575 397 397
2576 397 397
2577 397 397
2578 397 397
2579 397 397
2580 397 397
2581 397 397
2582 397 397
2583 397 397
2584 397 397
2585 397 397
2586 397 397
2587 397 397
2588 397 397
2589 397 397
2590 397 397
2591 397 397
2592 397 397
2593 397 397
2594 397 397
2595 397 397
2596 397 397
2597 397 397
2598 397 397
2599 397 397
2600 397 397
2601 397 397
2602 397 397
2603 397 397
2604 397 397
2605 397 397
2606 397 397
2607 397 397
2608 397 397
2609 397 397
2610 397 397
2611 397 397
2612 397 397
2613 397 397
2614 397 397
2615 397 397
2616 397 397
2617 397 397
2618 397 397
2619 397 397
2620 397 397
2621 397 397
2622 397 397
2623 397 397
2624 397 397
2625 397 397
2626 397 397
2627 397 397
2628 397 397
2629 397 397
2630 397 397
2631 397 397
2632 397 397
2633 397 397
2634 397 397
2635 397 397
2636 397 397
2637 397 397
2638 397 397
2639 397 397
2640 397 397
2641 397 397
2642 397 397
2643 397 397
2644 397 397
2645 397 397
2646 397 397
2647 397 397
2648 397 397
2649 397 397
2650 397 397
2651 397 397
2652 397 397
2653 397 397
2654 397 397
2655 397 397
2656 397 397
2657 397 397
2658 397 397
2659 397 397
2660 397 397
2661 397 397
2662 397 397
2663 397 397
2664 397 397
2665 397 397
2666 397 397
2667 397 397
2668 397 397
2669 397 397
2670 397 397
2671 397 397
2672 397 397
2673 397 397
2674 397 397
2675 397 397
2676 397 397
2677 397 397
2678 397 397
2679 397 397
2680 397 397
2681 397 397
2682 397 397
2683 397 397
2684 397 397
2685 397 397
2686 397 397
2687 397 397
2688 397 397
2689 397 397
2690 397 397
2691 397 397
2692 397 397
2693 397 397
2694 397 397
2695 397 397
2696 397 397
2697 397 397
2698 397 397
2699 397 397
2700 397 397
2701 397 397
2702 397 397
2703 397 397
2704 397 397
2705 397 397
2706 397 397
2707 397 397
2708 397 397
2709 397 397
2710 397 397
2711 397 397
2712 397 397
2713 397 397
2714 397 397
2715 397 397
2716 397 397
2717 397 397
2718 397 397
2719 397 397
2720 397 397
2721 397 397
2722 397 397
2723 397 397
2724 397 397
2725 397 397
2726 397 397
2727 397 397
2728 397 397
2729 397 397
2730 397 397
2731 397 397
2732 397 397
2733 397 397
2734 397 397
2735 397 397
2736 397 397
2737 397 397
2738 397 397
2739 397 397
2740 397 397
2741 397 397
2742 397 397
2743 397 397
2744 397 397
2745 397 397
2746 397 397
2747 397 397
2748 397 397
2749 397 397
2750 397 397
2751 397 397
2752 397 397
2753 397 397
2754 397 397
2755 397 397
2756 397 397
2757 397 397
2758 397 397
2759 397 397
2760 397 397
2761 397 397
2762 397 397
2763 397 397
2764 397 397
2765 397 397
2766 397 397
2767 397 397
2768 397 397
2769 397 397
2770 397 397
2771 397 397
2772 397 397
2773 397 397
2774 397 397
2775 397 397
2776 397 397
2777 397 397
2778 397 397
2779 397 397
2780 397 397
2781 397 397
2782 397 397
2783 397 397
2784 397 397
2785 397 397
2786 397 397
2787 397 397
2788 397 397
2789 397 397
2790 397 397
2791 397 397
2792 397 397
2793 397 397
2794 397 397
2795 397 397
2796 397 397
2797 397 397
2798 397 397
2799 397 397
2800 397 397
2801 397 397
2802 397 397
2803 397 397
2804 397 397
2805 397 397
2806 397 397
2807 397 397
2808 397 397
2809 397 397
2810 397 397
2811 397 397
2812 397 397
2813 397 397
2814 397 397
2815 397 397
2816 397 397
2817 397 397
2818 397 397
2819 397 397
2820 397 397
2821 397 397
2822 397 397
2823 397 397
2824 397 397
2825 397 397
2826 397 397
2827 397 397
2828 397 397
2829 397 397
2830 397 397
2831 397 397
2832 397 397
2833 397 397
2834 397 397
2835 397 397
2836 397 397
2837 397 397
2838 397 397
2839 397 397
2840 397 397
2841 397 397
2842 397 397
2843 397 397
2844 397 397
2845 397 397
2846 397 397
2847 397 397
2848 397 397
2849 397 397
2850 397 397
2851 397 397
2852 397 397
2853 397 397
2854 397 397
2855 397 397
2856 397 397
2857 397 397
2858 397 397
2859 397 397
2860 397 397
2861 397 397
2862 397 397
2863 397 397
2864 397 397
2865 397 397
2866 397 397
2867 397 397
2868 397 397
2869 397 397
2870 397 397
2871 397 397
2872 397 397
2873 397 397
2874 397 397
2875 397 397
2876 397 397
2877 397 397
2878 397 397
2879 397 397
2880 397 397
2881 397 397
2882 397 397
2883 397 397
2884 397 397
2885 397 397
2886 397 397
2887 397 397
2888 397 397
2889 397 397
2890 397 397
2891 397 397
2892 397 397
2893 397 397
2894 397 397
2895 397 397
2896 397 397
2897 397 397
2898 397 397
2899 397 397
2900 397 397
2901 397 397
2902 397 397
2903 397 397
2904 397 397
2905 397 397
2906 397 397
2907 397 397
2908 397 397
2909 397 397
2910 397 397
2911 397 397
2912 397 397
2913 397 397
2914 397 397
2915 397 397
2916 397 397
2917 397 397
2918 397 397
2919 397 397
2920 397 397
2921 397 397
2922 397 397
2923 397 397
2924 397 397
2925 397 397
2926 397 397
2927 397 397
2928 397 397
2929 397 397
2930 397 397
2931 397 397
2932 397 397
2933 397 397
2934 397 397
2935 397 397
2936 397 397
2937 397 397
2938 397 397
2939 397 397
2940 397 397
2941 397 397
2942 397 397
2943 397 397
2944 397 397
2945 397 397
2946 397 397
2947 397 397
2948 397 397
2949 397 397
2950 397 397
2951 397 397
2952 397 397
2953 397 397
2954 397 397
2955 397 397
2956 397 397
2957 397 397
2958 397 397
2959 397 397
2960 397 397
2961 397 397
2962 397 397
2963 397 397
2964 397 397
2965 397 397
2966 397 397
2967 397 397
2968 397 397
2969 397 397
2970 397 397
2971 397 397
2972 397 397
2973 397 397
2974 397 397
2975 397 397
2976 397 397
2977 397 397
2978 397 397
2979 397 397
2980 397 397
2981 397 397
2982 397 397
2983 397 397
2984 397 397
2985 397 397
2986 397 397
2987 397 397
2988 397 397
2989 397 397
2990 397 397
2991 397 397
2992 397 397
2993 397 397
2994 397 397
2995 397 397
2996 397 397
2997 397 397
2998 397 397
2999 397 397
3000 397 397
3001 397 397
3002 397 397
3003 397 397
3004 397 397
3005 397 397
3006 397 397
3007 397 397
3008 397 397
3009 397 397
3010 397 397
3011 397 397
3012 397 397
3013 397 397
3014 397 397
3015 397 397
3016 397 397
3017 397 397
3018 397 397
3019 397 397
3020 397 397
3021 397 397
3022 397 397
3023 397 397
3024 397 397
3025 397 397
3026 397 397
3027 397 397
3028 397 397
3029 397 397
3030 397 397
3031 397 397
3032 397 397
3033 397 397
3034 397 397
3035 397 397
3036 397 397
3037 397 397
3038 397 397
3039 397 397
3040 397 397
3041 397 397
3042 397 397
3043 397 397
3044 397 397
3045 397 397
3046 397 397
3047 397 397
3048 397 397
3049 397 397
3050 397 397
3051 397 397
3052 397 397
3053 397 397
3054 397 397
3055 397 397
3056 397 397
3057 397 397
3058 397 397
3059 397 397
3060 397 397
3061 397 397
3062 397 397
3063 397 397
3064 397 397
3065 397 397
3066 397 397
3067 397 397
3068 397 397
3069 397 397
3070 397 397
3071 397 397
3072 397 397
3073 397 397
3074 397 397
3075 397 397
3076 397 397
3077 397 397
3078 397 397
3079 397 397
3080 397 397
3081 397 397
3082 397 397
3083 397 397
3084 397 397
3085 397 397
3086 397 397
3087 397 397
3088 397 397
3089 397 397
3090 397 397
3091 397 397
3092 397 397
3093 397 397
3094 397 397
3095 397 397
3096 397 397
3097 397 397
3098 397 397
3099 397 397
3100 397 397
3101 397 397
3102 397 397
3103 397 397
3104 397 397
3105 397 397
3106 397 397
3107 397 397
3108 397 397
3109 397 397
3110 397 397
3111 397 397
3112 397 397
3113 397 397
3114 397 397
3115 397 397
3116 397 397
3117 397 397
3118 397 397
3119 397 397
3120 397 397
3121 397 397
3122 397 397
3123 397 397
3124 397 397
3125 397 397
3126 397 397
3127 397 397
3128 397 397
3129 397 397
3130 397 397
3131 397 397
3132 397 397
3133 397 397
3134 397 397
3135 397 397
3136 397 397
3137 397 397
3138 397 397
3139 397 397
3140 397 397
3141 397 397
3142 397 397
3143 397 397
3144 397 397
3145 397 397
3146 397 397
3147 397 397
3148 397 397
3149 397 397
3150 397 397
3151 397 397
3152 397 397
3153 397 397
3154 397 397
3155 397 397
3156 397 397
3157 397 397
3158 397 397
3159 397 397
3160 397 397
3161 397 397
3162 397 397
3163 397 397
3164 397 397
3165 397 397
3166 397 397
3167 397 397
3168 397 397
3169 397 397
3170 397 397
3171 397 397
3172 397 397
3173 397 397
3174 397 397
3175 397 397
3176 397 397
3177 397 397
3178 397 397
3179 397 397
3180 397 397
3181 397 397
3182 397 397
3183 397 397
3184 397 397
3185 397 397
3186 397 397
3187 397 397
3188 397 397
3189 397 397
3190 397 397
3191 397 397
3192 397 397
3193 397 397
3194 397 397
3195 397 397
3196 397 397
3197 397 397
3198 397 397
3199 397 397
3200 397 397
3201 397 397
3202 397 397
3203 397 397
3204 397 397
3205 397 397
3206 397 397
3207 397 397
3208 397 397
3209 397 397
3210 397 397
3211 397 397
3212 397 397
3213 397 397
3214 397 397
3215 397 397
3216 397 397
3217 397 397
3218 397 397
3219 397 397
3220 397 397
3221 397 397
3222 397 397
3223 397 397
3224 397 397
3225 397 397
3226 397 397
3227 397 397
3228 397 397
3229 397 397
3230 397 397
3231 397 397
3232 397 397
3233 397 397
3234 397 397
3235 397 397
3236 397 397
3237 397 397
3238 397 397
3239 397 397
3240 397 397
3241 397 397
3242 397 397
3243 397 397
3244 397 397
3245 397 397
3246 397 397
3247 397 397
3248 397 397
3249 397 397
3250 397 397
3251 397 397
3252 397 397
3253 397 397
3254 397 397
3255 397 397
3256 397 397
3257 397 397
3258 397 397
3259 397 397
3260 397 397
3261 397 397
3262 397 397
3263 397 397
3264 397 397
3265 397 397
3266 397 397
3267 397 397
3268 397 397
3269 397 397
3270 397 397
3271 397 397
3272 397 397
3273 397 397
3274 397 397
3275 397 397
3276 397 397
3277 397 397
3278 397 397
3279 397 397
3280 397 397
3281 397 397
3282 397 397
3283 397 397
3284 397 397
3285 397 397
3286 397 397
3287 397 397
3288 397 397
3289 397 397
3290 397 397
3291 397 397
3292 397 397
3293 397 397
3294 397 397
3295 397 397
3296 397 397
3297 397 397
3298 397 397
3299 397 397
3300 397 397
3301 397 397
3302 397 397
3303 397 397
3304 397 397
3305 397 397
3306 397 397
3307 397 397
3308 397 397
3309 397 397
3310 397 397
3311 397 397
3312 397 397
3313 397 397
3314 397 397
3315 397 397
3316 397 397
3317 397 397
3318 397 397
3319 397 397
3320 397 397
3321 397 397
3322 397 397
3323 397 397
3324 397 397
3325 397 397
3326 397 397
3327 397 397
3328 397 397
3329 397 397
3330 397 397
3331 397 397
3332 397 397
3333 397 397
3334 397 397
3335 397 397
3336 397 397
3337 397 397
3338 397 397
3339 397 397
3340 397 397
3341 397 397
3342 397 397
3343 397 397
3344 397 397
3345 397 397
3346 397 397
3347 397 397
3348 397 397
3349 397 397
3350 397 397
3351 397 397
3352 397 397
3353 397 397
3354 397 397
3355 397 397
3356 397 397
3357 397 397
3358 397 397
3359 397 397
3360 397 397
3361 397 397
3362 397 397
3363 397 397
3364 397 397
3365 397 397
3366 397 397
3367 397 397
3368 397 397
3369 397 397
3370 397 397
3371 397 397
3372 397 397
3373 397 397
3374 397 397
3375 397 397
3376 397 397
3377 397 397
3378 397 397
3379 397 397
3380 397 397
3381 397 397
3382 397 397
3383 397 397
3384 397 397
3385 397 397
3386 397 397
3387 397 397
3388 397 397
3389 397 397
3390 397 397
3391 397 397
3392 397 397
3393 397 397
3394 397 397
3395 397 397
3396 397 397
3397 397 397
3398 397 397
3399 397 397
3400 397 397
3401 397 397
3402 397 397
3403 397 397
3404 397 397
3405 397 397
3406 397 397
3407 397 397
3408 397 397
3409 397 397
3410 397 397
3411 397 397
3412 397 397
3413 397 397
3414 397 397
3415 397 397
3416 397 397
3417 397 397
3418 397 397
3419 397 397
3420 397 397
3421 397 397
3422 397 397
3423 397 397
3424 397 397
3425 397 397
3426 397 397
3427 397 397
3428 397 397
3429 397 397
3430 397 397
3431 397 397
3432 397 397
3433 397 397
3434 397 397
3435 397 397
3436 397 397
3437 397 397
3438 397 397
3439 397 397
3440 397 397
3441 397 397
3442 397 397
3443 397 397
3444 397 397
3445 397 397
3446 397 397
3447 397 397
3448 397 397
3449 397 397
3450 397 397
3451 397 397
3452 397 397
3453 397 397
3454 397 397
3455 397 397
3456 397 397
3457 397 397
3458 397 397
3459 397 397
3460 397 397
3461 397 397
3462 397 397
3463 397 397
3464 397 397
3465 397 397
3466 397 397
3467 397 397
3468 397 397
3469 397 397
3470 397 397
3471 397 397
3472 397 397
3473 397 397
3474 397 397
3475 397 397
3476 397 397
3477 397 397
3478 397 397
3479 397 397
3480 397 397
3481 397 397
3482 397 397
3483 397 397
3484 397 397
3485 397 397
3486 397 397
3487 397 397
3488 397 397
3489 397 397
3490 397 397
3491 397 397
3492 397 397
3493 397 397
3494 397 397
3495 397 397
3496 397 397
3497 397 397
3498 397 397
3499 397 397
3500 397 397
3501 397 397
3502 397 397
3503 397 397
3504 397 397
3505 397 397
3506 397 397
3507 397 397
3508 397 397
3509 397 397
3510 397 397
3511 397 397
3512 397 397
3513 397 397
3514 397 397
3515 397 397
3516 397 397
3517 397 397
3518 397 397
3519 397 397
3520 397 397
3521 397 397
3522 397 397
3523 397 397
3524 397 397
3525 397 397
3526 397 397
3527 397 397
3528 397 397
3529 397 397
3530 397 397
3531 397 397
3532 397 397
3533 397 397
3534 397 397
3535 397 397
3536 397 397
3537 397 397
3538 397 397
3539 397 397
3540 397 397
3541 397 397
3542 397 397
3543 397 397
3544 397 397
3545 397 397
3546 397 397
3547 397 397
3548 397 397
3549 397 397
3550 397 397
3551 397 397
3552 397 397
3553 397 397
3554 397 397
3555 397 397
3556 397 397
3557 397 397
3558 397 397
3559 397 397
3560 397 397
3561 397 397
3562 397 397
3563 397 397
3564 397 397
3565 397 397
3566 397 397
3567 397 397
3568 397 397
3569 397 397
3570 397 397
3571 397 397
3572 397 397
3573 397 397
3574 397 397
3575 397 397
3576 397 397
3577 397 397
3578 397 397
3579 397 397
3580 397 397
3581 397 397
3582 397 397
3583 397 397
3584 397 397
3585 397 397
3586 397 397
3587 397 397
3588 397 397
3589 397 397
3590 397 397
3591 397 397
3592 397 397
3593 397 397
3594 397 397
3595 397 397
3596 397 397
3597 397 397
3598 397 397
3599 397 397
3600 397 397
3601 397 397
3602 397 397
3603 397 397
3604 397 397
3605 397 397
3606 397 397
3607 397 397
3608 397 397
3609 397 397
3610 397 397
3611 397 397
3612 397 397
3613 397 397
3614 397 397
3615 397 397
3616 397 397
3617 397 397
3618 397 397
3619 397 397
3620 397 397
3621 397 397
3622 397 397
3623 397 397
3624 397 397
3625 397 397
3626 397 397
3627 397 397
3628 397 397
3629 397 397
3630 397 397
3631 397 397
3632 397 397
3633 397 397
3634 397 397
3635 397 397
3636 397 397
3637 397 397
3638 397 397
3639 397 397
3640 397 397
3641 397 397
3642 397 397
3643 397 397
3644 397 397
3645 397 397
3646 397 397
3647 397 397
3648 397 397
3649 397 397
3650 397 397
3651 397 397
3652 397 397
3653 397 397
3654 397 397
3655 397 397
3656 397 397
3657 397 397
3658 397 397
3659 397 397
3660 397 397
3661 397 397
3662 397 397
3663 397 397
3664 397 397
3665 397 397
3666 397 397
3667 397 397
3668 397 397
3669 397 397
3670 397 397
3671 397 397
3672 397 397
3673 397 397
3674 397 397
3675 397 397
3676 397 397
3677 397 397
3678 397 397
3679 397 397
3680 397 397
3681 397 397
3682 397 397
3683 397 397
3684 397 397
3685 397 397
3686 397 397
3687 397 397
3688 397 397
3689 397 397
3690 397 397
3691 397 397
3692 397 397
3693 397 397
3694 397 397
3695 397 397
3696 397 397
3697 397 397
3698 397 397
3699 397 397
3700 397 397
3701 397 397
3702 397 397
3703 397 397
3704 397 397
3705 397 397
3706 397 397
3707 397 397
3708 397 397
3709 397 397
3710 397 397
3711 397 397
3712 397 397
3713 397 397
3714 397 397
3715 397 397
3716 397 397
3717 397 397
3718 397 397
3719 397 397
3720 397 397
3721 397 397
3722 397 397
3723 397 397
3724 397 397
3725 397 397
3726 397 397
3727 397 397
3728 397 397
3729 397 397
3730 397 397
3731 397 397
3732 397 397
3733 397 397
3734 397 397
3735 397 397
3736 397 397
3737 397 397
3738 397 397
3739 397 397
3740 397 397
3741 397 397
3742 397 397
3743 397 397
3744 397 397
3745 397 397
3746 397 397
3747 397 397
3748 397 397
3749 397 397
3750 397 397
3751 397 397
3752 397 397
3753 397 397
3754 397 397
3755 397 397
3756 397 397
3757 397 397
3758 397 397
3759 397 397
3760 397 397
3761 397 397
3762 397 397
3763 397 397
3764 397 397
3765 397 397
3766 397 397
3767 397 397
3768 397 397
3769 397 397
3770 397 397
3771 397 397
3772 397 397
3773 397 397
3774 397 397
3775 397 397
3776 397 397
3777 397 397
3778 397 397
3779 397 397
3780 397 397
3781 397 397
3782 397 397
3783 397 397
3784 397 397
3785 397 397
3786 397 397
3787 397 397
3788 397 397
3789 397 397
3790 397 397
3791 397 397
3792 397 397
3793 397 397
3794 397 397
3795 397 397
3796 397 397
3797 397 397
3798 397 397
3799 397 397
3800 397 397
3801 397 397
3802 397 397
3803 397 397
3804 397 397
3805 397 397
3806 397 397
3807 397 397
3808 397 397
3809 397 397
3810 397 397
3811 397 397
3812 397 397
3813 397 397
3814 397 397
3815 397 397
3816 397 397
3817 397 397
3818 397 397
3819 397 397
3820 397 397
3821 397 397
3822 397 397
3823 397 397
3824 397 397
3825 397 397
3826 397 397
3827 397 397
3828 397 397
3829 397 397
3830 397 397
3831 397 397
3832 397 397
3833 397 397
3834 397 397
3835 397 397
3836 397 397
3837 397 397
3838 397 397
3839 397 397
3840 397 397
3841 397 397
3842 397 397
3843 397 397
3844 397 397
3845 397 397
3846 397 397
3847 397 397
3848 397 397
3849 397 397
3850 397 397
3851 397 397
3852 397 397
3853 397 397
3854 397 397
3855 397 397
3856 397 397
3857 397 397
3858 397 397
3859 397 397
3860 397 397
3861 397 397
3862 397 397
3863 397 397
3864 397 397
3865 397 397
3866 397 397
3867 397 397
3868 397 397
3869 397 397
3870 397 397
3871 397 397
3872 397 397
3873 397 397
3874 397 397
3875 397 397
3876 397 397
3877 397 397
3878 397 397
3879 397 397
3880 397 397
3881 397 397
3882 397 397
3883 397 397
3884 397 397
3885 397 397
3886 397 397
3887 397 397
3888 397 397
3889 397 397
3890 397 397
3891 397 397
3892 397 397
3893 397 397
3894 397 397
3895 397 397
3896 397 397
3897 397 397
3898 397 397
3899 397 397
3900 397 397
3901 397 397
3902 397 397
3903 397 397
3904 397 397
3905 397 397
3906 397 397
3907 397 397
3908 397 397
3909 397 397
3910 397 397
3911 397 397
3912 397 397
3913 397 397
3914 397 397
3915 397 397
3916 397 397
3917 397 397
3918 397 397
3919 397 397
3920 397 397
3921 397 397
3922 397 397
3923 397 397
3924 397 397
3925 397 397
3926 397 397
3927 397 397
3928 397 397
3929 397 397
3930 397 397
3931 397 397
3932 397 397
3933 397 397
3934 397 397
3935 397 397
3936 397 397
3937 397 397
3938 397 397
3939 397 397
3940 397 397
3941 397 397
3942 397 397
3943 397 397
3944 397 397
3945 397 397
3946 397 397
3947 397 397
3948 397 397
3949 397 397
3950 397 397
3951 397 397
3952 397 397
3953 397 397
3954 397 397
3955 397 397
3956 397 397
3957 397 397
3958 397 397
3959 397 397
3960 397 397
3961 397 397
3962 397 397
3963 397 397
3964 397 397
3965 397 397
3966 397 397
3967 397 397
3968 397 397
3969 397 397
3970 397 397
3971 397 397
3972 397 397
3973 397 397
3974 397 397
3975 397 397
3976 397 397
3977 397 397
3978 397 397
3979 397 397
3980 397 397
3981 397 397
3982 397 397
3983 397 397
3984 397 397
3985 397 397
3986 397 397
3987 397 397
3988 397 397
3989 397 397
3990 397 397
3991 397 397
3992 397 397
3993 397 397
3994 397 397
3995 397 397
3996 397 397
3997 397 397
3998 397 397
3999 397 397
4000 397 397
4001 397 397
4002 397 397
4003 397 397
4004 397 397
4005 397 397
4006 397 397
4007 397 397
4008 397 397
4009 397 397
4010 397 397
4011 397 397
4012 397 397
4013 397 397
4014 397 397
4015 397 397
4016 397 397
4017 397 397
4018 397 397
4019 397 397
4020 397 397
4021 397 397
4022 397 397
4023 397 397
4024 397 397
4025 397 397
4026 397 397
4027 397 397
4028 397 397
4029 397 397
4030 397 397
4031 397 397
4032 397 397
4033 397 397
4034 397 397
4035 397 397
4036 397 397
4037 397 397
4038 397 397
4039 397 397
4040 397 397
4041 397 397
4042 397 397
4043 397 397
4044 397 397
4045 397 397
4046 397 397
4047 397 397
4048 397 397
4049 397 397
4050 397 397
4051 397 397
4052 397 397
4053 397 397
4054 397 397
4055 397 397
4056 397 397
4057 397 397
4058 397 397
4059 397 397
4060 397 397
4061 397 397
4062 397 397
4063 397 397
4064 397 397
4065 397 397
4066 397 397
4067 397 397
4068 397 397
4069 397 397
4070 397 397
4071 397 397
4072 397 397
4073 397 397
4074 397 397
4075 397 397
4076 397 397
4077 397 397
4078 397 397
4079 397 397
4080 397 397
4081 397 397
4082 397 397
4083 397 397
4084 397 397
4085 397 397
4086 397 397
4087 397 397
4088 397 397
4089 397 397
4090 397 397
4091 397 397
4092 397 397
4093 397 397
4094 397 397
4095 397 397
4096 397 397
4097 397 397
4098 397 397
4099 397 397
4100 397 397
4101 397 397
4102 397 397
4103 397 397
4104 397 397
4105 397 397
4106 397 397
4107 397 397
4108 397 397
4109 397 397
4110 397 397
4111 397 397
4112 397 397
4113 397 397
4114 397 397
4115 397 397
4116 397 397
4117 397 397
4118 397 397
4119 397 397
4120 397 397
4121 397 397
4122 397 397
4123 397 397
4124 397 397
4125 397 397
4126 397 397
4127 397 397
4128 397 397
4129 397 397
4130 397 397
4131 397 397
4132 397 397
4133 397 397
4134 397 397
4135 397 397
4136 397 397
4137 397 397
4138 397 397
4139 397 397
4140 397 397
4141 397 397
4142 397 397
4143 397 397
4144 397 397
4145 397 397
4146 397 397
4147 397 397
4148 397 397
4149 397 397
4150 397 397
4151 397 397
4152 397 397
4153 397 397
4154 397 397
4155 397 397
4156 397 397
4157 397 397
4158 397 397
4159 397 397
4160 397 397
4161 397 397
4162 397 397
4163 397 397
4164 397 397
4165 397 397
4166 397 397
4167 397 397
4168 397 397
4169 397 397
4170 397 397
4171 397 397
4172 397 397
4173 397 397
4174 397 397
4175 397 397
4176 397 397
4177 397 397
4178 397 397
4179 397 397
4180 397 397
4181 397 397
4182 397 397
4183 397 397
4184 397 397
4185 397 397
4186 397 397
4187 397 397
4188 397 397
4189 397 397
4190 397 397
4191 397 397
4192 397 397
4193 397 397
4194 397 397
4195 397 397
4196 397 397
4197 397 397
4198 397 397
4199 397 397
4200 397 397
4201 397 397
4202 397 397
4203 397 397
4204 397 397
4205 397 397
4206 397 397
4207 397 397
4208 397 397
4209 397 397
4210 397 397
4211 397 397
4212 397 397
4213 397 397
4214 397 397
4215 397 397
4216 397 397
4217 397 397
4218 397 397
4219 397 397
4220 397 397
4221 397 397
4222 397 397
4223 397 397
4224 397 397
4225 397 397
4226 397 397
4227 397 397
4228 397 397
4229 397 397
4230 397 397
4231 397 397
4232 397 397
4233 397 397
4234 397 397
4235 397 397
4236 397 397
4237 397 397
4238 397 397
4239 397 397
4240 397 397
4241 397 397
4242 397 397
4243 397 397
4244 397 397
4245 397 397
4246 397 397
4247 397 397
4248 397 397
4249 397 397
4250 397 397
4251 397 397
4252 397 397
4253 397 397
4254 397 397
4255 397 397
4256 397 397
4257 397 397
4258 397 397
4259 397 397
4260 397 397
4261 397 397
4262 397 397
4263 397 397
4264 397 397
4265 397 397
4266 397 397
4267 397 397
4268 397 397
4269 397 397
4270 397 397
4271 397 397
4272 397 397
4273 397 397
4274 397 397
4275 397 397
4276 397 397
4277 397 397
4278 397 397
4279 397 397
4280 397 397
4281 397 397
4282 397 397
4283 397 397
4284 397 397
4285 397 397
4286 397 397
4287 397 397
4288 397 397
4289 397 397
4290 397 397
4291 397 397
4292 397 397
4293 397 397
4294 397 397
4295 397 397
4296 397 397
4297 397 397
4298 397 397
4299 397 397
4300 397 397
4301 397 397
4302 397 397
4303 397 397
4304 397 397
4305 397 397
4306 397 397
4307 397 397
4308 397 397
4309 397 397
4310 397 397
4311 397 397
4312 397 397
4313 397 397
4314 397 397
4315 397 397
4316 397 397
4317 397 397
4318 397 397
4319 397 397
4320 397 397
4321 397 397
4322 397 397
4323 397 397
4324 397 397
4325 397 397
4326 397 397
4327 397 397
4328 397 397
4329 397 397
4330 397 397
4331 397 397
4332 397 397
4333 397 397
4334 397 397
4335 397 397
4336 397 397
4337 397 397
4338 397 397
4339 397 397
4340 397 397
4341 397 397
4342 397 397
4343 397 397
4344 397 397
4345 397 397
4346 397 397
4347 397 397
4348 397 397
4349 397 397
4350 397 397
4351 397 397
4352 397 397
4353 397 397
4354 397 397
4355 397 397
4356 397 397
4357 397 397
4358 397 397
4359 397 397
4360 397 397
4361 397 397
4362 397 397
4363 397 397
4364 397 397
4365 397 397
4366 397 397
4367 397 397
4368 397 397
4369 397 397
4370 397 397
4371 397 397
4372 397 397
4373 397 397
4374 397 397
4375 397 397
4376 397 397
4377 397 397
4378 397 397
4379 397 397
4380 397 397
4381 397 397
4382 397 397
4383 397 397
4384 397 397
4385 397 397
4386 397 397
4387 397 397
4388 397 397
4389 397 397
4390 397 397
4391 397 397
4392 397 397
4393 397 397
4394 397 397
4395 397 397
4396 397 397
4397 397 397
4398 397 397
4399 397 397
4400 397 397
4401 397 397
4402 397 397
4403 397 397
4404 397 397
4405 397 397
4406 397 397
4407 397 397
4408 397 397
4409 397 397
4410 397 397
4411 397 397
4412 397 397
4413 397 397
4414 397 397
4415 397 397
4416 397 397
4417 397 397
4418 397 397
4419 397 397
4420 397 397
4421 397 397
4422 397 397
4423 397 397
4424 397 397
4425 397 397
4426 397 397
4427 397 397
4428 397 397
4429 397 397
4430 397 397
4431 397 397
4432 397 397
4433 397 397
4434 397 397
4435 397 397
4436 397 397
4437 397 397
4438 397 397
4439 397 397
4440 397 397
4441 397 397
4442 397 397
4443 397 397
4444 397 397
4445 397 397
4446 397 397
4447 397 397
4448 397 397
4449 397 397
4450 397 397
4451 397 397
4452 397 397
4453 397 397
4454 397 397
4455 397 397
4456 397 397
4457 397 397
4458 397 397
4459 397 397
4460 397 397
4461 397 397
4462 397 397
4463 397 397
4464 397 397
4465 397 397
4466 397 397
4467 397 397
4468 397 397
4469 397 397
4470 397 397
4471 397 397
4472 397 397
4473 397 397
4474 397 397
4475 397 397
4476 397 397
4477 397 397
4478 397 397
4479 397 397
4480 397 397
4481 397 397
4482 397 397
4483 397 397
4484 397 397
4485 397 397
4486 397 397
4487 397 397
4488 397 397
4489 397 397
4490 397 397
4491 397 397
4492 397 397
4493 397 397
4494 397 397
4495 397 397
4496 397 397
4497 397 397
4498 397 397
4499 397 397
4500 397 397
4501 397 397
4502 397 397
4503 397 397
4504 397 397
4505 397 397
4506 397 397
4507 397 397
4508 397 397
4509 397 397
4510 397 397
4511 397 397
4512 397 397
4513 397 397
4514 397 397
4515 397 397
4516 397 397
4517 397 397
4518 397 397
4519 397 397
4520 397 397
4521 397 397
4522 397 397
4523 397 397
4524 397 397
4525 397 397
4526 397 397
4527 397 397
4528 397 397
4529 397 397
4530 397 397
4531 397 397
4532 397 397
4533 397 397
4534 397 397
4535 397 397
4536 397 397
4537 397 397
4538 397 397
4539 397 397
4540 397 397
4541 397 397
4542 397 397
4543 397 397
4544 397 397
4545 397 397
4546 397 397
4547 397 397
4548 397 397
4549 397 397
4550 397 397
4551 397 397
4552 397 397
4553 397 397
4554 397 397
4555 397 397
4556 397 397
4557 397 397
4558 397 397
4559 397 397
4560 397 397
4561 397 397
4562 397 397
4563 397 397
4564 397 397
4565 397 397
4566 397 397
4567 397 397
4568 397 397
4569 397 397
4570 397 397
4571 397 397
4572 397 397
4573 397 397
4574 397 397
4575 397 397
4576 397 397
4577 397 397
4578 397 397
4579 397 397
4580 397 397
4581 397 397
4582 397 397
4583 397 397
4584 397 397
4585 397 397
4586 397 397
4587 397 397
4588 397 397
4589 397 397
4590 397 397
4591 397 397
4592 397 397
4593 397 397
4594 397 397
4595 397 397
4596 397 397
4597 397 397
4598 397 397
4599 397 397
4600 397 397
4601 397 397
4602 397 397
4603 397 397
4604 397 397
4605 397 397
4606 397 397
4607 397 397
4608 397 397
4609 397 397
4610 397 397
4611 397 397
4612 397 397
4613 397 397
4614 397 397
4615 397 397
4616 397 397
4617 397 397
4618 397 397
4619 397 397
4620 397 397
4621 397 397
4622 397 397
4623 397 397
4624 397 397
4625 397 397
4626 397 397
4627 397 397
4628 397 397
4629 397 397
4630 397 397
4631 397 397
4632 397 397
4633 397 397
4634 397 397
4635 397 397
4636 397 397
4637 397 397
4638 397 397
4639 397 397
4640 397 397
4641 397 397
4642 397 397
4643 397 397
4644 397 397
4645 397 397
4646 397 397
4647 397 397
4648 397 397
4649 397 397
4650 397 397
4651 397 397
4652 397 397
4653 397 397
4654 397 397
4655 397 397
4656 397 397
4657 397 397
4658 397 397
4659 397 397
4660 397 397
4661 397 397
4662 397 397
4663 397 397
4664 397 397
4665 397 397
4666 397 397
4667 397 397
4668 397 397
4669 397 397
4670 397 397
4671 397 397
4672 397 397
4673 397 397
4674 397 397
4675 397 397
4676 397 397
4677 397 397
4678 397 397
4679 397 397
4680 397 397
4681 397 397
4682 397 397
4683 397 397
4684 397 397
4685 397 397
4686 397 397
4687 397 397
4688 397 397
4689 397 397
4690 397 397
4691 397 397
4692 397 397
4693 397 397
4694 397 397
4695 397 397
4696 397 397
4697 397 397
4698 397 397
4699 397 397
4700 397 397
4701 397 397
4702 397 397
4703 397 397
4704 397 397
4705 397 397
4706 397 397
4707 397 397
4708 397 397
4709 397 397
4710 397 397
4711 397 397
4712 397 397
4713 397 397
4714 397 397
4715 397 397
4716 397 397
4717 397 397
4718 397 397
4719 397 397
4720 397 397
4721 397 397
4722 397 397
4723 397 397
4724 397 397
4725 397 397
4726 397 397
4727 397 397
4728 397 397
4729 397 397
4730 397 397
4731 397 397
4732 397 397
4733 397 397
4734 397 397
4735 397 397
4736 397 397
4737 397 397
4738 397 397
4739 397 397
4740 397 397
4741 397 397
4742 397 397
4743 397 397
4744 397 397
4745 397 397
4746 397 397
4747 397 397
4748 397 397
4749 397 397
4750 397 397
4751 397 397
4752 397 397
4753 397 397
4754 397 397
4755 397 397
4756 397 397
4757 397 397
4758 397 397
4759 397 397
4760 397 397
4761 397 397
4762 397 397
4763 397 397
4764 397 397
4765 397 397
4766 397 397
4767 397 397
4768 397 397
4769 397 397
4770 397 397
4771 397 397
4772 397 397
4773 397 397
4774 397 397
4775 397 397
4776 397 397
4777 397 397
4778 397 397
4779 397 397
4780 397 397
4781 397 397
4782 397 397
4783 397 397
4784 397 397
4785 397 397
4786 397 397
4787 397 397
4788 397 397
4789 397 397
4790 397 397
4791 397 397
4792 397 397
4793 397 397
4794 397 397
4795 397 397
4796 397 397
4797 397 397
4798 397 397
4799 397 397
4800 397 397
4801 397 397
4802 397 397
4803 397 397
4804 397 397
4805 397 397
4806 397 397
4807 397 397
4808 397 397
4809 397 397
4810 397 397
4811 397 397
4812 397 397
4813 397 397
4814 397 397
4815 397 397
4816 397 397
4817 397 397
4818 397 397
4819 397 397
4820 397 397
4821 397 397
4822 397 397
4823 397 397
4824 397 397
4825 397 397
4826 397 397
4827 397 397
4828 397 397
4829 397 397
4830 397 397
4831 397 397
4832 397 397
4833 397 397
4834 397 397
4835 397 397
4836 397 397
4837 397 397
4838 397 397
4839 397 397
4840 397 397
4841 397 397
4842 397 397
4843 397 397
4844 397 397
4845 397 397
4846 397 397
4847 397 397
4848 397 397
4849 397 397
4850 397 397
4851 397 397
4852 397 397
4853 397 397
4854 397 397
4855 397 397
4856 397 397
4857 397 397
4858 397 397
4859 397 397
4860 397 397
4861 397 397
4862 397 397
4863 397 397
4864 397 397
4865 397 397
4866 397 397
4867 397 397
4868 397 397
4869 397 397
4870 397 397
4871 397 397
4872 397 397
4873 397 397
4874 397 397
4875 397 397
4876 397 397
4877 397 397
4878 397 397
4879 397 397
4880 397 397
4881 397 397
4882 397 397
4883 397 397
4884 397 397
4885 397 397
4886 397 397
4887 397 397
4888 397 397
4889 397 397
4890 397 397
4891 397 397
4892 397 397
4893 397 397
4894 397 397
4895 397 397
4896 397 397
4897 397 397
4898 397 397
4899 397 397
4900 397 397
4901 397 397
4902 397 397
4903 397 397
4904 397 397
4905 397 397
4906 397 397
4907 397 397
4908 397 397
4909 397 397
4910 397 397
4911 397 397
4912 397 397
4913 397 397
4914 397 397
4915 397 397
4916 397 397
4917 397 397
4918 397 397
4919 397 397
4920 397 397
4921 397 397
4922 397 397
4923 397 397
4924 397 397
4925 397 397
4926 397 397
4927 397 397
4928 397 397
4929 397 397
4930 397 397
4931 397 397
4932 397 397
4933 397 397
4934 397 397
4935 397 397
4936 397 397
4937 397 397
4938 397 397
4939 397 397
4940 397 397
4941 397 397
4942 397 397
4943 397 397
4944 397 397
4945 397 397
4946 397 397
4947 397 397
4948 397 397
4949 397 397
4950 397 397
4951 397 397
4952 397 397
4953 397 397
4954 397 397
4955 397 397
4956 397 397
4957 397 397
4958 397 397
4959 397 397
4960 397 397
4961 397 397
4962 397 397
4963 397 397
4964 397 397
4965 397 397
4966 397 397
4967 397 397
4968 397 397
4969 397 397
4970 397 397
4971 397 397
4972 397 397
4973 397 397
4974 397 397
4975 397 397
4976 397 397
4977 397 397
4978 397 397
4979 397 397
4980 397 397
4981 397 397
4982 397 397
4983 397 397
4984 397 397
4985 397 397
4986 397 397
4987 397 397
4988 397 397
4989 397 397
4990 397 397
4991 397 397
4992 397 397
4993 397 397
4994 397 397
4995 397 397
4996 397 397
4997 397 397
4998 397 397
4999 397 397
5000 397 397
5001 397 397
5002 397 397
5003 397 397
5004 397 397
5005 397 397
5006 397 397
5007 397 397
5008 397 397
5009 397 397
5010 397 397
5011 397 397
5012 397 397
5013 397 397
5014 397 397
5015 397 397
5016 397 397
5017 397 397
5018 397 397
5019 397 397
5020 397 397
5021 397 397
5022 397 397
5023 397 397
5024 397 397
5025 397 397
5026 397 397
5027 397 397
5028 397 397
5029 397 397
5030 397 397
5031 397 397
5032 397 397
5033 397 397
5034 397 397
5035 397 397
5036 397 397
5037 397 397
5038 397 397
5039 397 397
5040 397 397
5041 397 397
5042 397 397
5043 397 397
5044 397 397
5045 397 397
5046 397 397
5047 397 397
5048 397 397
5049 397 397
5050 397 397
5051 397 397
5052 397 397
5053 397 397
5054 397 397
5055 397 397
5056 397 397
5057 397 397
5058 397 397
5059 397 397
5060 397 397
5061 397 397
5062 397 397
5063 397 397
5064 397 397
5065 397 397
5066 397 397
5067 397 397
5068 397 397
5069 397 397
5070 397 397
5071 397 397
5072 397 397
5073 397 397
5074 397 397
5075 397 397
5076 397 397
5077 397 397
5078 397 397
5079 397 397
5080 397 397
5081 397 397
5082 397 397
5083 397 397
5084 397 397
5085 397 397
5086 397 397
5087 397 397
5088 397 397
5089 397 397
5090 397 397
5091 397 397
5092 397 397
5093 397 397
5094 397 397
5095 397 397
5096 397 397
5097 397 397
5098 397 397
5099 397 397
5100 397 397
5101 397 397
5102 397 397
5103 397 397
5104 397 397
5105 397 397
5106 397 397
5107 397 397
5108 397 397
5109 397 397
5110 397 397
5111 397 397
5112 397 397
5113 397 397
5114 397 397
5115 397 397
5116 397 397
5117 397 397
5118 397 397
5119 397 397
5120 397 397
5121 397 397
5122 397 397
5123 397 397
5124 397 397
5125 397 397
5126 397 397
5127 397 397
5128 397 397
5129 397 397
5130 397 397
5131 397 397
5132 397 397
5133 397 397
5134 397 397
5135 397 397
5136 397 397
5137 397 397
5138 397 397
5139 397 397
5140 397 397
5141 397 397
5142 397 397
5143 397 397
5144 397 397
5145 397 397
5146 397 397
5147 397 397
5148 397 397
5149 397 397
5150 397 397
5151 397 397
5152 397 397
5153 397 397
5154 397 397
5155 397 397
5156 397 397
5157 397 397
5158 397 397
5159 397 397
5160 397 397
5161 397 397
5162 397 397
5163 397 397
5164 397 397
5165 397 397
5166 397 397
5167 397 397
5168 397 397
5169 397 397
5170 397 397
5171 397 397
5172 397 397
5173 397 397
5174 397 397
5175 397 397
5176 397 397
5177 397 397
5178 397 397
5179 397 397
5180 397 397
5181 397 397
5182 397 397
5183 397 397
5184 397 397
5185 397 397
5186 397 397
5187 397 397
5188 397 397
5189 397 397
5190 397 397
5191 397 397
5192 397 397
5193 397 397
5194 397 397
5195 397 397
5196 397 397
5197 397 397
5198 397 397
5199 397 397
5200 397 397
5201 397 397
5202 397 397
5203 397 397
5204 397 397
5205 397 397
5206 397 397
5207 397 397
5208 397 397
5209 397 397
5210 397 397
5211 397 397
5212 397 397
5213 397 397
5214 397 397
5215 397 397
5216 397 397
5217 397 397
5218 397 397
5219 397 397
5220 397 397
5221 397 397
5222 397 397
5223 397 397
5224 397 397
5225 397 397
5226 397 397
5227 397 397
5228 397 397
5229 397 397
5230 397 397
5231 397 397
5232 397 397
5233 397 397
5234 397 397
5235 397 397
5236 397 397
5237 397 397
5238 397 397
5239 397 397
5240 397 397
5241 397 397
5242 397 397
5243 397 397
5244 397 397
5245 397 397
5246 397 397
5247 397 397
5248 397 397
5249 397 397
5250 397 397
5251 397 397
5252 397 397
5253 397 397
5254 397 397
5255 397 397
5256 397 397
5257 397 397
5258 397 397
5259 397 397
5260 397 397
5261 397 397
5262 397 397
5263 397 397
5264 397 397
5265 397 397
5266 397 397
5267 397 397
5268 397 397
5269 397 397
5270 397 397
5271 397 397
5272 397 397
5273 397 397
5274 397 397
5275 397 397
5276 397 397
5277 397 397
5278 397 397
5279 397 397
5280 397 397
5281 397 397
5282 397 397
5283 397 397
5284 397 397
5285 397 397
5286 397 397
5287 397 397
5288 397 397
5289 397 397
5290 397 397
5291 397 397
5292 397 397
5293 397 397
5294 397 397
5295 397 397
5296 397 397
5297 397 397
5298 397 397
5299 397 397
5300 397 397
5301 397 397
5302 397 397
5303 397 397
5304 397 397
5305 397 397
5306 397 397
5307 397 397
5308 397 397
5309 397 397
5310 397 397
5311 397 397
5312 397 397
5313 397 397
5314 397 397
5315 397 397
5316 397 397
5317 397 397
5318 397 397
5319 397 397
5320 397 397
5321 397 397
5322 397 397
5323 397 397
5324 397 397
5325 397 397
5326 397 397
5327 397 397
5328 397 397
5329 397 397
5330 397 397
5331 397 397
5332 397 397
5333 397 397
5334 397 397
5335 397 397
5336 397 397
5337 397 397
5338 397 397
5339 397 397
5340 397 397
5341 397 397
5342 397 397
5343 397 397
5344 397 397
5345 397 397
5346 397 397
5347 397 397
5348 397 397
5349 397 397
5350 397 397
5351 397 397
5352 397 397
5353 397 397
5354 397 397
5355 397 397
5356 397 397
5357 397 397
5358 397 397
5359 397 397
5360 397 397
5361 397 397
5362 397 397
5363 397 397
5364 397 397
5365 397 397
5366 397 397
5367 397 397
5368 397 397
5369 397 397
5370 397 397
5371 397 397
5372 397 397
5373 397 397
5374 397 397
5375 397 397
5376 397 397
5377 397 397
5378 397 397
5379 397 397
5380 397 397
5381 397 397
5382 397 397
5383 397 397
5384 397 397
5385 397 397
5386 397 397
5387 397 397
5388 397 397
5389 397 397
5390 397 397
5391 397 397
5392 397 397
5393 397 397
5394 397 397
5395 397 397
5396 397 397
5397 397 397
5398 397 397
5399 397 397
5400 397 397
5401 397 397
5402 397 397
5403 397 397
5404 397 397
5405 397 397
5406 397 397
5407 397 397
5408 397 397
5409 397 397
5410 397 397
5411 397 397
5412 397 397
5413 397 397
5414 397 397
5415 397 397
5416 397 397
5417 397 397
5418 397 397
5419 397 397
5420 397 397
5421 397 397
5422 397 397
5423 397 397
5424 397 397
5425 397 397
5426 397 397
5427 397 397
5428 397 397
5429 397 397
5430 397 397
5431 397 397
5432 397 397
5433 397 397
5434 397 397
5435 397 397
5436 397 397
5437 397 397
5438 397 397
5439 397 397
5440 397 397
5441 397 397
5442 397 397
5443 397 397
5444 397 397
5445 397 397
5446 397 397
5447 397 397
5448 397 397
5449 397 397
5450 397 397
5451 397 397
5452 397 397
5453 397 397
5454 397 397
5455 397 397
5456 397 397
5457 397 397
5458 397 397
5459 397 397
5460 397 397
5461 397 397
5462 397 397
5463 397 397
5464 397 397
5465 397 397
5466 397 397
5467 397 397
5468 397 397
5469 397 397
5470 397 397
5471 397 397
5472 397 397
5473 397 397
5474 397 397
5475 397 397
5476 397 397
5477 397 397
5478 397 397
5479 397 397
5480 397 397
5481 397 397
5482 397 397
5483 397 397
5484 397 397
5485 397 397
5486 397 397
5487 397 397
5488 397 397
5489 397 397
5490 397 397
5491 397 397
5492 397 397
5493 397 397
5494 397 397
5495 397 397
5496 397 397
5497 397 397
5498 397 397
5499 397 397
5500 397 397
5501 397 397
5502 397 397
5503 397 397
5504 397 397
5505 397 397
5506 397 397
5507 397 397
5508 397 397
5509 397 397
5510 397 397
5511 397 397
5512 397 397
5513 397 397
5514 397 397
5515 397 397
5516 397 397
5517 397 397
5518 397 397
5519 397 397
5520 397 397
5521 397 397
5522 397 397
5523 397 397
5524 397 397
5525 397 397
5526 397 397
5527 397 397
5528 397 397
5529 397 397
5530 397 397
5531 397 397
5532 397 397
5533 397 397
5534 397 397
5535 397 397
5536 397 397
5537 397 397
5538 397 397
5539 397 397
5540 397 397
5541 397 397
5542 397 397
5543 397 397
5544 397 397
5545 397 397
5546 397 397
5547 397 397
5548 397 397
5549 397 397
5550 397 397
5551 397 397
5552 397 397
5553 397 397
5554 397 397
5555 397 397
5556 397 397
5557 397 397
5558 397 397
5559 397 397
5560 397 397
5561 397 397
5562 397 397
5563 397 397
5564 397 397
5565 397 397
5566 397 397
5567 397 397
5568 397 397
5569 397 397
5570 397 397
5571 397 397
5572 397 397
5573 397 397
5574 397 397
5575 397 397
5576 397 397
5577 397 397
5578 397 397
5579 397 397
5580 397 397
5581 397 397
5582 397 397
5583 397 397
5584 397 397
5585 397 397
5586 397 397
5587 397 397
5588 397 397
5589 397 397
5590 397 397
5591 397 397
5592 397 397
5593 397 397
5594 397 397
5595 397 397
5596 397 397
5597 397 397
5598 397 397
5599 397 397
5600 397 397
5601 397 397
5602 397 397
5603 397 397
5604 397 397
5605 397 397
5606 397 397
5607 397 397
5608 397 397
5609 397 397
5610 397 397
5611 397 397
5612 397 397
5613 397 397
5614 397 397
5615 397 397
5616 397 397
5617 397 397
5618 397 397
5619 397 397
5620 397 397
5621 397 397
5622 397 397
5623 397 397
5624 397 397
5625 397 397
5626 397 397
5627 397 397
5628 397 397
5629 397 397
5630 397 397
5631 397 397
5632 397 397
5633 397 397
5634 397 397
5635 397 397
5636 397 397
5637 397 397
5638 397 397
5639 397 397
5640 397 397
5641 397 397
5642 397 397
5643 397 397
5644 397 397
5645 397 397
5646 397 397
5647 397 397
5648 397 397
5649 397 397
5650 397 397
5651 397 397
5652 397 397
5653 397 397
5654 397 397
5655 397 397
5656 397 397
5657 397 397
5658 397 397
5659 397 397
5660 397 397
5661 397 397
5662 397 397
5663 397 397
5664 397 397
5665 397 397
5666 397 397
5667 397 397
5668 397 397
5669 397 397
5670 397 397
5671 397 397
5672 397 397
5673 397 397
5674 397 397
5675 397 397
5676 397 397
5677 397 397
5678 397 397
5679 397 397
5680 397 397
5681 397 397
5682 397 397
5683 397 397
5684 397 397
5685 397 397
5686 397 397
5687 397 397
5688 397 397
5689 397 397
5690 397 397
5691 397 397
5692 397 397
5693 397 397
5694 397 397
5695 397 397
5696 397 397
5697 397 397
5698 397 397
5699 397 397
5700 397 397
5701 397 397
5702 397 397
