0 412 412
1 412 412
2 412 412
3 413 413
4 415 415
5 417 417
6 417 417
7 417 417
8 423 423
9 423 423
10 423 423
11 423 423
12 424 424
13 424 424
14 424 424
15 424 424
16 424 424
17 424 424
18 424 424
19 429 429
20 429 429
21 429 429
22 429 429
23 429 429
24 430 430
25 430 430
26 431 431
27 431 431
28 432 432
29 432 432
30 433 433
31 433 433
32 433 433
33 433 433
34 434 434
35 434 434
36 434 434
37 434 434
38 435 435
39 437 437
40 438 438
41 438 438
42 438 438
43 439 439
44 439 439
45 439 439
46 439 439
47 439 439
48 439 439
49 440 440
50 440 440
51 440 440
52 440 440
53 442 442
54 442 442
55 442 442
56 442 442
57 443 443
58 443 443
59 443 443
60 444 444
61 444 444
62 444 444
63 445 445
64 445 445
65 445 445
66 445 445
67 445 445
68 445 445
69 446 446
70 446 446
71 446 446
72 446 446
73 446 446
74 446 446
75 446 446
76 446 446
77 446 446
78 446 446
79 446 446
80 446 446
81 446 446
82 446 446
83 446 446
84 446 446
85 446 446
86 446 446
87 446 446
88 446 446
89 446 446
90 446 446
91 446 446
92 446 446
93 446 446
94 446 446
95 446 446
96 446 446
97 446 446
98 446 446
99 446 446
100 446 446
101 446 446
102 446 446
103 446 446
104 446 446
105 446 446
106 446 446
107 446 446
108 446 446
109 446 446
110 446 446
111 446 446
112 446 446
113 446 446
114 446 446
115 446 446
116 446 446
117 446 446
118 446 446
119 446 446
120 446 446
121 446 446
122 446 446
123 446 446
124 446 446
125 446 446
126 446 446
127 446 446
128 446 446
129 446 446
130 446 446
131 446 446
132 446 446
133 446 446
134 446 446
135 446 446
136 446 446
137 446 446
138 446 446
139 446 446
140 446 446
141 446 446
142 446 446
143 446 446
144 446 446
145 446 446
146 446 446
147 446 446
148 446 446
149 446 446
150 446 446
151 446 446
152 446 446
153 446 446
154 446 446
155 446 446
156 446 446
157 446 446
158 446 446
159 446 446
160 446 446
161 446 446
162 446 446
163 446 446
164 446 446
165 446 446
166 446 446
167 446 446
168 446 446
169 446 446
170 446 446
171 446 446
172 446 446
173 446 446
174 446 446
175 446 446
176 446 446
177 446 446
178 446 446
179 446 446
180 446 446
181 446 446
182 446 446
183 446 446
184 446 446
185 446 446
186 446 446
187 446 446
188 446 446
189 446 446
190 446 446
191 446 446
192 446 446
193 446 446
194 446 446
195 446 446
196 446 446
197 446 446
198 446 446
199 446 446
200 446 446
201 446 446
202 446 446
203 446 446
204 446 446
205 446 446
206 446 446
207 446 446
208 446 446
209 446 446
210 446 446
211 446 446
212 446 446
213 446 446
214 446 446
215 446 446
216 446 446
217 446 446
218 446 446
219 446 446
220 446 446
221 446 446
222 446 446
223 446 446
224 446 446
225 446 446
226 446 446
227 446 446
228 446 446
229 446 446
230 446 446
231 446 446
232 446 446
233 446 446
234 446 446
235 446 446
236 446 446
237 446 446
238 446 446
239 446 446
240 446 446
241 446 446
242 446 446
243 446 446
244 446 446
245 446 446
246 446 446
247 446 446
248 446 446
249 446 446
250 446 446
251 446 446
252 446 446
253 446 446
254 446 446
255 446 446
256 446 446
257 446 446
258 446 446
259 446 446
260 446 446
261 446 446
262 446 446
263 446 446
264 446 446
265 446 446
266 446 446
267 446 446
268 446 446
269 446 446
270 446 446
271 446 446
272 446 446
273 446 446
274 446 446
275 446 446
276 446 446
277 446 446
278 446 446
279 446 446
280 446 446
281 446 446
282 446 446
283 446 446
284 446 446
285 446 446
286 446 446
287 446 446
288 446 446
289 446 446
290 446 446
291 446 446
292 446 446
293 446 446
294 446 446
295 446 446
296 446 446
297 446 446
298 446 446
299 446 446
300 446 446
301 446 446
302 446 446
303 446 446
304 446 446
305 446 446
306 446 446
307 446 446
308 446 446
309 446 446
310 446 446
311 446 446
312 446 446
313 446 446
314 446 446
315 446 446
316 446 446
317 446 446
318 446 446
319 446 446
320 446 446
321 446 446
322 446 446
323 446 446
324 446 446
325 446 446
326 446 446
327 446 446
328 446 446
329 446 446
330 446 446
331 446 446
332 446 446
333 446 446
334 446 446
335 446 446
336 446 446
337 446 446
338 446 446
339 446 446
340 446 446
341 446 446
342 446 446
343 446 446
344 446 446
345 446 446
346 446 446
347 446 446
348 446 446
349 446 446
350 446 446
351 446 446
352 446 446
353 446 446
354 446 446
355 446 446
356 446 446
357 446 446
358 446 446
359 446 446
360 446 446
361 446 446
362 446 446
363 446 446
364 446 446
365 446 446
366 446 446
367 446 446
368 446 446
369 446 446
370 446 446
371 446 446
372 446 446
373 446 446
374 446 446
375 446 446
376 446 446
377 446 446
378 446 446
379 446 446
380 446 446
381 446 446
382 446 446
383 446 446
384 446 446
385 446 446
386 446 446
387 446 446
388 446 446
389 446 446
390 446 446
391 446 446
392 446 446
393 446 446
394 446 446
395 446 446
396 446 446
397 446 446
398 446 446
399 446 446
400 446 446
401 446 446
402 446 446
403 446 446
404 446 446
405 446 446
406 446 446
407 446 446
408 446 446
409 446 446
410 446 446
411 446 446
412 446 446
413 446 446
414 446 446
415 446 446
416 446 446
417 446 446
418 446 446
419 446 446
420 446 446
421 446 446
422 446 446
423 446 446
424 446 446
425 446 446
426 446 446
427 446 446
428 446 446
429 446 446
430 446 446
431 446 446
432 446 446
433 446 446
434 446 446
435 446 446
436 446 446
437 446 446
438 446 446
439 446 446
440 446 446
441 446 446
442 446 446
443 446 446
444 446 446
445 446 446
446 446 446
447 446 446
448 446 446
449 446 446
450 446 446
451 446 446
452 446 446
453 446 446
454 446 446
455 446 446
456 446 446
457 446 446
458 446 446
459 446 446
460 446 446
461 446 446
462 446 446
463 446 446
464 446 446
465 446 446
466 446 446
467 446 446
468 446 446
469 446 446
470 446 446
471 446 446
472 446 446
473 446 446
474 446 446
475 446 446
476 446 446
477 446 446
478 446 446
479 446 446
480 446 446
481 446 446
482 446 446
483 446 446
484 446 446
485 446 446
486 446 446
487 446 446
488 446 446
489 446 446
490 446 446
491 446 446
492 446 446
493 446 446
494 446 446
495 446 446
496 446 446
497 446 446
498 446 446
499 446 446
500 446 446
501 446 446
502 446 446
503 446 446
504 446 446
505 446 446
506 446 446
507 446 446
508 446 446
509 446 446
510 446 446
511 446 446
512 446 446
513 446 446
514 446 446
515 446 446
516 446 446
517 446 446
518 446 446
519 446 446
520 446 446
521 446 446
522 446 446
523 446 446
524 446 446
525 446 446
526 446 446
527 446 446
528 446 446
529 446 446
530 446 446
531 446 446
532 446 446
533 446 446
534 446 446
535 446 446
536 446 446
537 446 446
538 446 446
539 446 446
540 446 446
541 446 446
542 446 446
543 446 446
544 446 446
545 446 446
546 446 446
547 446 446
548 446 446
549 446 446
550 446 446
551 446 446
552 446 446
553 446 446
554 446 446
555 446 446
556 446 446
557 446 446
558 446 446
559 446 446
560 446 446
561 446 446
562 446 446
563 446 446
564 446 446
565 446 446
566 446 446
567 446 446
568 446 446
569 446 446
570 446 446
571 446 446
572 446 446
573 446 446
574 446 446
575 446 446
576 446 446
577 446 446
578 446 446
579 446 446
580 446 446
581 446 446
582 446 446
583 446 446
584 446 446
585 446 446
586 446 446
587 446 446
588 446 446
589 446 446
590 446 446
591 446 446
592 446 446
593 446 446
594 446 446
595 446 446
596 446 446
597 446 446
598 446 446
599 446 446
600 446 446
601 446 446
602 446 446
603 446 446
604 446 446
605 446 446
606 446 446
607 446 446
608 446 446
609 446 446
610 446 446
611 446 446
612 446 446
613 446 446
614 446 446
615 446 446
616 446 446
617 446 446
618 446 446
619 446 446
620 446 446
621 446 446
622 446 446
623 446 446
624 446 446
625 446 446
626 446 446
627 446 446
628 446 446
629 446 446
630 446 446
631 446 446
632 446 446
633 446 446
634 446 446
635 446 446
636 446 446
637 446 446
638 446 446
639 446 446
640 446 446
641 446 446
642 446 446
643 446 446
644 446 446
645 446 446
646 446 446
647 446 446
648 446 446
649 446 446
650 446 446
651 446 446
652 446 446
653 446 446
654 446 446
655 446 446
656 446 446
657 446 446
658 446 446
659 446 446
660 446 446
661 446 446
662 446 446
663 446 446
664 446 446
665 446 446
666 446 446
667 446 446
668 446 446
669 446 446
670 446 446
671 446 446
672 446 446
673 446 446
674 446 446
675 446 446
676 446 446
677 446 446
678 446 446
679 446 446
680 446 446
681 446 446
682 446 446
683 446 446
684 446 446
685 446 446
686 446 446
687 446 446
688 446 446
689 446 446
690 446 446
691 446 446
692 446 446
693 446 446
694 446 446
695 446 446
696 446 446
697 446 446
698 446 446
699 446 446
700 446 446
701 446 446
702 446 446
703 446 446
704 446 446
705 446 446
706 446 446
707 446 446
708 446 446
709 446 446
710 446 446
711 446 446
712 446 446
713 446 446
714 446 446
715 446 446
716 446 446
717 446 446
718 446 446
719 446 446
720 446 446
721 446 446
722 446 446
723 446 446
724 446 446
725 446 446
726 446 446
727 446 446
728 446 446
729 446 446
730 446 446
731 446 446
732 446 446
733 446 446
734 446 446
735 446 446
736 446 446
737 446 446
738 446 446
739 446 446
740 446 446
741 446 446
742 446 446
743 446 446
744 446 446
745 446 446
746 446 446
747 446 446
748 446 446
749 446 446
750 446 446
751 446 446
752 446 446
753 446 446
754 446 446
755 446 446
756 446 446
757 446 446
758 446 446
759 446 446
760 446 446
761 446 446
762 446 446
763 446 446
764 446 446
765 446 446
766 446 446
767 446 446
768 446 446
769 446 446
770 446 446
771 446 446
772 446 446
773 446 446
774 446 446
775 446 446
776 446 446
777 446 446
778 446 446
779 446 446
780 446 446
781 446 446
782 446 446
783 446 446
784 446 446
785 446 446
786 446 446
787 446 446
788 446 446
789 446 446
790 446 446
791 446 446
792 446 446
793 446 446
794 446 446
795 446 446
796 446 446
797 446 446
798 446 446
799 446 446
800 446 446
801 446 446
802 446 446
803 446 446
804 446 446
805 446 446
806 446 446
807 446 446
808 446 446
809 446 446
810 446 446
811 446 446
812 446 446
813 446 446
814 446 446
815 446 446
816 446 446
817 446 446
818 446 446
819 446 446
820 446 446
821 446 446
822 446 446
823 446 446
824 446 446
825 446 446
826 446 446
827 446 446
828 446 446
829 446 446
830 446 446
831 446 446
832 446 446
833 446 446
834 446 446
835 446 446
836 446 446
837 446 446
838 446 446
839 446 446
840 446 446
841 446 446
842 446 446
843 446 446
844 446 446
845 446 446
846 446 446
847 446 446
848 446 446
849 446 446
850 446 446
851 446 446
852 446 446
853 446 446
854 446 446
855 446 446
856 446 446
857 446 446
858 446 446
859 446 446
860 446 446
861 446 446
862 446 446
863 446 446
864 446 446
865 446 446
866 446 446
867 446 446
868 446 446
869 446 446
870 446 446
871 446 446
872 446 446
873 446 446
874 446 446
875 446 446
876 446 446
877 446 446
878 446 446
879 446 446
880 446 446
881 446 446
882 446 446
883 446 446
884 446 446
885 446 446
886 446 446
887 446 446
888 446 446
889 446 446
890 446 446
891 446 446
892 446 446
893 446 446
894 446 446
895 446 446
896 446 446
897 446 446
898 446 446
899 446 446
900 446 446
901 446 446
902 446 446
903 446 446
904 446 446
905 446 446
906 446 446
907 446 446
908 446 446
909 446 446
910 446 446
911 446 446
912 446 446
913 446 446
914 446 446
915 446 446
916 446 446
917 446 446
918 446 446
919 446 446
920 446 446
921 446 446
922 446 446
923 446 446
924 446 446
925 446 446
926 446 446
927 446 446
928 446 446
929 446 446
930 446 446
931 446 446
932 446 446
933 446 446
934 446 446
935 446 446
936 446 446
937 446 446
938 446 446
939 446 446
940 446 446
941 446 446
942 446 446
943 446 446
944 446 446
945 446 446
946 446 446
947 446 446
948 446 446
949 446 446
950 446 446
951 446 446
952 446 446
953 446 446
954 446 446
955 446 446
956 446 446
957 446 446
958 446 446
959 446 446
960 446 446
961 446 446
962 446 446
963 446 446
964 446 446
965 446 446
966 446 446
967 446 446
968 446 446
969 446 446
970 446 446
971 446 446
972 446 446
973 446 446
974 446 446
975 446 446
976 446 446
977 446 446
978 446 446
979 446 446
980 446 446
981 446 446
982 446 446
983 446 446
984 446 446
985 446 446
986 446 446
987 446 446
988 446 446
989 446 446
990 446 446
991 446 446
992 446 446
993 446 446
994 446 446
995 446 446
996 446 446
997 446 446
998 446 446
999 446 446
1000 446 446
1001 446 446
1002 446 446
1003 446 446
1004 446 446
1005 446 446
1006 446 446
1007 446 446
1008 446 446
1009 446 446
1010 446 446
1011 446 446
1012 446 446
1013 446 446
1014 446 446
1015 446 446
1016 446 446
1017 446 446
1018 446 446
1019 446 446
1020 446 446
1021 446 446
1022 446 446
1023 446 446
1024 446 446
1025 446 446
1026 446 446
1027 446 446
1028 446 446
1029 446 446
1030 446 446
1031 446 446
1032 446 446
1033 446 446
1034 446 446
1035 446 446
1036 446 446
1037 446 446
1038 446 446
1039 446 446
1040 446 446
1041 446 446
1042 446 446
1043 446 446
1044 446 446
1045 446 446
1046 446 446
1047 446 446
1048 446 446
1049 446 446
1050 446 446
1051 446 446
1052 446 446
1053 446 446
1054 446 446
1055 446 446
1056 446 446
1057 446 446
1058 446 446
1059 446 446
1060 446 446
1061 446 446
1062 446 446
1063 446 446
1064 446 446
1065 446 446
1066 446 446
1067 446 446
1068 446 446
1069 446 446
1070 446 446
1071 446 446
1072 446 446
1073 446 446
1074 446 446
1075 446 446
1076 446 446
1077 446 446
1078 446 446
1079 446 446
1080 446 446
1081 446 446
1082 446 446
1083 446 446
1084 446 446
1085 446 446
1086 446 446
1087 446 446
1088 446 446
1089 446 446
1090 446 446
1091 446 446
1092 446 446
1093 446 446
1094 446 446
1095 446 446
1096 446 446
1097 446 446
1098 446 446
1099 446 446
1100 446 446
1101 446 446
1102 446 446
1103 446 446
1104 446 446
1105 446 446
1106 446 446
1107 446 446
1108 446 446
1109 446 446
1110 446 446
1111 446 446
1112 446 446
1113 446 446
1114 446 446
1115 446 446
1116 446 446
1117 446 446
1118 446 446
1119 446 446
1120 446 446
1121 446 446
1122 446 446
1123 446 446
1124 446 446
1125 446 446
1126 446 446
1127 446 446
1128 446 446
1129 446 446
1130 446 446
1131 446 446
1132 446 446
1133 446 446
1134 446 446
1135 446 446
1136 446 446
1137 446 446
1138 446 446
1139 446 446
1140 446 446
1141 446 446
1142 446 446
1143 446 446
1144 446 446
1145 446 446
1146 446 446
1147 446 446
1148 446 446
1149 446 446
1150 446 446
1151 446 446
1152 446 446
1153 446 446
1154 446 446
1155 446 446
1156 446 446
1157 446 446
1158 446 446
1159 446 446
1160 446 446
1161 446 446
1162 446 446
1163 446 446
1164 446 446
1165 446 446
1166 446 446
1167 446 446
1168 446 446
1169 446 446
1170 446 446
1171 446 446
1172 446 446
1173 446 446
1174 446 446
1175 446 446
1176 446 446
1177 446 446
1178 446 446
1179 446 446
1180 446 446
1181 446 446
1182 446 446
1183 446 446
1184 446 446
1185 446 446
1186 446 446
1187 446 446
1188 446 446
1189 446 446
1190 446 446
1191 446 446
1192 446 446
1193 446 446
1194 446 446
1195 446 446
1196 446 446
1197 446 446
1198 446 446
1199 446 446
1200 446 446
1201 446 446
1202 446 446
1203 446 446
1204 446 446
1205 446 446
1206 446 446
1207 446 446
1208 446 446
1209 446 446
1210 446 446
1211 446 446
1212 446 446
1213 446 446
1214 446 446
1215 446 446
1216 446 446
1217 446 446
1218 446 446
1219 446 446
1220 446 446
1221 446 446
1222 446 446
1223 446 446
1224 446 446
1225 446 446
1226 446 446
1227 446 446
1228 446 446
1229 446 446
1230 446 446
1231 446 446
1232 446 446
1233 446 446
1234 446 446
1235 446 446
1236 446 446
1237 446 446
1238 446 446
1239 446 446
1240 446 446
1241 446 446
1242 446 446
1243 446 446
1244 446 446
1245 446 446
1246 446 446
1247 446 446
1248 446 446
1249 446 446
1250 446 446
1251 446 446
1252 446 446
1253 446 446
1254 446 446
1255 446 446
1256 446 446
1257 446 446
1258 446 446
1259 446 446
1260 446 446
1261 446 446
1262 446 446
1263 446 446
1264 446 446
1265 446 446
1266 446 446
1267 446 446
1268 446 446
1269 446 446
1270 446 446
1271 446 446
1272 446 446
1273 446 446
1274 446 446
1275 446 446
1276 446 446
1277 446 446
1278 446 446
1279 446 446
1280 446 446
1281 446 446
1282 446 446
1283 446 446
1284 446 446
1285 446 446
1286 446 446
1287 446 446
1288 446 446
1289 446 446
1290 446 446
1291 446 446
1292 446 446
1293 446 446
1294 446 446
1295 446 446
1296 446 446
1297 446 446
1298 446 446
1299 446 446
1300 446 446
1301 446 446
1302 446 446
1303 446 446
1304 446 446
1305 446 446
1306 446 446
1307 446 446
1308 446 446
1309 446 446
1310 446 446
1311 446 446
1312 446 446
1313 446 446
1314 446 446
1315 446 446
1316 446 446
1317 446 446
1318 446 446
1319 446 446
1320 446 446
1321 446 446
1322 446 446
1323 446 446
1324 446 446
1325 446 446
1326 446 446
1327 446 446
1328 446 446
1329 446 446
1330 446 446
1331 446 446
1332 446 446
1333 446 446
1334 446 446
1335 446 446
1336 446 446
1337 446 446
1338 446 446
1339 446 446
1340 446 446
1341 446 446
1342 446 446
1343 446 446
1344 446 446
1345 446 446
1346 446 446
1347 446 446
1348 446 446
1349 446 446
1350 446 446
1351 446 446
1352 446 446
1353 446 446
1354 446 446
1355 446 446
1356 446 446
1357 446 446
1358 446 446
1359 446 446
1360 446 446
1361 446 446
1362 446 446
1363 446 446
1364 446 446
1365 446 446
1366 446 446
1367 446 446
1368 446 446
1369 446 446
1370 446 446
1371 446 446
1372 446 446
1373 446 446
1374 446 446
1375 446 446
1376 446 446
1377 446 446
1378 446 446
1379 446 446
1380 446 446
1381 446 446
1382 446 446
1383 446 446
1384 446 446
1385 446 446
1386 446 446
1387 446 446
1388 446 446
1389 446 446
1390 446 446
1391 446 446
1392 446 446
1393 446 446
1394 446 446
1395 446 446
1396 446 446
1397 446 446
1398 446 446
1399 446 446
1400 446 446
1401 446 446
1402 446 446
1403 446 446
1404 446 446
1405 446 446
1406 446 446
1407 446 446
1408 446 446
1409 446 446
1410 446 446
1411 446 446
1412 446 446
1413 446 446
1414 446 446
1415 446 446
1416 446 446
1417 446 446
1418 446 446
1419 446 446
1420 446 446
1421 446 446
1422 446 446
1423 446 446
1424 446 446
1425 446 446
1426 446 446
1427 446 446
1428 446 446
1429 446 446
1430 446 446
1431 446 446
1432 446 446
1433 446 446
1434 446 446
1435 446 446
1436 446 446
1437 446 446
1438 446 446
1439 446 446
1440 446 446
1441 446 446
1442 446 446
1443 446 446
1444 446 446
1445 446 446
1446 446 446
1447 446 446
1448 446 446
1449 446 446
1450 446 446
1451 446 446
1452 446 446
1453 446 446
1454 446 446
1455 446 446
1456 446 446
1457 446 446
1458 446 446
1459 446 446
1460 446 446
1461 446 446
1462 446 446
1463 446 446
1464 446 446
1465 446 446
1466 446 446
1467 446 446
1468 446 446
1469 446 446
1470 446 446
1471 446 446
1472 446 446
1473 446 446
1474 446 446
1475 446 446
1476 446 446
1477 446 446
1478 446 446
1479 446 446
1480 446 446
1481 446 446
1482 446 446
1483 446 446
1484 446 446
1485 446 446
1486 446 446
1487 446 446
1488 446 446
1489 446 446
1490 446 446
1491 446 446
1492 446 446
1493 446 446
1494 446 446
1495 446 446
1496 446 446
1497 446 446
1498 446 446
1499 446 446
1500 446 446
1501 446 446
1502 446 446
1503 446 446
1504 446 446
1505 446 446
1506 446 446
1507 446 446
1508 446 446
1509 446 446
1510 446 446
1511 446 446
1512 446 446
1513 446 446
1514 446 446
1515 446 446
1516 446 446
1517 446 446
1518 446 446
1519 446 446
1520 446 446
1521 446 446
1522 446 446
1523 446 446
1524 446 446
1525 446 446
1526 446 446
1527 446 446
1528 446 446
1529 446 446
1530 446 446
1531 446 446
1532 446 446
1533 446 446
1534 446 446
1535 446 446
1536 446 446
1537 446 446
1538 446 446
1539 446 446
1540 446 446
1541 446 446
1542 446 446
1543 446 446
1544 446 446
1545 446 446
1546 446 446
1547 446 446
1548 446 446
1549 446 446
1550 446 446
1551 446 446
1552 446 446
1553 446 446
1554 446 446
1555 446 446
1556 446 446
1557 446 446
1558 446 446
1559 446 446
1560 446 446
1561 446 446
1562 446 446
1563 446 446
1564 446 446
1565 446 446
1566 446 446
1567 446 446
1568 446 446
1569 446 446
1570 446 446
1571 446 446
1572 446 446
1573 446 446
1574 446 446
1575 446 446
1576 446 446
1577 446 446
1578 446 446
1579 446 446
1580 446 446
1581 446 446
1582 446 446
1583 446 446
1584 446 446
1585 446 446
1586 446 446
1587 446 446
1588 446 446
1589 446 446
1590 446 446
1591 446 446
1592 446 446
1593 446 446
1594 446 446
1595 446 446
1596 446 446
1597 446 446
1598 446 446
1599 446 446
1600 446 446
1601 446 446
1602 446 446
1603 446 446
1604 446 446
1605 446 446
1606 446 446
1607 446 446
1608 446 446
1609 446 446
1610 446 446
1611 446 446
1612 446 446
1613 446 446
1614 446 446
1615 446 446
1616 446 446
1617 446 446
1618 446 446
1619 446 446
1620 446 446
1621 446 446
1622 446 446
1623 446 446
1624 446 446
1625 446 446
1626 446 446
1627 446 446
1628 446 446
1629 446 446
1630 446 446
1631 446 446
1632 446 446
1633 446 446
1634 446 446
1635 446 446
1636 446 446
1637 446 446
1638 446 446
1639 446 446
1640 446 446
1641 446 446
1642 446 446
1643 446 446
1644 446 446
1645 446 446
1646 446 446
1647 446 446
1648 446 446
1649 446 446
1650 446 446
1651 446 446
1652 446 446
1653 446 446
1654 446 446
1655 446 446
1656 446 446
1657 446 446
1658 446 446
1659 446 446
1660 446 446
1661 446 446
1662 446 446
1663 446 446
1664 446 446
1665 446 446
1666 446 446
1667 446 446
1668 446 446
1669 446 446
1670 446 446
1671 446 446
1672 446 446
1673 446 446
1674 446 446
1675 446 446
1676 446 446
1677 446 446
1678 446 446
1679 446 446
1680 446 446
1681 446 446
1682 446 446
1683 446 446
1684 446 446
1685 446 446
1686 446 446
1687 446 446
1688 446 446
1689 446 446
1690 446 446
1691 446 446
1692 446 446
1693 446 446
1694 446 446
1695 446 446
1696 446 446
1697 446 446
1698 446 446
1699 446 446
1700 446 446
1701 446 446
1702 446 446
1703 446 446
1704 446 446
1705 446 446
1706 446 446
1707 446 446
1708 446 446
1709 446 446
1710 446 446
1711 446 446
1712 446 446
1713 446 446
1714 446 446
1715 446 446
1716 446 446
1717 446 446
1718 446 446
1719 446 446
1720 446 446
1721 446 446
1722 446 446
1723 446 446
1724 446 446
1725 446 446
1726 446 446
1727 446 446
1728 446 446
1729 446 446
1730 446 446
1731 446 446
1732 446 446
1733 446 446
1734 446 446
1735 446 446
1736 446 446
1737 446 446
1738 446 446
1739 446 446
1740 446 446
1741 446 446
1742 446 446
1743 446 446
1744 446 446
1745 446 446
1746 446 446
1747 446 446
1748 446 446
1749 446 446
1750 446 446
1751 446 446
1752 446 446
1753 446 446
1754 446 446
1755 446 446
1756 446 446
1757 446 446
1758 446 446
1759 446 446
1760 446 446
1761 446 446
1762 446 446
1763 446 446
1764 446 446
1765 446 446
1766 446 446
1767 446 446
1768 446 446
1769 446 446
1770 446 446
1771 446 446
1772 446 446
1773 446 446
1774 446 446
1775 446 446
1776 446 446
1777 446 446
1778 446 446
1779 446 446
1780 446 446
1781 446 446
1782 446 446
1783 446 446
1784 446 446
1785 446 446
1786 446 446
1787 446 446
1788 446 446
1789 446 446
1790 446 446
1791 446 446
1792 446 446
1793 446 446
1794 446 446
1795 446 446
1796 446 446
1797 446 446
1798 446 446
1799 446 446
1800 446 446
1801 446 446
1802 446 446
1803 446 446
1804 446 446
1805 446 446
1806 446 446
1807 446 446
1808 446 446
1809 446 446
1810 446 446
1811 446 446
1812 446 446
1813 446 446
1814 446 446
1815 446 446
1816 446 446
1817 446 446
1818 446 446
1819 446 446
1820 446 446
1821 446 446
1822 446 446
1823 446 446
1824 446 446
1825 446 446
1826 446 446
1827 446 446
1828 446 446
1829 446 446
1830 446 446
1831 446 446
1832 446 446
1833 446 446
1834 446 446
1835 446 446
1836 446 446
1837 446 446
1838 446 446
1839 446 446
1840 446 446
1841 446 446
1842 446 446
1843 446 446
1844 446 446
1845 446 446
1846 446 446
1847 446 446
1848 446 446
1849 446 446
1850 446 446
1851 446 446
1852 446 446
1853 446 446
1854 446 446
1855 446 446
1856 446 446
1857 446 446
1858 446 446
1859 446 446
1860 446 446
1861 446 446
1862 446 446
1863 446 446
1864 446 446
1865 446 446
1866 446 446
1867 446 446
1868 446 446
1869 446 446
1870 446 446
1871 446 446
1872 446 446
1873 446 446
1874 446 446
1875 446 446
1876 446 446
1877 446 446
1878 446 446
1879 446 446
1880 446 446
1881 446 446
1882 446 446
1883 446 446
1884 446 446
1885 446 446
1886 446 446
1887 446 446
1888 446 446
1889 446 446
1890 446 446
1891 446 446
1892 446 446
1893 446 446
1894 446 446
1895 446 446
1896 446 446
1897 446 446
1898 446 446
1899 446 446
1900 446 446
1901 446 446
1902 446 446
1903 446 446
1904 446 446
1905 446 446
1906 446 446
1907 446 446
1908 446 446
1909 446 446
1910 446 446
1911 446 446
1912 446 446
1913 446 446
1914 446 446
1915 446 446
1916 446 446
1917 446 446
1918 446 446
1919 446 446
1920 446 446
1921 446 446
1922 446 446
1923 446 446
1924 446 446
1925 446 446
1926 446 446
1927 446 446
1928 446 446
1929 446 446
1930 446 446
1931 446 446
1932 446 446
1933 446 446
1934 446 446
1935 446 446
1936 446 446
1937 446 446
1938 446 446
1939 446 446
1940 446 446
1941 446 446
1942 446 446
1943 446 446
1944 446 446
1945 446 446
1946 446 446
1947 446 446
1948 446 446
1949 446 446
1950 446 446
1951 446 446
1952 446 446
1953 446 446
1954 446 446
1955 446 446
1956 446 446
1957 446 446
1958 446 446
1959 446 446
1960 446 446
1961 446 446
1962 446 446
1963 446 446
1964 446 446
1965 446 446
1966 446 446
1967 446 446
1968 446 446
1969 446 446
1970 446 446
1971 446 446
1972 446 446
1973 446 446
1974 446 446
1975 446 446
1976 446 446
1977 446 446
1978 446 446
1979 446 446
1980 446 446
1981 446 446
1982 446 446
1983 446 446
1984 446 446
1985 446 446
1986 446 446
1987 446 446
1988 446 446
1989 446 446
1990 446 446
1991 446 446
1992 446 446
1993 446 446
1994 446 446
1995 446 446
1996 446 446
1997 446 446
1998 446 446
1999 446 446
2000 446 446
2001 446 446
2002 446 446
2003 446 446
2004 446 446
2005 446 446
2006 446 446
2007 446 446
2008 446 446
2009 446 446
2010 446 446
2011 446 446
2012 446 446
2013 446 446
2014 446 446
2015 446 446
2016 446 446
2017 446 446
2018 446 446
2019 446 446
2020 446 446
2021 446 446
2022 446 446
2023 446 446
2024 446 446
2025 446 446
2026 446 446
2027 446 446
2028 446 446
2029 446 446
2030 446 446
2031 446 446
2032 446 446
2033 446 446
2034 446 446
2035 446 446
2036 446 446
2037 446 446
2038 446 446
2039 446 446
2040 446 446
2041 446 446
2042 446 446
2043 446 446
2044 446 446
2045 446 446
2046 446 446
2047 446 446
2048 446 446
2049 446 446
2050 446 446
2051 446 446
2052 446 446
2053 446 446
2054 446 446
2055 446 446
2056 446 446
2057 446 446
2058 446 446
2059 446 446
2060 446 446
2061 446 446
2062 446 446
2063 446 446
2064 446 446
2065 446 446
2066 446 446
2067 446 446
2068 446 446
2069 446 446
2070 446 446
2071 446 446
2072 446 446
2073 446 446
2074 446 446
2075 446 446
2076 446 446
2077 446 446
2078 446 446
2079 446 446
2080 446 446
2081 446 446
2082 446 446
2083 446 446
2084 446 446
2085 446 446
2086 446 446
2087 446 446
2088 446 446
2089 446 446
2090 446 446
2091 446 446
2092 446 446
2093 446 446
2094 446 446
2095 446 446
2096 446 446
2097 446 446
2098 446 446
2099 446 446
2100 446 446
2101 446 446
2102 446 446
2103 446 446
2104 446 446
2105 446 446
2106 446 446
2107 446 446
2108 446 446
2109 446 446
2110 446 446
2111 446 446
2112 446 446
2113 446 446
2114 446 446
2115 446 446
2116 446 446
2117 446 446
2118 446 446
2119 446 446
2120 446 446
2121 446 446
2122 446 446
2123 446 446
2124 446 446
2125 446 446
2126 446 446
2127 446 446
2128 446 446
2129 446 446
2130 446 446
2131 446 446
2132 446 446
2133 446 446
2134 446 446
2135 446 446
2136 446 446
2137 446 446
2138 446 446
2139 446 446
2140 446 446
2141 446 446
2142 446 446
2143 446 446
2144 446 446
2145 446 446
2146 446 446
2147 446 446
2148 446 446
2149 446 446
2150 446 446
2151 446 446
2152 446 446
2153 446 446
2154 446 446
2155 446 446
2156 446 446
2157 446 446
2158 446 446
2159 446 446
2160 446 446
2161 446 446
2162 446 446
2163 446 446
2164 446 446
2165 446 446
2166 446 446
2167 446 446
2168 446 446
2169 446 446
2170 446 446
2171 446 446
2172 446 446
2173 446 446
2174 446 446
2175 446 446
2176 446 446
2177 446 446
2178 446 446
2179 446 446
2180 446 446
2181 446 446
2182 446 446
2183 446 446
2184 446 446
2185 446 446
2186 446 446
2187 446 446
2188 446 446
2189 446 446
2190 446 446
2191 446 446
2192 446 446
2193 446 446
2194 446 446
2195 446 446
2196 446 446
2197 446 446
2198 446 446
2199 446 446
2200 446 446
2201 446 446
2202 446 446
2203 446 446
2204 446 446
2205 446 446
2206 446 446
2207 446 446
2208 446 446
2209 446 446
2210 446 446
2211 446 446
2212 446 446
2213 446 446
2214 446 446
2215 446 446
2216 446 446
2217 446 446
2218 446 446
2219 446 446
2220 446 446
2221 446 446
2222 446 446
2223 446 446
2224 446 446
2225 446 446
2226 446 446
2227 446 446
2228 446 446
2229 446 446
2230 446 446
2231 446 446
2232 446 446
2233 446 446
2234 446 446
2235 446 446
2236 446 446
2237 446 446
2238 446 446
2239 446 446
2240 446 446
2241 446 446
2242 446 446
2243 446 446
2244 446 446
2245 446 446
2246 446 446
2247 446 446
2248 446 446
2249 446 446
2250 446 446
2251 446 446
2252 446 446
2253 446 446
2254 446 446
2255 446 446
2256 446 446
2257 446 446
2258 446 446
2259 446 446
2260 446 446
2261 446 446
2262 446 446
2263 446 446
2264 446 446
2265 446 446
2266 446 446
2267 446 446
2268 446 446
2269 446 446
2270 446 446
2271 446 446
2272 446 446
2273 446 446
2274 446 446
2275 446 446
2276 446 446
2277 446 446
2278 446 446
2279 446 446
2280 446 446
2281 446 446
2282 446 446
2283 446 446
2284 446 446
2285 446 446
2286 446 446
2287 446 446
2288 446 446
2289 446 446
2290 446 446
2291 446 446
2292 446 446
2293 446 446
2294 446 446
2295 446 446
2296 446 446
2297 446 446
2298 446 446
2299 446 446
2300 446 446
2301 446 446
2302 446 446
2303 446 446
2304 446 446
2305 446 446
2306 446 446
2307 446 446
2308 446 446
2309 446 446
2310 446 446
2311 446 446
2312 446 446
2313 446 446
2314 446 446
2315 446 446
2316 446 446
2317 446 446
2318 446 446
2319 446 446
2320 446 446
2321 446 446
2322 446 446
2323 446 446
2324 446 446
2325 446 446
2326 446 446
2327 446 446
2328 446 446
2329 446 446
2330 446 446
2331 446 446
2332 446 446
2333 446 446
2334 446 446
2335 446 446
2336 446 446
2337 446 446
2338 446 446
2339 446 446
2340 446 446
2341 446 446
2342 446 446
2343 446 446
2344 446 446
2345 446 446
2346 446 446
2347 446 446
2348 446 446
2349 446 446
2350 446 446
2351 446 446
2352 446 446
2353 446 446
2354 446 446
2355 446 446
2356 446 446
2357 446 446
2358 446 446
2359 446 446
2360 446 446
2361 446 446
2362 446 446
2363 446 446
2364 446 446
2365 446 446
2366 446 446
2367 446 446
2368 446 446
2369 446 446
2370 446 446
2371 446 446
2372 446 446
2373 446 446
2374 446 446
2375 446 446
2376 446 446
2377 446 446
2378 446 446
2379 446 446
2380 446 446
2381 446 446
2382 446 446
2383 446 446
2384 446 446
2385 446 446
2386 446 446
2387 446 446
2388 446 446
2389 446 446
2390 446 446
2391 446 446
2392 446 446
2393 446 446
2394 446 446
2395 446 446
2396 446 446
2397 446 446
2398 446 446
2399 446 446
2400 446 446
2401 446 446
2402 446 446
2403 446 446
2404 446 446
2405 446 446
2406 446 446
2407 446 446
2408 446 446
2409 446 446
2410 446 446
2411 446 446
2412 446 446
2413 446 446
2414 446 446
2415 446 446
2416 446 446
2417 446 446
2418 446 446
2419 446 446
2420 446 446
2421 446 446
2422 446 446
2423 446 446
2424 446 446
2425 446 446
2426 446 446
2427 446 446
2428 446 446
2429 446 446
2430 446 446
2431 446 446
2432 446 446
2433 446 446
2434 446 446
2435 446 446
2436 446 446
2437 446 446
2438 446 446
2439 446 446
2440 446 446
2441 446 446
2442 446 446
2443 446 446
2444 446 446
2445 446 446
2446 446 446
2447 446 446
2448 446 446
2449 446 446
2450 446 446
2451 446 446
2452 446 446
2453 446 446
2454 446 446
2455 446 446
2456 446 446
2457 446 446
2458 446 446
2459 446 446
2460 446 446
2461 446 446
2462 446 446
2463 446 446
2464 446 446
2465 446 446
2466 446 446
2467 446 446
2468 446 446
2469 446 446
2470 446 446
2471 446 446
2472 446 446
2473 446 446
2474 446 446
2475 446 446
2476 446 446
2477 446 446
2478 446 446
2479 446 446
2480 446 446
2481 446 446
2482 446 446
2483 446 446
2484 446 446
2485 446 446
2486 446 446
2487 446 446
2488 446 446
2489 446 446
2490 446 446
2491 446 446
2492 446 446
2493 446 446
2494 446 446
2495 446 446
2496 446 446
2497 446 446
2498 446 446
2499 446 446
2500 446 446
2501 446 446
2502 446 446
2503 446 446
2504 446 446
2505 446 446
2506 446 446
2507 446 446
2508 446 446
2509 446 446
2510 446 446
2511 446 446
2512 446 446
2513 446 446
2514 446 446
2515 446 446
2516 446 446
2517 446 446
2518 446 446
2519 446 446
2520 446 446
2521 446 446
2522 446 446
2523 446 446
2524 446 446
2525 446 446
2526 446 446
2527 446 446
2528 446 446
2529 446 446
2530 446 446
2531 446 446
2532 446 446
2533 446 446
2534 446 446
2535 446 446
2536 446 446
2537 446 446
2538 446 446
2539 446 446
2540 446 446
2541 446 446
2542 446 446
2543 446 446
2544 446 446
2545 446 446
2546 446 446
2547 446 446
2548 446 446
2549 446 446
2550 446 446
2551 446 446
2552 446 446
2553 446 446
2554 446 446
2555 446 446
2556 446 446
2557 446 446
2558 446 446
2559 446 446
2560 446 446
2561 446 446
2562 446 446
2563 446 446
2564 446 446
2565 446 446
2566 446 446
2567 446 446
2568 446 446
2569 446 446
2570 446 446
2571 446 446
2572 446 446
2573 446 446
2574 446 446
2575 446 446
2576 446 446
2577 446 446
2578 446 446
2579 446 446
2580 446 446
2581 446 446
2582 446 446
2583 446 446
2584 446 446
2585 446 446
2586 446 446
2587 446 446
2588 446 446
2589 446 446
2590 446 446
2591 446 446
2592 446 446
2593 446 446
2594 446 446
2595 446 446
2596 446 446
2597 446 446
2598 446 446
2599 446 446
2600 446 446
2601 446 446
2602 446 446
2603 446 446
2604 446 446
2605 446 446
2606 446 446
2607 446 446
2608 446 446
2609 446 446
2610 446 446
2611 446 446
2612 446 446
2613 446 446
2614 446 446
2615 446 446
2616 446 446
2617 446 446
2618 446 446
2619 446 446
2620 446 446
2621 446 446
2622 446 446
2623 446 446
2624 446 446
2625 446 446
2626 446 446
2627 446 446
2628 446 446
2629 446 446
2630 446 446
2631 446 446
2632 446 446
2633 446 446
2634 446 446
2635 446 446
2636 446 446
2637 446 446
2638 446 446
2639 446 446
2640 446 446
2641 446 446
2642 446 446
2643 446 446
2644 446 446
2645 446 446
2646 446 446
2647 446 446
2648 446 446
2649 446 446
2650 446 446
2651 446 446
2652 446 446
2653 446 446
2654 446 446
2655 446 446
2656 446 446
2657 446 446
2658 446 446
2659 446 446
2660 446 446
2661 446 446
2662 446 446
2663 446 446
2664 446 446
2665 446 446
2666 446 446
2667 446 446
2668 446 446
2669 446 446
2670 446 446
2671 446 446
2672 446 446
2673 446 446
2674 446 446
2675 446 446
2676 446 446
2677 446 446
2678 446 446
2679 446 446
2680 446 446
2681 446 446
2682 446 446
2683 446 446
2684 446 446
2685 446 446
2686 446 446
2687 446 446
2688 446 446
2689 446 446
2690 446 446
2691 446 446
2692 446 446
2693 446 446
2694 446 446
2695 446 446
2696 446 446
2697 446 446
2698 446 446
2699 446 446
2700 446 446
2701 446 446
2702 446 446
2703 446 446
2704 446 446
2705 446 446
2706 446 446
2707 446 446
2708 446 446
2709 446 446
2710 446 446
2711 446 446
2712 446 446
2713 446 446
2714 446 446
2715 446 446
2716 446 446
2717 446 446
2718 446 446
2719 446 446
2720 446 446
2721 446 446
2722 446 446
2723 446 446
2724 446 446
2725 446 446
2726 446 446
2727 446 446
2728 446 446
2729 446 446
2730 446 446
2731 446 446
2732 446 446
2733 446 446
2734 446 446
2735 446 446
2736 446 446
2737 446 446
2738 446 446
2739 446 446
2740 446 446
2741 446 446
2742 446 446
2743 446 446
2744 446 446
2745 446 446
2746 446 446
2747 446 446
2748 446 446
2749 446 446
2750 446 446
2751 446 446
2752 446 446
2753 446 446
2754 446 446
2755 446 446
2756 446 446
2757 446 446
2758 446 446
2759 446 446
2760 446 446
2761 446 446
2762 446 446
2763 446 446
2764 446 446
2765 446 446
2766 446 446
2767 446 446
2768 446 446
2769 446 446
2770 446 446
2771 446 446
2772 446 446
2773 446 446
2774 446 446
2775 446 446
2776 446 446
2777 446 446
2778 446 446
2779 446 446
2780 446 446
2781 446 446
2782 446 446
2783 446 446
2784 446 446
2785 446 446
2786 446 446
2787 446 446
2788 446 446
2789 446 446
2790 446 446
2791 446 446
2792 446 446
2793 446 446
2794 446 446
2795 446 446
2796 446 446
2797 446 446
2798 446 446
2799 446 446
2800 446 446
2801 446 446
2802 446 446
2803 446 446
2804 446 446
2805 446 446
2806 446 446
2807 446 446
2808 446 446
2809 446 446
2810 446 446
2811 446 446
2812 446 446
2813 446 446
2814 446 446
2815 446 446
2816 446 446
2817 446 446
2818 446 446
2819 446 446
2820 446 446
2821 446 446
2822 446 446
2823 446 446
2824 446 446
2825 446 446
2826 446 446
2827 446 446
2828 446 446
2829 446 446
2830 446 446
2831 446 446
2832 446 446
2833 446 446
2834 446 446
2835 446 446
2836 446 446
2837 446 446
2838 446 446
2839 446 446
2840 446 446
2841 446 446
2842 446 446
2843 446 446
2844 446 446
2845 446 446
2846 446 446
2847 446 446
2848 446 446
2849 446 446
2850 446 446
2851 446 446
2852 446 446
2853 446 446
2854 446 446
2855 446 446
2856 446 446
2857 446 446
2858 446 446
2859 446 446
2860 446 446
2861 446 446
2862 446 446
2863 446 446
2864 446 446
2865 446 446
2866 446 446
2867 446 446
2868 446 446
2869 446 446
2870 446 446
2871 446 446
2872 446 446
2873 446 446
2874 446 446
2875 446 446
2876 446 446
2877 446 446
2878 446 446
2879 446 446
2880 446 446
2881 446 446
2882 446 446
2883 446 446
2884 446 446
2885 446 446
2886 446 446
2887 446 446
2888 446 446
2889 446 446
2890 446 446
2891 446 446
2892 446 446
2893 446 446
2894 446 446
2895 446 446
2896 446 446
2897 446 446
2898 446 446
2899 446 446
2900 446 446
2901 446 446
2902 446 446
2903 446 446
2904 446 446
2905 446 446
2906 446 446
2907 446 446
2908 446 446
2909 446 446
2910 446 446
2911 446 446
2912 446 446
2913 446 446
2914 446 446
2915 446 446
2916 446 446
2917 446 446
2918 446 446
2919 446 446
2920 446 446
2921 446 446
2922 446 446
2923 446 446
2924 446 446
2925 446 446
2926 446 446
2927 446 446
2928 446 446
2929 446 446
2930 446 446
2931 446 446
2932 446 446
2933 446 446
2934 446 446
2935 446 446
2936 446 446
2937 446 446
2938 446 446
2939 446 446
2940 446 446
2941 446 446
2942 446 446
2943 446 446
2944 446 446
2945 446 446
2946 446 446
2947 446 446
2948 446 446
2949 446 446
2950 446 446
2951 446 446
2952 446 446
2953 446 446
2954 446 446
2955 446 446
2956 446 446
2957 446 446
2958 446 446
2959 446 446
2960 446 446
2961 446 446
2962 446 446
2963 446 446
2964 446 446
2965 446 446
2966 446 446
2967 446 446
2968 446 446
2969 446 446
2970 446 446
2971 446 446
2972 446 446
2973 446 446
2974 446 446
2975 446 446
2976 446 446
2977 446 446
2978 446 446
2979 446 446
2980 446 446
2981 446 446
2982 446 446
2983 446 446
2984 446 446
2985 446 446
2986 446 446
2987 446 446
2988 446 446
2989 446 446
2990 446 446
2991 446 446
2992 446 446
2993 446 446
2994 446 446
2995 446 446
2996 446 446
2997 446 446
2998 446 446
2999 446 446
3000 446 446
3001 446 446
3002 446 446
3003 446 446
3004 446 446
3005 446 446
3006 446 446
3007 446 446
3008 446 446
3009 446 446
3010 446 446
3011 446 446
3012 446 446
3013 446 446
3014 446 446
3015 446 446
3016 446 446
3017 446 446
3018 446 446
3019 446 446
3020 446 446
3021 446 446
3022 446 446
3023 446 446
3024 446 446
3025 446 446
3026 446 446
3027 446 446
3028 446 446
3029 446 446
3030 446 446
3031 446 446
3032 446 446
3033 446 446
3034 446 446
3035 446 446
3036 446 446
3037 446 446
3038 446 446
3039 446 446
3040 446 446
3041 446 446
3042 446 446
3043 446 446
3044 446 446
3045 446 446
3046 446 446
3047 446 446
3048 446 446
3049 446 446
3050 446 446
3051 446 446
3052 446 446
3053 446 446
3054 446 446
3055 446 446
3056 446 446
3057 446 446
3058 446 446
3059 446 446
3060 446 446
3061 446 446
3062 446 446
3063 446 446
3064 446 446
3065 446 446
3066 446 446
3067 446 446
3068 446 446
3069 446 446
3070 446 446
3071 446 446
3072 446 446
3073 446 446
3074 446 446
3075 446 446
3076 446 446
3077 446 446
3078 446 446
3079 446 446
3080 446 446
3081 446 446
3082 446 446
3083 446 446
3084 446 446
3085 446 446
3086 446 446
3087 446 446
3088 446 446
3089 446 446
3090 446 446
3091 446 446
3092 446 446
3093 446 446
3094 446 446
3095 446 446
3096 446 446
3097 446 446
3098 446 446
3099 446 446
3100 446 446
3101 446 446
3102 446 446
3103 446 446
3104 446 446
3105 446 446
3106 446 446
3107 446 446
3108 446 446
3109 446 446
3110 446 446
3111 446 446
3112 446 446
3113 446 446
3114 446 446
3115 446 446
3116 446 446
3117 446 446
3118 446 446
3119 446 446
3120 446 446
3121 446 446
3122 446 446
3123 446 446
3124 446 446
3125 446 446
3126 446 446
3127 446 446
3128 446 446
3129 446 446
3130 446 446
3131 446 446
3132 446 446
3133 446 446
3134 446 446
3135 446 446
3136 446 446
3137 446 446
3138 446 446
3139 446 446
3140 446 446
3141 446 446
3142 446 446
3143 446 446
3144 446 446
3145 446 446
3146 446 446
3147 446 446
3148 446 446
3149 446 446
3150 446 446
3151 446 446
3152 446 446
3153 446 446
3154 446 446
3155 446 446
3156 446 446
3157 446 446
3158 446 446
3159 446 446
3160 446 446
3161 446 446
3162 446 446
3163 446 446
3164 446 446
3165 446 446
3166 446 446
3167 446 446
3168 446 446
3169 446 446
3170 446 446
3171 446 446
3172 446 446
3173 446 446
3174 446 446
3175 446 446
3176 446 446
3177 446 446
3178 446 446
3179 446 446
3180 446 446
3181 446 446
3182 446 446
3183 446 446
3184 446 446
3185 446 446
3186 446 446
3187 446 446
3188 446 446
3189 446 446
3190 446 446
3191 446 446
3192 446 446
3193 446 446
3194 446 446
3195 446 446
3196 446 446
3197 446 446
3198 446 446
3199 446 446
3200 446 446
3201 446 446
3202 446 446
3203 446 446
3204 446 446
3205 446 446
3206 446 446
3207 446 446
3208 446 446
3209 446 446
3210 446 446
3211 446 446
3212 446 446
3213 446 446
3214 446 446
3215 446 446
3216 446 446
3217 446 446
3218 446 446
3219 446 446
3220 446 446
3221 446 446
3222 446 446
3223 446 446
3224 446 446
3225 446 446
3226 446 446
3227 446 446
3228 446 446
3229 446 446
3230 446 446
3231 446 446
3232 446 446
3233 446 446
3234 446 446
3235 446 446
3236 446 446
3237 446 446
3238 446 446
3239 446 446
3240 446 446
3241 446 446
3242 446 446
3243 446 446
3244 446 446
3245 446 446
3246 446 446
3247 446 446
3248 446 446
3249 446 446
3250 446 446
3251 446 446
3252 446 446
3253 446 446
3254 446 446
3255 446 446
3256 446 446
3257 446 446
3258 446 446
3259 446 446
3260 446 446
3261 446 446
3262 446 446
3263 446 446
3264 446 446
3265 446 446
3266 446 446
3267 446 446
3268 446 446
3269 446 446
3270 446 446
3271 446 446
3272 446 446
3273 446 446
3274 446 446
3275 446 446
3276 446 446
3277 446 446
3278 446 446
3279 446 446
3280 446 446
3281 446 446
3282 446 446
3283 446 446
3284 446 446
3285 446 446
3286 446 446
3287 446 446
3288 446 446
3289 446 446
3290 446 446
3291 446 446
3292 446 446
3293 446 446
3294 446 446
3295 446 446
3296 446 446
3297 446 446
3298 446 446
3299 446 446
3300 446 446
3301 446 446
3302 446 446
3303 446 446
3304 446 446
3305 446 446
3306 446 446
3307 446 446
3308 446 446
3309 446 446
3310 446 446
3311 446 446
3312 446 446
3313 446 446
3314 446 446
3315 446 446
3316 446 446
3317 446 446
3318 446 446
3319 446 446
3320 446 446
3321 446 446
3322 446 446
3323 446 446
3324 446 446
3325 446 446
3326 446 446
3327 446 446
3328 446 446
3329 446 446
3330 446 446
3331 446 446
3332 446 446
3333 446 446
3334 446 446
3335 446 446
3336 446 446
3337 446 446
3338 446 446
3339 446 446
3340 446 446
3341 446 446
3342 446 446
3343 446 446
3344 446 446
3345 446 446
3346 446 446
3347 446 446
3348 446 446
3349 446 446
3350 446 446
3351 446 446
3352 446 446
3353 446 446
3354 446 446
3355 446 446
3356 446 446
3357 446 446
3358 446 446
3359 446 446
3360 446 446
3361 446 446
3362 446 446
3363 446 446
3364 446 446
3365 446 446
3366 446 446
3367 446 446
3368 446 446
3369 446 446
3370 446 446
3371 446 446
3372 446 446
3373 446 446
3374 446 446
3375 446 446
3376 446 446
3377 446 446
3378 446 446
3379 446 446
3380 446 446
3381 446 446
3382 446 446
3383 446 446
3384 446 446
3385 446 446
3386 446 446
3387 446 446
3388 446 446
3389 446 446
3390 446 446
3391 446 446
3392 446 446
3393 446 446
3394 446 446
3395 446 446
3396 446 446
3397 446 446
3398 446 446
3399 446 446
3400 446 446
3401 446 446
3402 446 446
3403 446 446
3404 446 446
3405 446 446
3406 446 446
3407 446 446
3408 446 446
3409 446 446
3410 446 446
3411 446 446
3412 446 446
3413 446 446
3414 446 446
3415 446 446
3416 446 446
3417 446 446
3418 446 446
3419 446 446
3420 446 446
3421 446 446
3422 446 446
3423 446 446
3424 446 446
3425 446 446
3426 446 446
3427 446 446
3428 446 446
3429 446 446
3430 446 446
3431 446 446
3432 446 446
3433 446 446
3434 446 446
3435 446 446
3436 446 446
3437 446 446
3438 446 446
3439 446 446
3440 446 446
3441 446 446
3442 446 446
3443 446 446
3444 446 446
3445 446 446
3446 446 446
3447 446 446
3448 446 446
3449 446 446
3450 446 446
3451 446 446
3452 446 446
3453 446 446
3454 446 446
3455 446 446
3456 446 446
3457 446 446
3458 446 446
3459 446 446
3460 446 446
3461 446 446
3462 446 446
3463 446 446
3464 446 446
3465 446 446
3466 446 446
3467 446 446
3468 446 446
3469 446 446
3470 446 446
3471 446 446
3472 446 446
3473 446 446
3474 446 446
3475 446 446
3476 446 446
3477 446 446
3478 446 446
3479 446 446
3480 446 446
3481 446 446
3482 446 446
3483 446 446
3484 446 446
3485 446 446
3486 446 446
3487 446 446
3488 446 446
3489 446 446
3490 446 446
3491 446 446
3492 446 446
3493 446 446
3494 446 446
3495 446 446
3496 446 446
3497 446 446
3498 446 446
3499 446 446
3500 446 446
3501 446 446
3502 446 446
3503 446 446
3504 446 446
3505 446 446
3506 446 446
3507 446 446
3508 446 446
3509 446 446
3510 446 446
3511 446 446
3512 446 446
3513 446 446
3514 446 446
3515 446 446
3516 446 446
3517 446 446
3518 446 446
3519 446 446
3520 446 446
3521 446 446
3522 446 446
3523 446 446
3524 446 446
3525 446 446
3526 446 446
3527 446 446
3528 446 446
3529 446 446
3530 446 446
3531 446 446
3532 446 446
3533 446 446
3534 446 446
3535 446 446
3536 446 446
3537 446 446
3538 446 446
3539 446 446
3540 446 446
3541 446 446
3542 446 446
3543 446 446
3544 446 446
3545 446 446
3546 446 446
3547 446 446
3548 446 446
3549 446 446
3550 446 446
3551 446 446
3552 446 446
3553 446 446
3554 446 446
3555 446 446
3556 446 446
3557 446 446
3558 446 446
3559 446 446
3560 446 446
3561 446 446
3562 446 446
3563 446 446
3564 446 446
3565 446 446
3566 446 446
3567 446 446
3568 446 446
3569 446 446
3570 446 446
3571 446 446
3572 446 446
3573 446 446
3574 446 446
3575 446 446
3576 446 446
3577 446 446
3578 446 446
3579 446 446
3580 446 446
3581 446 446
3582 446 446
3583 446 446
3584 446 446
3585 446 446
3586 446 446
3587 446 446
3588 446 446
3589 446 446
3590 446 446
3591 446 446
3592 446 446
3593 446 446
3594 446 446
3595 446 446
3596 446 446
3597 446 446
3598 446 446
3599 446 446
3600 446 446
3601 446 446
3602 446 446
3603 446 446
3604 446 446
3605 446 446
3606 446 446
3607 446 446
3608 446 446
3609 446 446
3610 446 446
3611 446 446
3612 446 446
3613 446 446
3614 446 446
3615 446 446
3616 446 446
3617 446 446
3618 446 446
3619 446 446
3620 446 446
3621 446 446
3622 446 446
3623 446 446
3624 446 446
3625 446 446
3626 446 446
3627 446 446
3628 446 446
3629 446 446
3630 446 446
3631 446 446
3632 446 446
3633 446 446
3634 446 446
3635 446 446
3636 446 446
3637 446 446
3638 446 446
3639 446 446
3640 446 446
3641 446 446
3642 446 446
3643 446 446
3644 446 446
3645 446 446
3646 446 446
3647 446 446
3648 446 446
3649 446 446
3650 446 446
3651 446 446
3652 446 446
3653 446 446
3654 446 446
3655 446 446
3656 446 446
3657 446 446
3658 446 446
3659 446 446
3660 446 446
3661 446 446
3662 446 446
3663 446 446
3664 446 446
3665 446 446
3666 446 446
3667 446 446
3668 446 446
3669 446 446
3670 446 446
3671 446 446
3672 446 446
3673 446 446
3674 446 446
3675 446 446
3676 446 446
3677 446 446
3678 446 446
3679 446 446
3680 446 446
3681 446 446
3682 446 446
3683 446 446
3684 446 446
3685 446 446
3686 446 446
3687 446 446
3688 446 446
3689 446 446
3690 446 446
3691 446 446
3692 446 446
3693 446 446
3694 446 446
3695 446 446
3696 446 446
3697 446 446
3698 446 446
3699 446 446
3700 446 446
3701 446 446
3702 446 446
3703 446 446
3704 446 446
3705 446 446
3706 446 446
3707 446 446
3708 446 446
3709 446 446
3710 446 446
3711 446 446
3712 446 446
3713 446 446
3714 446 446
3715 446 446
3716 446 446
3717 446 446
3718 446 446
3719 446 446
3720 446 446
3721 446 446
3722 446 446
3723 446 446
3724 446 446
3725 446 446
3726 446 446
3727 446 446
3728 446 446
3729 446 446
3730 446 446
3731 446 446
3732 446 446
3733 446 446
3734 446 446
3735 446 446
3736 446 446
3737 446 446
3738 446 446
3739 446 446
3740 446 446
3741 446 446
3742 446 446
3743 446 446
3744 446 446
3745 446 446
3746 446 446
3747 446 446
3748 446 446
3749 446 446
3750 446 446
3751 446 446
3752 446 446
3753 446 446
3754 446 446
3755 446 446
3756 446 446
3757 446 446
3758 446 446
3759 446 446
3760 446 446
3761 446 446
3762 446 446
3763 446 446
3764 446 446
3765 446 446
3766 446 446
3767 446 446
3768 446 446
3769 446 446
3770 446 446
3771 446 446
3772 446 446
3773 446 446
3774 446 446
3775 446 446
3776 446 446
3777 446 446
3778 446 446
3779 446 446
3780 446 446
3781 446 446
3782 446 446
3783 446 446
3784 446 446
3785 446 446
3786 446 446
3787 446 446
3788 446 446
3789 446 446
3790 446 446
3791 446 446
3792 446 446
3793 446 446
3794 446 446
3795 446 446
3796 446 446
3797 446 446
3798 446 446
3799 446 446
3800 446 446
3801 446 446
3802 446 446
3803 446 446
3804 446 446
3805 446 446
3806 446 446
3807 446 446
3808 446 446
3809 446 446
3810 446 446
3811 446 446
3812 446 446
3813 446 446
3814 446 446
3815 446 446
3816 446 446
3817 446 446
3818 446 446
3819 446 446
3820 446 446
3821 446 446
3822 446 446
3823 446 446
3824 446 446
3825 446 446
3826 446 446
3827 446 446
3828 446 446
3829 446 446
3830 446 446
3831 446 446
3832 446 446
3833 446 446
3834 446 446
3835 446 446
3836 446 446
3837 446 446
3838 446 446
3839 446 446
3840 446 446
3841 446 446
3842 446 446
3843 446 446
3844 446 446
3845 446 446
3846 446 446
3847 446 446
3848 446 446
3849 446 446
3850 446 446
3851 446 446
3852 446 446
3853 446 446
3854 446 446
3855 446 446
3856 446 446
3857 446 446
3858 446 446
3859 446 446
3860 446 446
3861 446 446
3862 446 446
3863 446 446
3864 446 446
3865 446 446
3866 446 446
3867 446 446
3868 446 446
3869 446 446
3870 446 446
3871 446 446
3872 446 446
3873 446 446
3874 446 446
3875 446 446
3876 446 446
3877 446 446
3878 446 446
3879 446 446
3880 446 446
3881 446 446
3882 446 446
3883 446 446
3884 446 446
3885 446 446
3886 446 446
3887 446 446
3888 446 446
3889 446 446
3890 446 446
3891 446 446
3892 446 446
3893 446 446
3894 446 446
3895 446 446
3896 446 446
3897 446 446
3898 446 446
3899 446 446
3900 446 446
3901 446 446
3902 446 446
3903 446 446
3904 446 446
3905 446 446
3906 446 446
3907 446 446
3908 446 446
3909 446 446
3910 446 446
3911 446 446
3912 446 446
3913 446 446
3914 446 446
3915 446 446
3916 446 446
3917 446 446
3918 446 446
3919 446 446
3920 446 446
3921 446 446
3922 446 446
3923 446 446
3924 446 446
3925 446 446
3926 446 446
3927 446 446
3928 446 446
3929 446 446
3930 446 446
3931 446 446
3932 446 446
3933 446 446
3934 446 446
3935 446 446
3936 446 446
3937 446 446
3938 446 446
3939 446 446
3940 446 446
3941 446 446
3942 446 446
3943 446 446
3944 446 446
3945 446 446
3946 446 446
3947 446 446
3948 446 446
3949 446 446
3950 446 446
3951 446 446
3952 446 446
3953 446 446
3954 446 446
3955 446 446
3956 446 446
3957 446 446
3958 446 446
3959 446 446
3960 446 446
3961 446 446
3962 446 446
3963 446 446
3964 446 446
3965 446 446
3966 446 446
3967 446 446
3968 446 446
3969 446 446
3970 446 446
3971 446 446
3972 446 446
3973 446 446
3974 446 446
3975 446 446
3976 446 446
3977 446 446
3978 446 446
3979 446 446
3980 446 446
3981 446 446
3982 446 446
3983 446 446
3984 446 446
3985 446 446
3986 446 446
3987 446 446
3988 446 446
3989 446 446
3990 446 446
3991 446 446
3992 446 446
3993 446 446
3994 446 446
3995 446 446
3996 446 446
3997 446 446
3998 446 446
3999 446 446
4000 446 446
4001 446 446
4002 446 446
4003 446 446
4004 446 446
4005 446 446
4006 446 446
4007 446 446
4008 446 446
4009 446 446
4010 446 446
4011 446 446
4012 446 446
4013 446 446
4014 446 446
4015 446 446
4016 446 446
4017 446 446
4018 446 446
4019 446 446
4020 446 446
4021 446 446
4022 446 446
4023 446 446
4024 446 446
4025 446 446
4026 446 446
4027 446 446
4028 446 446
4029 446 446
4030 446 446
4031 446 446
4032 446 446
4033 446 446
4034 446 446
4035 446 446
4036 446 446
4037 446 446
4038 446 446
4039 446 446
4040 446 446
4041 446 446
4042 446 446
4043 446 446
4044 446 446
4045 446 446
4046 446 446
4047 446 446
4048 446 446
4049 446 446
4050 446 446
4051 446 446
4052 446 446
4053 446 446
4054 446 446
4055 446 446
4056 446 446
4057 446 446
4058 446 446
4059 446 446
4060 446 446
4061 446 446
4062 446 446
4063 446 446
4064 446 446
4065 446 446
4066 446 446
4067 446 446
4068 446 446
4069 446 446
4070 446 446
4071 446 446
4072 446 446
4073 446 446
4074 446 446
4075 446 446
4076 446 446
4077 446 446
4078 446 446
4079 446 446
4080 446 446
4081 446 446
4082 446 446
4083 446 446
4084 446 446
4085 446 446
4086 446 446
4087 446 446
4088 446 446
4089 446 446
4090 446 446
4091 446 446
4092 446 446
4093 446 446
4094 446 446
4095 446 446
4096 446 446
4097 446 446
4098 446 446
4099 446 446
4100 446 446
4101 446 446
4102 446 446
4103 446 446
4104 446 446
4105 446 446
4106 446 446
4107 446 446
4108 446 446
4109 446 446
4110 446 446
4111 446 446
4112 446 446
4113 446 446
4114 446 446
4115 446 446
4116 446 446
4117 446 446
4118 446 446
4119 446 446
4120 446 446
4121 446 446
4122 446 446
4123 446 446
4124 446 446
4125 446 446
4126 446 446
4127 446 446
4128 446 446
4129 446 446
4130 446 446
4131 446 446
4132 446 446
4133 446 446
4134 446 446
4135 446 446
4136 446 446
4137 446 446
4138 446 446
4139 446 446
4140 446 446
4141 446 446
4142 446 446
4143 446 446
4144 446 446
4145 446 446
4146 446 446
4147 446 446
4148 446 446
4149 446 446
4150 446 446
4151 446 446
4152 446 446
4153 446 446
4154 446 446
4155 446 446
4156 446 446
4157 446 446
4158 446 446
4159 446 446
4160 446 446
4161 446 446
4162 446 446
4163 446 446
4164 446 446
4165 446 446
4166 446 446
4167 446 446
4168 446 446
4169 446 446
4170 446 446
4171 446 446
4172 446 446
4173 446 446
4174 446 446
4175 446 446
4176 446 446
4177 446 446
4178 446 446
4179 446 446
4180 446 446
4181 446 446
4182 446 446
4183 446 446
4184 446 446
4185 446 446
4186 446 446
4187 446 446
4188 446 446
4189 446 446
4190 446 446
4191 446 446
4192 446 446
4193 446 446
4194 446 446
4195 446 446
4196 446 446
4197 446 446
4198 446 446
4199 446 446
4200 446 446
4201 446 446
4202 446 446
4203 446 446
4204 446 446
4205 446 446
4206 446 446
4207 446 446
4208 446 446
4209 446 446
4210 446 446
4211 446 446
4212 446 446
4213 446 446
4214 446 446
4215 446 446
4216 446 446
4217 446 446
4218 446 446
4219 446 446
4220 446 446
4221 446 446
4222 446 446
4223 446 446
4224 446 446
4225 446 446
4226 446 446
4227 446 446
4228 446 446
4229 446 446
4230 446 446
4231 446 446
4232 446 446
4233 446 446
4234 446 446
4235 446 446
4236 446 446
4237 446 446
4238 446 446
4239 446 446
4240 446 446
4241 446 446
4242 446 446
4243 446 446
4244 446 446
4245 446 446
4246 446 446
4247 446 446
4248 446 446
4249 446 446
4250 446 446
4251 446 446
4252 446 446
4253 446 446
4254 446 446
4255 446 446
4256 446 446
4257 446 446
4258 446 446
4259 446 446
4260 446 446
4261 446 446
4262 446 446
4263 446 446
4264 446 446
4265 446 446
4266 446 446
4267 446 446
4268 446 446
4269 446 446
4270 446 446
4271 446 446
4272 446 446
4273 446 446
4274 446 446
4275 446 446
4276 446 446
4277 446 446
4278 446 446
4279 446 446
4280 446 446
4281 446 446
4282 446 446
4283 446 446
4284 446 446
4285 446 446
4286 446 446
4287 446 446
4288 446 446
4289 446 446
4290 446 446
4291 446 446
4292 446 446
4293 446 446
4294 446 446
4295 446 446
4296 446 446
4297 446 446
4298 446 446
4299 446 446
4300 446 446
4301 446 446
4302 446 446
4303 446 446
4304 446 446
4305 446 446
4306 446 446
4307 446 446
4308 446 446
4309 446 446
4310 446 446
4311 446 446
4312 446 446
4313 446 446
4314 446 446
4315 446 446
4316 446 446
4317 446 446
4318 446 446
4319 446 446
4320 446 446
4321 446 446
4322 446 446
4323 446 446
4324 446 446
4325 446 446
4326 446 446
4327 446 446
4328 446 446
4329 446 446
4330 446 446
4331 446 446
4332 446 446
4333 446 446
4334 446 446
4335 446 446
4336 446 446
4337 446 446
4338 446 446
4339 446 446
4340 446 446
4341 446 446
4342 446 446
4343 446 446
4344 446 446
4345 446 446
4346 446 446
4347 446 446
4348 446 446
4349 446 446
4350 446 446
4351 446 446
4352 446 446
4353 446 446
4354 446 446
4355 446 446
4356 446 446
4357 446 446
4358 446 446
4359 446 446
4360 446 446
4361 446 446
4362 446 446
4363 446 446
4364 446 446
4365 446 446
4366 446 446
4367 446 446
4368 446 446
4369 446 446
4370 446 446
4371 446 446
4372 446 446
4373 446 446
4374 446 446
4375 446 446
4376 446 446
4377 446 446
4378 446 446
4379 446 446
4380 446 446
4381 446 446
4382 446 446
4383 446 446
4384 446 446
4385 446 446
4386 446 446
4387 446 446
4388 446 446
4389 446 446
4390 446 446
4391 446 446
4392 446 446
4393 446 446
4394 446 446
4395 446 446
4396 446 446
4397 446 446
4398 446 446
4399 446 446
4400 446 446
4401 446 446
4402 446 446
4403 446 446
4404 446 446
4405 446 446
4406 446 446
4407 446 446
4408 446 446
4409 446 446
4410 446 446
4411 446 446
4412 446 446
4413 446 446
4414 446 446
4415 446 446
4416 446 446
4417 446 446
4418 446 446
4419 446 446
4420 446 446
4421 446 446
4422 446 446
4423 446 446
4424 446 446
4425 446 446
4426 446 446
4427 446 446
4428 446 446
4429 446 446
4430 446 446
4431 446 446
4432 446 446
4433 446 446
4434 446 446
4435 446 446
4436 446 446
4437 446 446
4438 446 446
4439 446 446
4440 446 446
4441 446 446
4442 446 446
4443 446 446
4444 446 446
4445 446 446
4446 446 446
4447 446 446
4448 446 446
4449 446 446
4450 446 446
4451 446 446
4452 446 446
4453 446 446
4454 446 446
4455 446 446
4456 446 446
4457 446 446
4458 446 446
4459 446 446
4460 446 446
4461 446 446
4462 446 446
4463 446 446
4464 446 446
4465 446 446
4466 446 446
4467 446 446
4468 446 446
4469 446 446
4470 446 446
4471 446 446
4472 446 446
4473 446 446
4474 446 446
4475 446 446
4476 446 446
4477 446 446
4478 446 446
4479 446 446
4480 446 446
4481 446 446
4482 446 446
4483 446 446
4484 446 446
4485 446 446
4486 446 446
4487 446 446
4488 446 446
4489 446 446
4490 446 446
4491 446 446
4492 446 446
4493 446 446
4494 446 446
4495 446 446
4496 446 446
4497 446 446
4498 446 446
4499 446 446
4500 446 446
4501 446 446
4502 446 446
4503 446 446
4504 446 446
4505 446 446
4506 446 446
4507 446 446
4508 446 446
4509 446 446
4510 446 446
4511 446 446
4512 446 446
4513 446 446
4514 446 446
4515 446 446
4516 446 446
4517 446 446
4518 446 446
4519 446 446
4520 446 446
4521 446 446
4522 446 446
4523 446 446
4524 446 446
4525 446 446
4526 446 446
4527 446 446
4528 446 446
4529 446 446
4530 446 446
4531 446 446
4532 446 446
4533 446 446
4534 446 446
4535 446 446
4536 446 446
4537 446 446
4538 446 446
4539 446 446
4540 446 446
4541 446 446
4542 446 446
4543 446 446
4544 446 446
4545 446 446
4546 446 446
4547 446 446
4548 446 446
4549 446 446
4550 446 446
4551 446 446
4552 446 446
4553 446 446
4554 446 446
4555 446 446
4556 446 446
4557 446 446
4558 446 446
4559 446 446
4560 446 446
4561 446 446
4562 446 446
4563 446 446
4564 446 446
4565 446 446
4566 446 446
4567 446 446
4568 446 446
4569 446 446
4570 446 446
4571 446 446
4572 446 446
4573 446 446
4574 446 446
4575 446 446
4576 446 446
4577 446 446
4578 446 446
4579 446 446
4580 446 446
4581 446 446
4582 446 446
4583 446 446
4584 446 446
4585 446 446
4586 446 446
4587 446 446
4588 446 446
4589 446 446
4590 446 446
4591 446 446
4592 446 446
4593 446 446
4594 446 446
4595 446 446
4596 446 446
4597 446 446
4598 446 446
4599 446 446
4600 446 446
4601 446 446
4602 446 446
4603 446 446
4604 446 446
4605 446 446
4606 446 446
4607 446 446
4608 446 446
4609 446 446
4610 446 446
4611 446 446
4612 446 446
4613 446 446
4614 446 446
4615 446 446
4616 446 446
4617 446 446
4618 446 446
4619 446 446
4620 446 446
4621 446 446
4622 446 446
4623 446 446
4624 446 446
4625 446 446
4626 446 446
4627 446 446
4628 446 446
4629 446 446
4630 446 446
4631 446 446
4632 446 446
4633 446 446
4634 446 446
4635 446 446
4636 446 446
4637 446 446
4638 446 446
4639 446 446
4640 446 446
4641 446 446
4642 446 446
4643 446 446
4644 446 446
4645 446 446
4646 446 446
4647 446 446
4648 446 446
4649 446 446
4650 446 446
4651 446 446
4652 446 446
4653 446 446
4654 446 446
4655 446 446
4656 446 446
4657 446 446
4658 446 446
4659 446 446
4660 446 446
4661 446 446
4662 446 446
4663 446 446
4664 446 446
4665 446 446
4666 446 446
4667 446 446
4668 446 446
4669 446 446
4670 446 446
4671 446 446
4672 446 446
4673 446 446
4674 446 446
4675 446 446
4676 446 446
4677 446 446
4678 446 446
4679 446 446
4680 446 446
4681 446 446
4682 446 446
4683 446 446
4684 446 446
4685 446 446
4686 446 446
4687 446 446
4688 446 446
4689 446 446
4690 446 446
4691 446 446
4692 446 446
4693 446 446
4694 446 446
4695 446 446
4696 446 446
4697 446 446
4698 446 446
4699 446 446
4700 446 446
4701 446 446
4702 446 446
4703 446 446
4704 446 446
4705 446 446
4706 446 446
4707 446 446
4708 446 446
4709 446 446
4710 446 446
4711 446 446
4712 446 446
4713 446 446
4714 446 446
4715 446 446
4716 446 446
4717 446 446
4718 446 446
4719 446 446
4720 446 446
4721 446 446
4722 446 446
4723 446 446
4724 446 446
4725 446 446
4726 446 446
4727 446 446
4728 446 446
4729 446 446
4730 446 446
4731 446 446
4732 446 446
4733 446 446
4734 446 446
4735 446 446
4736 446 446
4737 446 446
4738 446 446
4739 446 446
4740 446 446
4741 446 446
4742 446 446
4743 446 446
4744 446 446
4745 446 446
4746 446 446
4747 446 446
4748 446 446
4749 446 446
4750 446 446
4751 446 446
4752 446 446
4753 446 446
4754 446 446
4755 446 446
4756 446 446
4757 446 446
4758 446 446
4759 446 446
4760 446 446
4761 446 446
4762 446 446
4763 446 446
4764 446 446
4765 446 446
4766 446 446
4767 446 446
4768 446 446
4769 446 446
4770 446 446
4771 446 446
4772 446 446
4773 446 446
4774 446 446
4775 446 446
4776 446 446
4777 446 446
4778 446 446
4779 446 446
4780 446 446
4781 446 446
4782 446 446
4783 446 446
4784 446 446
4785 446 446
4786 446 446
4787 446 446
4788 446 446
4789 446 446
4790 446 446
4791 446 446
4792 446 446
4793 446 446
4794 446 446
4795 446 446
4796 446 446
4797 446 446
4798 446 446
4799 446 446
4800 446 446
4801 446 446
4802 446 446
4803 446 446
4804 446 446
4805 446 446
4806 446 446
4807 446 446
4808 446 446
4809 446 446
4810 446 446
4811 446 446
4812 446 446
4813 446 446
4814 446 446
4815 446 446
4816 446 446
4817 446 446
4818 446 446
4819 446 446
4820 446 446
4821 446 446
4822 446 446
4823 446 446
4824 446 446
4825 446 446
4826 446 446
4827 446 446
4828 446 446
4829 446 446
4830 446 446
4831 446 446
4832 446 446
4833 446 446
4834 446 446
4835 446 446
4836 446 446
4837 446 446
4838 446 446
4839 446 446
4840 446 446
4841 446 446
4842 446 446
4843 446 446
4844 446 446
4845 446 446
4846 446 446
4847 446 446
4848 446 446
4849 446 446
4850 446 446
4851 446 446
4852 446 446
4853 446 446
4854 446 446
4855 446 446
4856 446 446
4857 446 446
4858 446 446
4859 446 446
4860 446 446
4861 446 446
4862 446 446
4863 446 446
4864 446 446
4865 446 446
4866 446 446
4867 446 446
4868 446 446
4869 446 446
4870 446 446
4871 446 446
4872 446 446
4873 446 446
4874 446 446
4875 446 446
4876 446 446
4877 446 446
4878 446 446
4879 446 446
4880 446 446
4881 446 446
4882 446 446
4883 446 446
4884 446 446
4885 446 446
4886 446 446
4887 446 446
4888 446 446
4889 446 446
4890 446 446
4891 446 446
4892 446 446
4893 446 446
4894 446 446
4895 446 446
4896 446 446
4897 446 446
4898 446 446
4899 446 446
4900 446 446
4901 446 446
4902 446 446
4903 446 446
4904 446 446
4905 446 446
4906 446 446
4907 446 446
4908 446 446
4909 446 446
4910 446 446
4911 446 446
4912 446 446
4913 446 446
4914 446 446
4915 446 446
4916 446 446
4917 446 446
4918 446 446
4919 446 446
4920 446 446
4921 446 446
4922 446 446
4923 446 446
4924 446 446
4925 446 446
4926 446 446
4927 446 446
4928 446 446
4929 446 446
4930 446 446
4931 446 446
4932 446 446
4933 446 446
4934 446 446
4935 446 446
4936 446 446
4937 446 446
4938 446 446
4939 446 446
4940 446 446
4941 446 446
4942 446 446
4943 446 446
4944 446 446
4945 446 446
4946 446 446
4947 446 446
4948 446 446
4949 446 446
4950 446 446
4951 446 446
4952 446 446
4953 446 446
4954 446 446
4955 446 446
4956 446 446
4957 446 446
4958 446 446
4959 446 446
4960 446 446
4961 446 446
4962 446 446
4963 446 446
4964 446 446
4965 446 446
4966 446 446
4967 446 446
4968 446 446
4969 446 446
4970 446 446
4971 446 446
4972 446 446
4973 446 446
4974 446 446
4975 446 446
4976 446 446
4977 446 446
4978 446 446
4979 446 446
4980 446 446
4981 446 446
4982 446 446
4983 446 446
4984 446 446
4985 446 446
4986 446 446
4987 446 446
4988 446 446
4989 446 446
4990 446 446
4991 446 446
4992 446 446
4993 446 446
4994 446 446
4995 446 446
4996 446 446
4997 446 446
4998 446 446
4999 446 446
5000 446 446
5001 446 446
5002 446 446
5003 446 446
5004 446 446
5005 446 446
5006 446 446
5007 446 446
5008 446 446
5009 446 446
5010 446 446
5011 446 446
5012 446 446
5013 446 446
5014 446 446
5015 446 446
5016 446 446
5017 446 446
5018 446 446
5019 446 446
5020 446 446
5021 446 446
5022 446 446
5023 446 446
5024 446 446
5025 446 446
5026 446 446
5027 446 446
5028 446 446
5029 446 446
5030 446 446
5031 446 446
5032 446 446
5033 446 446
5034 446 446
5035 446 446
5036 446 446
5037 446 446
5038 446 446
5039 446 446
5040 446 446
5041 446 446
5042 446 446
5043 446 446
5044 446 446
5045 446 446
5046 446 446
5047 446 446
5048 446 446
5049 446 446
5050 446 446
5051 446 446
5052 446 446
5053 446 446
5054 446 446
5055 446 446
5056 446 446
5057 446 446
5058 446 446
5059 446 446
5060 446 446
5061 446 446
5062 446 446
5063 446 446
5064 446 446
5065 446 446
5066 446 446
5067 446 446
5068 446 446
5069 446 446
5070 446 446
5071 446 446
5072 446 446
5073 446 446
5074 446 446
5075 446 446
5076 446 446
5077 446 446
5078 446 446
5079 446 446
5080 446 446
5081 446 446
5082 446 446
5083 446 446
5084 446 446
5085 446 446
5086 446 446
5087 446 446
5088 446 446
5089 446 446
5090 446 446
5091 446 446
5092 446 446
5093 446 446
5094 446 446
5095 446 446
5096 446 446
5097 446 446
5098 446 446
5099 446 446
5100 446 446
5101 446 446
5102 446 446
5103 446 446
5104 446 446
5105 446 446
5106 446 446
5107 446 446
5108 446 446
5109 446 446
5110 446 446
5111 446 446
5112 446 446
5113 446 446
5114 446 446
5115 446 446
5116 446 446
5117 446 446
5118 446 446
5119 446 446
5120 446 446
5121 446 446
5122 446 446
5123 446 446
5124 446 446
5125 446 446
5126 446 446
5127 446 446
5128 446 446
5129 446 446
5130 446 446
5131 446 446
5132 446 446
5133 446 446
5134 446 446
5135 446 446
5136 446 446
5137 446 446
5138 446 446
5139 446 446
5140 446 446
5141 446 446
5142 446 446
5143 446 446
5144 446 446
5145 446 446
5146 446 446
5147 446 446
5148 446 446
5149 446 446
5150 446 446
5151 446 446
5152 446 446
5153 446 446
5154 446 446
5155 446 446
5156 446 446
5157 446 446
5158 446 446
5159 446 446
5160 446 446
5161 446 446
5162 446 446
5163 446 446
5164 446 446
5165 446 446
5166 446 446
5167 446 446
5168 446 446
5169 446 446
5170 446 446
5171 446 446
5172 446 446
5173 446 446
5174 446 446
5175 446 446
5176 446 446
5177 446 446
5178 446 446
5179 446 446
5180 446 446
5181 446 446
5182 446 446
5183 446 446
5184 446 446
5185 446 446
5186 446 446
5187 446 446
5188 446 446
5189 446 446
5190 446 446
5191 446 446
5192 446 446
5193 446 446
5194 446 446
5195 446 446
5196 446 446
5197 446 446
5198 446 446
5199 446 446
5200 446 446
5201 446 446
5202 446 446
5203 446 446
5204 446 446
5205 446 446
5206 446 446
5207 446 446
5208 446 446
5209 446 446
5210 446 446
5211 446 446
5212 446 446
5213 446 446
5214 446 446
5215 446 446
5216 446 446
5217 446 446
5218 446 446
5219 446 446
5220 446 446
5221 446 446
5222 446 446
5223 446 446
5224 446 446
5225 446 446
5226 446 446
5227 446 446
5228 446 446
5229 446 446
5230 446 446
5231 446 446
5232 446 446
5233 446 446
5234 446 446
5235 446 446
5236 446 446
5237 446 446
5238 446 446
5239 446 446
5240 446 446
5241 446 446
5242 446 446
5243 446 446
5244 446 446
5245 446 446
5246 446 446
5247 446 446
5248 446 446
5249 446 446
5250 446 446
5251 446 446
5252 446 446
5253 446 446
5254 446 446
5255 446 446
5256 446 446
5257 446 446
5258 446 446
5259 446 446
5260 446 446
5261 446 446
5262 446 446
5263 446 446
5264 446 446
5265 446 446
5266 446 446
5267 446 446
5268 446 446
5269 446 446
5270 446 446
5271 446 446
5272 446 446
5273 446 446
5274 446 446
5275 446 446
5276 446 446
5277 446 446
5278 446 446
5279 446 446
5280 446 446
5281 446 446
5282 446 446
5283 446 446
5284 446 446
5285 446 446
5286 446 446
5287 446 446
5288 446 446
5289 446 446
5290 446 446
5291 446 446
5292 446 446
5293 446 446
5294 446 446
5295 446 446
5296 446 446
5297 446 446
5298 446 446
5299 446 446
5300 446 446
5301 446 446
5302 446 446
5303 446 446
5304 446 446
5305 446 446
5306 446 446
5307 446 446
5308 446 446
5309 446 446
5310 446 446
5311 446 446
5312 446 446
5313 446 446
5314 446 446
5315 446 446
5316 446 446
5317 446 446
5318 446 446
5319 446 446
5320 446 446
5321 446 446
5322 446 446
5323 446 446
5324 446 446
5325 446 446
5326 446 446
5327 446 446
5328 446 446
5329 446 446
5330 446 446
5331 446 446
5332 446 446
5333 446 446
5334 446 446
5335 446 446
5336 446 446
5337 446 446
5338 446 446
5339 446 446
5340 446 446
5341 446 446
5342 446 446
5343 446 446
5344 446 446
5345 446 446
5346 446 446
5347 446 446
5348 446 446
5349 446 446
5350 446 446
5351 446 446
5352 446 446
5353 446 446
5354 446 446
5355 446 446
5356 446 446
5357 446 446
5358 446 446
5359 446 446
5360 446 446
5361 446 446
5362 446 446
5363 446 446
5364 446 446
5365 446 446
5366 446 446
5367 446 446
5368 446 446
5369 446 446
5370 446 446
5371 446 446
5372 446 446
5373 446 446
5374 446 446
5375 446 446
5376 446 446
5377 446 446
5378 446 446
5379 446 446
5380 446 446
5381 446 446
5382 446 446
5383 446 446
5384 446 446
5385 446 446
5386 446 446
5387 446 446
5388 446 446
5389 446 446
5390 446 446
5391 446 446
5392 446 446
5393 446 446
5394 446 446
5395 446 446
5396 446 446
5397 446 446
5398 446 446
5399 446 446
5400 446 446
5401 446 446
5402 446 446
5403 446 446
5404 446 446
5405 446 446
5406 446 446
5407 446 446
5408 446 446
5409 446 446
5410 446 446
5411 446 446
5412 446 446
5413 446 446
5414 446 446
5415 446 446
5416 446 446
5417 446 446
5418 446 446
5419 446 446
5420 446 446
5421 446 446
5422 446 446
5423 446 446
5424 446 446
5425 446 446
5426 446 446
5427 446 446
5428 446 446
5429 446 446
5430 446 446
5431 446 446
5432 446 446
5433 446 446
5434 446 446
5435 446 446
5436 446 446
5437 446 446
5438 446 446
5439 446 446
5440 446 446
5441 446 446
5442 446 446
5443 446 446
5444 446 446
5445 446 446
5446 446 446
5447 446 446
5448 446 446
5449 446 446
5450 446 446
5451 446 446
5452 446 446
5453 446 446
5454 446 446
5455 446 446
5456 446 446
5457 446 446
5458 446 446
5459 446 446
5460 446 446
5461 446 446
5462 446 446
5463 446 446
5464 446 446
5465 446 446
5466 446 446
5467 446 446
5468 446 446
5469 446 446
5470 446 446
5471 446 446
5472 446 446
5473 446 446
5474 446 446
5475 446 446
5476 446 446
5477 446 446
5478 446 446
5479 446 446
5480 446 446
5481 446 446
5482 446 446
5483 446 446
5484 446 446
5485 446 446
5486 446 446
5487 446 446
5488 446 446
5489 446 446
5490 446 446
5491 446 446
5492 446 446
5493 446 446
5494 446 446
5495 446 446
5496 446 446
5497 446 446
5498 446 446
5499 446 446
5500 446 446
5501 446 446
5502 446 446
5503 446 446
5504 446 446
5505 446 446
5506 446 446
5507 446 446
5508 446 446
5509 446 446
5510 446 446
5511 446 446
5512 446 446
5513 446 446
5514 446 446
5515 446 446
5516 446 446
5517 446 446
5518 446 446
5519 446 446
5520 446 446
5521 446 446
5522 446 446
5523 446 446
5524 446 446
5525 446 446
5526 446 446
5527 446 446
5528 446 446
5529 446 446
5530 446 446
5531 446 446
5532 446 446
5533 446 446
5534 446 446
5535 446 446
5536 446 446
5537 446 446
5538 446 446
5539 446 446
5540 446 446
5541 446 446
5542 446 446
5543 446 446
5544 446 446
5545 446 446
5546 446 446
5547 446 446
5548 446 446
5549 446 446
5550 446 446
5551 446 446
5552 446 446
5553 446 446
5554 446 446
5555 446 446
5556 446 446
5557 446 446
5558 446 446
5559 446 446
5560 446 446
5561 446 446
5562 446 446
5563 446 446
5564 446 446
5565 446 446
5566 446 446
5567 446 446
5568 446 446
5569 446 446
5570 446 446
5571 446 446
5572 446 446
5573 446 446
5574 446 446
5575 446 446
5576 446 446
5577 446 446
5578 446 446
5579 446 446
5580 446 446
5581 446 446
5582 446 446
5583 446 446
5584 446 446
5585 446 446
5586 446 446
5587 446 446
5588 446 446
5589 446 446
5590 446 446
5591 446 446
5592 446 446
5593 446 446
5594 446 446
5595 446 446
5596 446 446
5597 446 446
5598 446 446
5599 446 446
5600 446 446
5601 446 446
5602 446 446
5603 446 446
5604 446 446
5605 446 446
5606 446 446
5607 446 446
5608 446 446
5609 446 446
5610 446 446
5611 446 446
5612 446 446
5613 446 446
5614 446 446
5615 446 446
5616 446 446
5617 446 446
5618 446 446
5619 446 446
5620 446 446
5621 446 446
5622 446 446
5623 446 446
5624 446 446
5625 446 446
5626 446 446
5627 446 446
5628 446 446
5629 446 446
5630 446 446
5631 446 446
5632 446 446
5633 446 446
5634 446 446
5635 446 446
5636 446 446
5637 446 446
5638 446 446
5639 446 446
5640 446 446
5641 446 446
5642 446 446
5643 446 446
5644 446 446
5645 446 446
5646 446 446
5647 446 446
5648 446 446
5649 446 446
5650 446 446
5651 446 446
5652 446 446
5653 446 446
5654 446 446
5655 446 446
5656 446 446
5657 446 446
5658 446 446
5659 446 446
5660 446 446
5661 446 446
5662 446 446
5663 446 446
5664 446 446
5665 446 446
5666 446 446
5667 446 446
5668 446 446
5669 446 446
5670 446 446
5671 446 446
5672 446 446
5673 446 446
5674 446 446
5675 446 446
5676 446 446
5677 446 446
5678 446 446
5679 446 446
5680 446 446
5681 446 446
5682 446 446
5683 446 446
5684 446 446
5685 446 446
5686 446 446
5687 446 446
5688 446 446
5689 446 446
5690 446 446
5691 446 446
5692 446 446
5693 446 446
5694 446 446
5695 446 446
5696 446 446
5697 446 446
5698 446 446
5699 446 446
5700 446 446
5701 446 446
5702 446 446
5703 446 446
5704 446 446
5705 446 446
5706 446 446
5707 446 446
5708 446 446
5709 446 446
5710 446 446
5711 446 446
5712 446 446
5713 446 446
5714 446 446
5715 446 446
5716 446 446
5717 446 446
5718 446 446
5719 446 446
5720 446 446
5721 446 446
5722 446 446
5723 446 446
5724 446 446
5725 446 446
5726 446 446
5727 446 446
5728 446 446
5729 446 446
5730 446 446
5731 446 446
5732 446 446
5733 446 446
5734 446 446
5735 446 446
5736 446 446
5737 446 446
5738 446 446
5739 446 446
5740 446 446
5741 446 446
5742 446 446
5743 446 446
5744 446 446
5745 446 446
5746 446 446
5747 446 446
5748 446 446
5749 446 446
5750 446 446
5751 446 446
5752 446 446
5753 446 446
5754 446 446
5755 446 446
5756 446 446
5757 446 446
5758 446 446
5759 446 446
5760 446 446
5761 446 446
5762 446 446
5763 446 446
5764 446 446
5765 446 446
5766 446 446
5767 446 446
5768 446 446
5769 446 446
5770 446 446
5771 446 446
5772 446 446
5773 446 446
5774 446 446
5775 446 446
5776 446 446
5777 446 446
5778 446 446
5779 446 446
5780 446 446
5781 446 446
5782 446 446
5783 446 446
5784 446 446
5785 446 446
5786 446 446
5787 446 446
5788 446 446
5789 446 446
5790 446 446
5791 446 446
5792 446 446
5793 446 446
5794 446 446
5795 446 446
5796 446 446
5797 446 446
5798 446 446
5799 446 446
5800 446 446
5801 446 446
5802 446 446
5803 446 446
5804 446 446
5805 446 446
5806 446 446
5807 446 446
5808 446 446
5809 446 446
5810 446 446
5811 446 446
5812 446 446
5813 446 446
5814 446 446
5815 446 446
5816 446 446
5817 446 446
5818 446 446
5819 446 446
5820 446 446
5821 446 446
5822 446 446
5823 446 446
5824 446 446
5825 446 446
5826 446 446
5827 446 446
5828 446 446
5829 446 446
5830 446 446
5831 446 446
5832 446 446
5833 446 446
5834 446 446
5835 446 446
5836 446 446
5837 446 446
5838 446 446
5839 446 446
5840 446 446
5841 446 446
5842 446 446
5843 446 446
5844 446 446
5845 446 446
5846 446 446
5847 446 446
5848 446 446
5849 446 446
5850 446 446
5851 446 446
5852 446 446
5853 446 446
5854 446 446
5855 446 446
5856 446 446
5857 446 446
5858 446 446
5859 446 446
5860 446 446
5861 446 446
5862 446 446
5863 446 446
5864 446 446
5865 446 446
5866 446 446
5867 446 446
5868 446 446
5869 446 446
5870 446 446
5871 446 446
5872 446 446
5873 446 446
5874 446 446
5875 446 446
5876 446 446
5877 446 446
5878 446 446
5879 446 446
5880 446 446
5881 446 446
5882 446 446
5883 446 446
5884 446 446
5885 446 446
5886 446 446
5887 446 446
5888 446 446
5889 446 446
5890 446 446
5891 446 446
5892 446 446
5893 446 446
5894 446 446
5895 446 446
5896 446 446
5897 446 446
5898 446 446
5899 446 446
5900 446 446
5901 446 446
5902 446 446
5903 446 446
5904 446 446
5905 446 446
5906 446 446
5907 446 446
5908 446 446
5909 446 446
5910 446 446
5911 446 446
5912 446 446
5913 446 446
5914 446 446
5915 446 446
5916 446 446
5917 446 446
5918 446 446
5919 446 446
5920 446 446
5921 446 446
5922 446 446
5923 446 446
5924 446 446
5925 446 446
5926 446 446
5927 446 446
5928 446 446
5929 446 446
5930 446 446
5931 446 446
5932 446 446
5933 446 446
5934 446 446
5935 446 446
5936 446 446
5937 446 446
5938 446 446
5939 446 446
5940 446 446
5941 446 446
5942 446 446
5943 446 446
5944 446 446
5945 446 446
5946 446 446
5947 446 446
5948 446 446
5949 446 446
5950 446 446
5951 446 446
5952 446 446
5953 446 446
5954 446 446
5955 446 446
5956 446 446
