iter "mejor iteracion actual" "mejor encontrado"
0 273 272
1 274 273
2 275 274
3 276 275
4 277 276
5 278 277
6 279 278
7 280 279
8 281 280
9 282 281
10 283 282
11 284 283
12 285 284
13 286 285
14 287 286
15 288 287
16 289 288
17 290 289
18 291 290
19 292 291
20 293 292
21 294 293
22 295 294
23 295 295
24 296 295
25 296 296
26 296 296
27 296 296
28 296 296
29 296 296
30 296 296
31 295 296
32 295 296
33 294 296
34 294 296
35 293 296
36 294 296
37 293 296
38 293 296
39 292 296
40 292 296
41 292 296
42 292 296
43 292 296
44 292 296
45 292 296
46 292 296
47 292 296
48 292 296
49 292 296
50 292 296
51 293 296
52 293 296
53 293 296
54 293 296
55 294 296
56 294 296
57 295 296
58 295 296
59 296 296
60 296 296
61 297 296
62 297 297
63 297 297
64 297 297
65 297 297
66 297 297
67 297 297
68 298 297
69 298 298
70 298 298
71 298 298
72 298 298
73 298 298
74 299 298
75 298 299
76 298 299
77 297 299
78 298 299
79 297 299
80 296 299
81 297 299
82 296 299
83 295 299
84 295 299
85 295 299
86 294 299
87 294 299
88 295 299
89 295 299
90 296 299
91 296 299
92 296 299
93 296 299
94 296 299
95 297 299
96 296 299
97 297 299
98 296 299
99 296 299
100 296 299
101 296 299
102 296 299
103 296 299
104 295 299
105 294 299
106 294 299
107 296 299
108 296 299
109 297 299
110 296 299
111 297 299
112 296 299
113 297 299
114 297 299
115 296 299
116 296 299
117 296 299
118 296 299
119 295 299
120 295 299
121 295 299
122 295 299
123 295 299
124 295 299
125 295 299
126 295 299
127 294 299
128 294 299
129 293 299
130 292 299
131 292 299
132 292 299
133 292 299
134 293 299
135 293 299
136 294 299
137 294 299
138 294 299
139 294 299
140 294 299
141 294 299
142 295 299
143 295 299
144 295 299
145 295 299
146 295 299
147 295 299
148 295 299
149 295 299
150 296 299
151 296 299
152 296 299
153 296 299
154 296 299
155 297 299
156 296 299
157 297 299
158 296 299
159 296 299
160 296 299
161 296 299
162 296 299
163 296 299
164 297 299
165 297 299
166 296 299
167 296 299
168 296 299
169 296 299
170 297 299
171 296 299
172 296 299
173 296 299
174 297 299
175 296 299
176 296 299
177 296 299
178 296 299
179 297 299
180 297 299
181 298 299
182 297 299
183 298 299
184 297 299
185 296 299
186 296 299
187 296 299
188 296 299
189 296 299
190 296 299
191 296 299
192 296 299
193 296 299
194 296 299
195 296 299
196 296 299
197 297 299
198 296 299
199 297 299
200 296 299
201 297 299
202 297 299
203 297 299
204 297 299
205 296 299
206 297 299
207 296 299
208 296 299
209 296 299
210 296 299
211 296 299
212 296 299
213 296 299
214 295 299
215 296 299
216 296 299
217 295 299
218 295 299
219 296 299
220 296 299
221 297 299
222 296 299
223 296 299
224 296 299
225 297 299
226 296 299
227 296 299
228 296 299
229 296 299
230 296 299
231 296 299
232 296 299
233 297 299
234 296 299
235 297 299
236 297 299
237 297 299
238 298 299
239 298 299
240 298 299
241 298 299
242 298 299
243 298 299
244 298 299
245 298 299
246 298 299
247 297 299
248 297 299
249 297 299
250 297 299
251 298 299
252 298 299
253 298 299
254 298 299
255 298 299
256 299 299
257 298 299
258 298 299
259 298 299
260 299 299
261 298 299
262 299 299
263 298 299
264 297 299
265 297 299
266 297 299
267 296 299
268 296 299
269 296 299
270 296 299
271 296 299
272 296 299
273 297 299
274 296 299
275 296 299
276 296 299
277 297 299
278 296 299
279 296 299
280 296 299
281 297 299
282 297 299
283 297 299
284 296 299
285 296 299
286 296 299
287 296 299
288 295 299
289 295 299
290 295 299
291 295 299
292 294 299
293 294 299
294 294 299
295 294 299
296 293 299
297 293 299
298 294 299
299 294 299
300 294 299
301 294 299
302 294 299
303 295 299
304 295 299
305 296 299
306 296 299
307 296 299
308 296 299
309 297 299
310 296 299
311 295 299
312 296 299
313 297 299
314 296 299
315 296 299
316 295 299
317 295 299
318 295 299
319 296 299
320 297 299
321 296 299
322 296 299
323 296 299
324 296 299
325 296 299
326 297 299
327 297 299
328 297 299
329 297 299
330 297 299
331 296 299
332 297 299
333 296 299
334 296 299
335 295 299
336 296 299
337 297 299
338 297 299
339 297 299
340 297 299
341 297 299
342 296 299
343 296 299
344 296 299
345 297 299
346 297 299
347 296 299
348 297 299
349 296 299
350 295 299
351 295 299
352 296 299
353 296 299
354 296 299
355 296 299
356 296 299
357 296 299
358 296 299
359 296 299
360 296 299
361 296 299
362 296 299
363 296 299
364 296 299
365 296 299
366 296 299
367 296 299
368 296 299
369 297 299
370 297 299
371 297 299
372 296 299
373 296 299
374 295 299
375 296 299
376 296 299
377 296 299
378 295 299
379 295 299
380 295 299
381 295 299
382 295 299
383 296 299
384 297 299
385 297 299
386 296 299
387 296 299
388 296 299
389 297 299
390 297 299
391 297 299
392 297 299
393 297 299
394 298 299
395 297 299
396 296 299
397 296 299
398 296 299
399 296 299
400 296 299
401 296 299
402 296 299
403 296 299
404 296 299
405 297 299
406 296 299
407 296 299
408 296 299
409 296 299
410 296 299
411 297 299
412 297 299
413 297 299
414 296 299
415 296 299
416 295 299
417 296 299
418 295 299
419 295 299
420 295 299
421 296 299
422 295 299
423 295 299
424 295 299
425 295 299
426 295 299
427 294 299
428 294 299
429 294 299
430 294 299
431 294 299
432 294 299
433 294 299
434 294 299
435 294 299
436 294 299
437 294 299
438 294 299
439 295 299
440 294 299
441 294 299
442 294 299
443 294 299
444 294 299
445 294 299
446 294 299
447 295 299
448 295 299
449 295 299
450 294 299
451 295 299
452 294 299
453 295 299
454 295 299
455 294 299
456 294 299
457 294 299
458 295 299
459 295 299
460 295 299
461 295 299
462 295 299
463 295 299
464 296 299
465 295 299
466 295 299
467 294 299
468 293 299
469 293 299
470 293 299
471 294 299
472 294 299
473 294 299
474 294 299
475 295 299
476 295 299
477 295 299
478 295 299
479 296 299
480 296 299
481 296 299
482 295 299
483 295 299
484 295 299
485 295 299
486 296 299
487 295 299
488 296 299
489 295 299
490 295 299
491 295 299
492 295 299
493 295 299
494 295 299
495 295 299
496 295 299
497 295 299
498 295 299
499 295 299
500 295 299
501 295 299
502 295 299
503 295 299
504 295 299
505 295 299
506 294 299
507 294 299
508 294 299
509 294 299
510 293 299
511 293 299
512 293 299
513 293 299
514 293 299
515 294 299
516 294 299
517 294 299
518 293 299
519 293 299
520 293 299
521 293 299
522 293 299
523 293 299
524 293 299
525 293 299
526 294 299
527 294 299
528 294 299
529 295 299
530 295 299
531 295 299
532 295 299
533 295 299
534 295 299
535 295 299
536 295 299
537 294 299
538 294 299
539 294 299
540 295 299
541 295 299
542 294 299
543 294 299
544 293 299
545 293 299
546 296 299
547 296 299
548 297 299
549 297 299
550 296 299
551 296 299
552 297 299
553 297 299
554 297 299
555 296 299
556 295 299
557 294 299
558 294 299
559 294 299
560 294 299
561 295 299
562 295 299
563 295 299
564 295 299
565 296 299
566 296 299
567 296 299
568 297 299
569 297 299
570 297 299
571 297 299
572 296 299
573 296 299
574 297 299
575 297 299
576 297 299
577 297 299
578 297 299
579 297 299
580 297 299
581 297 299
582 297 299
583 297 299
584 297 299
585 297 299
586 296 299
587 295 299
588 295 299
589 295 299
590 295 299
591 295 299
592 295 299
593 296 299
594 296 299
595 296 299
596 296 299
597 296 299
598 296 299
599 297 299
600 297 299
601 297 299
602 297 299
603 297 299
604 297 299
605 298 299
606 298 299
607 298 299
608 298 299
609 298 299
610 298 299
611 299 299
612 298 299
613 298 299
614 298 299
615 298 299
616 298 299
617 298 299
618 298 299
619 299 299
620 298 299
621 298 299
622 297 299
623 297 299
624 297 299
625 297 299
626 297 299
627 298 299
628 297 299
629 297 299
630 297 299
631 297 299
632 297 299
633 297 299
634 297 299
635 297 299
636 296 299
637 295 299
638 296 299
639 296 299
640 297 299
641 298 299
642 297 299
643 297 299
644 297 299
645 297 299
646 297 299
647 297 299
648 296 299
649 297 299
650 296 299
651 296 299
652 295 299
653 296 299
654 295 299
655 295 299
656 295 299
657 294 299
658 294 299
659 294 299
660 294 299
661 294 299
662 294 299
663 295 299
664 296 299
665 296 299
666 297 299
667 297 299
668 297 299
669 297 299
670 297 299
671 297 299
672 296 299
673 296 299
674 297 299
675 296 299
676 297 299
677 296 299
678 296 299
679 296 299
680 296 299
681 296 299
682 296 299
683 296 299
684 296 299
685 297 299
686 296 299
687 297 299
688 297 299
689 296 299
690 296 299
691 295 299
692 296 299
693 296 299
694 296 299
695 295 299
696 295 299
697 295 299
698 296 299
699 296 299
700 297 299
701 297 299
702 298 299
703 298 299
704 298 299
705 299 299
706 298 299
707 298 299
708 298 299
709 299 299
710 298 299
711 299 299
712 298 299
713 298 299
714 297 299
715 297 299
716 297 299
717 297 299
718 297 299
719 296 299
720 297 299
721 296 299
722 297 299
723 296 299
724 296 299
725 295 299
726 295 299
727 294 299
728 293 299
729 293 299
730 293 299
731 293 299
732 294 299
733 295 299
734 296 299
735 295 299
736 296 299
737 296 299
738 296 299
739 296 299
740 296 299
741 297 299
742 297 299
743 297 299
744 298 299
745 298 299
746 298 299
747 299 299
748 298 299
749 299 299
750 298 299
751 299 299
752 298 299
753 299 299
754 298 299
755 298 299
756 297 299
757 297 299
758 296 299
759 295 299
760 294 299
761 293 299
762 293 299
763 293 299
764 293 299
765 294 299
766 294 299
767 294 299
768 294 299
769 295 299
770 295 299
771 295 299
772 296 299
773 296 299
774 296 299
775 297 299
776 297 299
777 297 299
778 297 299
779 297 299
780 298 299
781 298 299
782 298 299
783 298 299
784 298 299
785 298 299
786 299 299
787 299 299
788 298 299
789 298 299
790 298 299
791 298 299
792 297 299
793 298 299
794 297 299
795 297 299
796 297 299
797 298 299
798 297 299
799 297 299
800 297 299
801 297 299
802 297 299
803 297 299
804 298 299
805 297 299
806 296 299
807 295 299
808 295 299
809 294 299
810 294 299
811 294 299
812 294 299
813 294 299
814 294 299
815 294 299
816 294 299
817 294 299
818 294 299
819 294 299
820 294 299
821 294 299
822 294 299
823 295 299
824 295 299
825 296 299
826 296 299
827 296 299
828 297 299
829 298 299
830 298 299
831 298 299
832 298 299
833 298 299
834 298 299
835 298 299
836 298 299
837 297 299
838 297 299
839 297 299
840 298 299
841 297 299
842 297 299
843 296 299
844 297 299
845 296 299
846 296 299
847 295 299
848 295 299
849 295 299
850 295 299
851 295 299
852 295 299
853 295 299
854 295 299
855 294 299
856 293 299
857 293 299
858 292 299
859 292 299
860 293 299
861 294 299
862 294 299
863 294 299
864 294 299
865 295 299
866 295 299
867 296 299
868 296 299
869 296 299
870 296 299
871 296 299
872 296 299
873 296 299
874 298 299
875 299 299
876 299 299
877 299 299
878 299 299
879 299 299
880 298 299
881 298 299
882 297 299
883 297 299
884 296 299
885 295 299
886 295 299
887 294 299
888 294 299
889 294 299
890 294 299
891 294 299
892 295 299
893 296 299
894 297 299
895 297 299
896 297 299
897 298 299
898 297 299
899 297 299
900 297 299
901 296 299
902 296 299
903 295 299
904 295 299
905 295 299
906 294 299
907 294 299
908 294 299
909 294 299
910 294 299
911 294 299
912 294 299
913 294 299
914 294 299
915 295 299
916 295 299
917 296 299
918 296 299
919 296 299
920 295 299
921 296 299
922 296 299
923 297 299
924 298 299
925 298 299
926 297 299
927 297 299
928 297 299
929 298 299
930 297 299
931 297 299
932 297 299
933 297 299
934 296 299
935 295 299
936 295 299
937 295 299
938 295 299
939 295 299
940 295 299
941 296 299
942 295 299
943 295 299
944 295 299
945 295 299
946 295 299
947 295 299
948 295 299
949 294 299
950 295 299
951 294 299
952 295 299
953 296 299
954 296 299
955 295 299
956 294 299
957 294 299
958 295 299
959 294 299
960 294 299
961 294 299
962 294 299
963 294 299
964 294 299
965 295 299
966 295 299
967 295 299
968 294 299
969 294 299
970 294 299
971 294 299
972 294 299
973 294 299
974 295 299
975 295 299
976 295 299
977 295 299
978 295 299
979 295 299
980 295 299
981 296 299
982 296 299
983 296 299
984 297 299
985 296 299
986 296 299
987 295 299
988 296 299
989 296 299
990 297 299
991 297 299
992 298 299
993 298 299
994 298 299
995 299 299
996 298 299
997 298 299
998 298 299
999 298 299
1000 298 299
1001 298 299
1002 298 299
1003 297 299
1004 297 299
1005 297 299
1006 298 299
1007 298 299
1008 298 299
1009 298 299
1010 297 299
1011 297 299
1012 297 299
1013 297 299
1014 296 299
1015 297 299
1016 296 299
1017 295 299
1018 296 299
1019 296 299
1020 295 299
1021 295 299
1022 295 299
1023 296 299
1024 296 299
1025 296 299
1026 296 299
1027 296 299
1028 296 299
1029 296 299
1030 296 299
1031 296 299
1032 296 299
1033 296 299
1034 297 299
1035 296 299
1036 297 299
1037 296 299
1038 295 299
1039 295 299
1040 296 299
1041 295 299
1042 295 299
1043 295 299
1044 295 299
1045 295 299
1046 295 299
1047 295 299
1048 295 299
1049 295 299
1050 296 299
1051 295 299
1052 295 299
1053 295 299
1054 296 299
1055 296 299
1056 295 299
1057 295 299
1058 295 299
1059 296 299
1060 296 299
1061 296 299
1062 296 299
1063 296 299
1064 296 299
1065 296 299
1066 297 299
1067 297 299
1068 296 299
1069 296 299
1070 295 299
1071 295 299
1072 295 299
1073 295 299
1074 296 299
1075 296 299
1076 296 299
1077 295 299
1078 295 299
1079 295 299
1080 296 299
1081 296 299
1082 296 299
1083 295 299
1084 295 299
1085 296 299
1086 296 299
1087 296 299
1088 296 299
1089 296 299
1090 296 299
1091 297 299
1092 298 299
1093 298 299
1094 297 299
1095 297 299
1096 297 299
1097 298 299
1098 298 299
1099 298 299
1100 299 299
1101 298 299
1102 298 299
1103 298 299
1104 298 299
1105 298 299
1106 299 299
1107 298 299
1108 297 299
1109 297 299
1110 296 299
1111 296 299
1112 296 299
1113 297 299
1114 297 299
1115 297 299
1116 297 299
1117 297 299
1118 296 299
1119 296 299
1120 295 299
1121 295 299
1122 295 299
1123 296 299
1124 296 299
1125 296 299
1126 296 299
1127 296 299
1128 295 299
1129 295 299
1130 295 299
1131 296 299
1132 296 299
1133 297 299
1134 297 299
1135 297 299
1136 297 299
1137 297 299
1138 297 299
1139 297 299
1140 297 299
1141 297 299
1142 297 299
1143 298 299
1144 297 299
1145 296 299
1146 297 299
1147 296 299
1148 296 299
1149 296 299
1150 296 299
1151 297 299
1152 298 299
1153 297 299
1154 298 299
1155 298 299
1156 297 299
1157 297 299
1158 297 299
1159 297 299
1160 298 299
1161 298 299
1162 298 299
1163 297 299
1164 296 299
1165 296 299
1166 296 299
1167 297 299
1168 297 299
1169 296 299
1170 295 299
1171 295 299
1172 294 299
1173 293 299
1174 293 299
1175 293 299
1176 294 299
1177 294 299
1178 294 299
1179 294 299
1180 294 299
1181 294 299
1182 294 299
1183 294 299
1184 294 299
1185 294 299
1186 295 299
1187 295 299
1188 295 299
1189 294 299
1190 294 299
1191 294 299
1192 295 299
1193 294 299
1194 294 299
1195 295 299
1196 295 299
1197 295 299
1198 295 299
1199 295 299
1200 295 299
1201 295 299
1202 295 299
1203 295 299
1204 295 299
1205 295 299
1206 295 299
1207 295 299
1208 295 299
1209 295 299
1210 296 299
1211 296 299
1212 296 299
1213 296 299
1214 296 299
1215 296 299
1216 296 299
1217 295 299
1218 295 299
1219 295 299
1220 295 299
1221 295 299
1222 295 299
1223 295 299
1224 295 299
1225 294 299
1226 294 299
1227 294 299
1228 293 299
1229 294 299
1230 294 299
1231 295 299
1232 295 299
1233 295 299
1234 295 299
1235 295 299
1236 294 299
1237 293 299
1238 293 299
1239 295 299
1240 295 299
1241 295 299
1242 295 299
1243 295 299
1244 295 299
1245 295 299
1246 295 299
1247 295 299
1248 296 299
1249 296 299
1250 296 299
1251 296 299
1252 296 299
1253 296 299
1254 296 299
1255 296 299
1256 296 299
1257 296 299
1258 296 299
1259 297 299
1260 296 299
1261 295 299
1262 295 299
1263 295 299
1264 296 299
1265 295 299
1266 296 299
1267 298 299
1268 297 299
1269 297 299
1270 297 299
1271 297 299
1272 297 299
1273 297 299
1274 297 299
1275 297 299
1276 297 299
1277 297 299
1278 297 299
1279 297 299
1280 297 299
1281 297 299
1282 297 299
1283 297 299
1284 297 299
1285 296 299
1286 295 299
1287 295 299
1288 295 299
1289 296 299
1290 295 299
1291 297 299
1292 296 299
1293 296 299
1294 295 299
1295 295 299
1296 294 299
1297 295 299
1298 295 299
1299 295 299
1300 295 299
1301 295 299
1302 295 299
1303 295 299
1304 295 299
1305 296 299
1306 296 299
1307 297 299
1308 297 299
1309 298 299
1310 297 299
1311 297 299
1312 297 299
1313 297 299
1314 297 299
1315 297 299
1316 297 299
1317 297 299
1318 297 299
1319 296 299
1320 296 299
1321 296 299
1322 296 299
1323 296 299
1324 296 299
1325 296 299
1326 296 299
1327 298 299
1328 298 299
1329 297 299
1330 297 299
1331 297 299
1332 296 299
1333 296 299
1334 295 299
1335 295 299
1336 294 299
1337 294 299
1338 294 299
1339 295 299
1340 294 299
1341 294 299
1342 294 299
1343 294 299
1344 294 299
1345 294 299
1346 293 299
1347 293 299
1348 293 299
1349 293 299
1350 293 299
1351 293 299
1352 293 299
1353 294 299
1354 294 299
1355 295 299
1356 295 299
1357 295 299
1358 295 299
1359 296 299
1360 296 299
1361 296 299
1362 296 299
1363 296 299
1364 296 299
1365 296 299
1366 296 299
1367 297 299
1368 296 299
1369 295 299
1370 295 299
1371 296 299
1372 297 299
1373 296 299
1374 295 299
1375 296 299
1376 295 299
1377 295 299
1378 295 299
1379 296 299
1380 295 299
1381 295 299
1382 294 299
1383 295 299
1384 294 299
1385 294 299
1386 295 299
1387 295 299
1388 295 299
1389 294 299
1390 296 299
1391 296 299
1392 296 299
1393 296 299
1394 295 299
1395 295 299
1396 295 299
1397 295 299
1398 296 299
1399 296 299
1400 296 299
1401 296 299
1402 297 299
1403 297 299
1404 297 299
1405 297 299
1406 298 299
1407 297 299
1408 297 299
1409 296 299
1410 296 299
1411 296 299
1412 296 299
1413 295 299
1414 295 299
1415 296 299
1416 295 299
1417 296 299
1418 296 299
1419 296 299
1420 296 299
1421 295 299
1422 294 299
1423 294 299
1424 294 299
1425 294 299
1426 294 299
1427 294 299
1428 294 299
1429 294 299
1430 295 299
1431 294 299
1432 294 299
1433 294 299
1434 294 299
1435 294 299
1436 293 299
1437 293 299
1438 293 299
1439 293 299
1440 294 299
1441 293 299
1442 293 299
1443 293 299
1444 292 299
1445 293 299
1446 293 299
1447 294 299
1448 293 299
1449 294 299
1450 294 299
1451 295 299
1452 296 299
1453 296 299
1454 296 299
1455 296 299
1456 296 299
1457 296 299
1458 297 299
1459 297 299
1460 297 299
1461 297 299
1462 298 299
1463 298 299
1464 297 299
1465 297 299
1466 297 299
1467 298 299
1468 297 299
1469 297 299
1470 297 299
1471 297 299
1472 296 299
1473 296 299
1474 296 299
1475 297 299
1476 296 299
1477 296 299
1478 296 299
1479 296 299
1480 295 299
1481 295 299
1482 295 299
1483 296 299
1484 296 299
1485 297 299
1486 296 299
1487 296 299
1488 296 299
1489 296 299
1490 295 299
1491 295 299
1492 295 299
1493 295 299
1494 296 299
1495 296 299
1496 296 299
1497 295 299
1498 296 299
1499 295 299
1500 295 299
1501 295 299
1502 296 299
1503 296 299
1504 296 299
1505 297 299
1506 296 299
1507 296 299
1508 295 299
1509 294 299
1510 294 299
1511 294 299
1512 294 299
1513 294 299
1514 295 299
1515 295 299
1516 294 299
1517 294 299
1518 294 299
1519 295 299
1520 294 299
1521 294 299
1522 294 299
1523 294 299
1524 294 299
1525 295 299
1526 295 299
1527 296 299
1528 296 299
1529 296 299
1530 296 299
1531 295 299
1532 294 299
1533 295 299
1534 294 299
1535 294 299
1536 294 299
1537 295 299
1538 295 299
1539 296 299
1540 296 299
1541 295 299
1542 295 299
1543 295 299
1544 295 299
1545 295 299
1546 295 299
1547 295 299
1548 297 299
1549 296 299
1550 296 299
1551 296 299
1552 296 299
1553 296 299
1554 296 299
1555 296 299
1556 295 299
1557 296 299
1558 296 299
1559 296 299
1560 296 299
1561 297 299
1562 297 299
1563 297 299
1564 296 299
1565 296 299
1566 296 299
1567 296 299
1568 296 299
1569 296 299
1570 296 299
1571 296 299
1572 296 299
1573 296 299
1574 296 299
1575 296 299
1576 296 299
1577 296 299
1578 297 299
1579 297 299
1580 297 299
1581 296 299
1582 296 299
1583 296 299
1584 296 299
1585 295 299
1586 295 299
1587 295 299
1588 295 299
1589 295 299
1590 295 299
1591 295 299
1592 295 299
1593 295 299
1594 295 299
1595 295 299
1596 295 299
1597 296 299
1598 296 299
1599 295 299
1600 295 299
1601 295 299
1602 295 299
1603 295 299
1604 296 299
1605 296 299
1606 296 299
1607 296 299
1608 296 299
1609 295 299
1610 296 299
1611 295 299
1612 296 299
1613 295 299
1614 295 299
1615 295 299
1616 295 299
1617 295 299
1618 295 299
1619 295 299
1620 295 299
1621 295 299
1622 295 299
1623 296 299
1624 295 299
1625 294 299
1626 294 299
1627 294 299
1628 294 299
1629 295 299
1630 296 299
1631 295 299
1632 296 299
1633 295 299
1634 294 299
1635 294 299
1636 294 299
1637 294 299
1638 293 299
1639 293 299
1640 293 299
1641 293 299
1642 293 299
1643 293 299
1644 293 299
1645 294 299
1646 294 299
1647 294 299
1648 293 299
1649 293 299
1650 293 299
1651 293 299
1652 293 299
1653 293 299
1654 293 299
1655 293 299
1656 293 299
1657 294 299
1658 294 299
1659 294 299
1660 294 299
1661 294 299
1662 294 299
1663 294 299
1664 294 299
1665 294 299
1666 295 299
1667 295 299
1668 295 299
1669 295 299
1670 294 299
1671 294 299
1672 293 299
1673 294 299
1674 294 299
1675 294 299
1676 294 299
1677 294 299
1678 294 299
1679 295 299
1680 295 299
1681 295 299
1682 295 299
1683 296 299
1684 297 299
1685 297 299
1686 298 299
1687 298 299
1688 298 299
1689 298 299
1690 298 299
1691 297 299
1692 296 299
1693 297 299
1694 296 299
1695 295 299
1696 294 299
1697 295 299
1698 295 299
1699 295 299
1700 296 299
1701 295 299
1702 295 299
1703 295 299
1704 294 299
1705 294 299
1706 294 299
1707 295 299
1708 294 299
1709 293 299
1710 293 299
1711 294 299
1712 294 299
1713 295 299
1714 295 299
1715 296 299
1716 297 299
1717 297 299
1718 296 299
1719 296 299
1720 296 299
1721 297 299
1722 297 299
1723 296 299
1724 296 299
1725 295 299
1726 295 299
1727 295 299
1728 295 299
1729 295 299
1730 295 299
1731 294 299
1732 294 299
1733 294 299
1734 295 299
1735 295 299
1736 295 299
1737 295 299
1738 295 299
1739 295 299
1740 296 299
1741 296 299
1742 296 299
1743 296 299
1744 296 299
1745 296 299
1746 296 299
1747 297 299
1748 298 299
1749 298 299
1750 299 299
1751 299 299
1752 298 299
1753 297 299
1754 297 299
1755 298 299
1756 297 299
1757 296 299
1758 296 299
1759 296 299
1760 296 299
1761 295 299
1762 294 299
1763 294 299
1764 293 299
1765 293 299
1766 292 299
1767 292 299
1768 292 299
1769 292 299
1770 292 299
1771 292 299
1772 292 299
1773 292 299
1774 292 299
1775 292 299
1776 292 299
1777 292 299
1778 292 299
1779 293 299
1780 293 299
1781 294 299
1782 295 299
1783 295 299
1784 295 299
1785 296 299
1786 296 299
1787 297 299
1788 297 299
1789 297 299
1790 297 299
1791 296 299
1792 296 299
1793 296 299
1794 296 299
1795 295 299
1796 296 299
1797 295 299
1798 296 299
1799 295 299
1800 295 299
1801 295 299
1802 295 299
1803 296 299
1804 295 299
1805 294 299
1806 294 299
1807 294 299
1808 294 299
1809 294 299
1810 294 299
1811 294 299
1812 293 299
1813 293 299
1814 293 299
1815 292 299
1816 292 299
1817 292 299
1818 292 299
1819 292 299
1820 291 299
1821 293 299
1822 293 299
1823 293 299
1824 293 299
1825 293 299
1826 293 299
1827 294 299
1828 294 299
1829 294 299
1830 294 299
1831 294 299
1832 295 299
1833 295 299
1834 296 299
1835 296 299
1836 296 299
1837 297 299
1838 297 299
1839 297 299
1840 298 299
1841 297 299
1842 296 299
1843 297 299
1844 297 299
1845 297 299
1846 296 299
1847 296 299
1848 296 299
1849 296 299
1850 296 299
1851 296 299
1852 295 299
1853 296 299
1854 296 299
1855 296 299
1856 296 299
1857 296 299
1858 297 299
1859 296 299
1860 297 299
1861 297 299
1862 297 299
1863 297 299
1864 297 299
1865 297 299
1866 298 299
1867 298 299
1868 298 299
1869 299 299
1870 299 299
1871 298 299
1872 298 299
1873 297 299
1874 297 299
1875 297 299
1876 298 299
1877 297 299
1878 298 299
1879 297 299
1880 296 299
1881 296 299
1882 297 299
1883 298 299
1884 298 299
1885 297 299
1886 297 299
1887 297 299
1888 298 299
1889 298 299
1890 297 299
1891 297 299
1892 297 299
1893 296 299
1894 296 299
1895 295 299
1896 295 299
1897 295 299
1898 295 299
1899 295 299
1900 295 299
1901 296 299
1902 296 299
1903 296 299
1904 296 299
1905 296 299
1906 296 299
1907 296 299
1908 296 299
1909 296 299
1910 296 299
1911 296 299
1912 295 299
1913 295 299
1914 295 299
1915 296 299
1916 295 299
1917 295 299
1918 294 299
1919 294 299
1920 294 299
1921 294 299
1922 294 299
1923 294 299
1924 294 299
1925 294 299
1926 294 299
1927 294 299
1928 294 299
1929 293 299
1930 294 299
1931 294 299
1932 294 299
1933 294 299
1934 294 299
1935 294 299
1936 294 299
1937 293 299
1938 293 299
1939 293 299
1940 293 299
1941 293 299
1942 293 299
1943 293 299
1944 294 299
1945 295 299
1946 295 299
1947 294 299
1948 294 299
1949 294 299
1950 295 299
1951 295 299
1952 295 299
1953 295 299
1954 295 299
1955 295 299
1956 294 299
1957 293 299
1958 292 299
1959 292 299
1960 293 299
1961 293 299
1962 294 299
1963 294 299
1964 294 299
1965 294 299
1966 293 299
1967 293 299
1968 293 299
1969 294 299
1970 294 299
1971 294 299
1972 294 299
1973 294 299
1974 294 299
1975 294 299
1976 294 299
1977 293 299
1978 293 299
1979 293 299
1980 294 299
1981 293 299
1982 294 299
1983 294 299
1984 294 299
1985 294 299
1986 296 299
1987 295 299
1988 296 299
1989 296 299
1990 296 299
1991 297 299
1992 297 299
1993 297 299
1994 298 299
1995 298 299
1996 299 299
1997 298 299
1998 299 299
1999 298 299
2000 297 299
2001 297 299
2002 297 299
2003 297 299
2004 296 299
2005 296 299
2006 296 299
2007 296 299
2008 295 299
2009 295 299
2010 295 299
2011 295 299
2012 295 299
2013 295 299
2014 295 299
2015 295 299
2016 295 299
2017 295 299
2018 295 299
2019 296 299
2020 296 299
2021 296 299
2022 296 299
2023 296 299
2024 296 299
2025 296 299
2026 296 299
2027 296 299
2028 296 299
2029 297 299
2030 296 299
2031 297 299
2032 296 299
2033 296 299
2034 296 299
2035 295 299
2036 296 299
2037 296 299
2038 296 299
2039 296 299
2040 297 299
2041 296 299
2042 296 299
2043 295 299
2044 295 299
2045 295 299
2046 295 299
2047 295 299
2048 294 299
2049 294 299
2050 295 299
2051 295 299
2052 295 299
2053 295 299
2054 295 299
2055 295 299
2056 295 299
2057 295 299
2058 296 299
2059 296 299
2060 296 299
2061 295 299
2062 296 299
2063 295 299
2064 295 299
2065 295 299
2066 295 299
2067 295 299
2068 295 299
2069 295 299
2070 295 299
2071 295 299
2072 295 299
2073 295 299
2074 295 299
2075 295 299
2076 295 299
2077 295 299
2078 295 299
2079 295 299
2080 296 299
2081 296 299
2082 296 299
2083 295 299
2084 295 299
2085 294 299
2086 294 299
2087 294 299
2088 294 299
2089 294 299
2090 295 299
2091 295 299
2092 295 299
2093 295 299
2094 295 299
2095 294 299
2096 294 299
2097 293 299
2098 294 299
2099 294 299
2100 294 299
2101 294 299
2102 295 299
2103 295 299
2104 295 299
2105 295 299
2106 295 299
2107 296 299
2108 296 299
2109 297 299
2110 297 299
2111 298 299
2112 298 299
2113 298 299
2114 297 299
2115 297 299
2116 296 299
2117 296 299
2118 296 299
2119 297 299
2120 297 299
2121 297 299
2122 297 299
2123 297 299
2124 297 299
2125 297 299
2126 297 299
2127 297 299
2128 296 299
2129 296 299
2130 296 299
2131 296 299
2132 296 299
2133 296 299
2134 297 299
2135 297 299
2136 297 299
2137 298 299
2138 297 299
2139 297 299
2140 297 299
2141 298 299
2142 298 299
2143 299 299
2144 298 299
2145 299 299
2146 298 299
2147 298 299
2148 297 299
2149 298 299
2150 297 299
2151 296 299
2152 296 299
2153 295 299
2154 295 299
2155 295 299
2156 295 299
2157 295 299
2158 295 299
2159 295 299
2160 294 299
2161 295 299
2162 294 299
2163 293 299
2164 293 299
2165 294 299
2166 294 299
2167 294 299
2168 294 299
2169 294 299
2170 294 299
2171 294 299
2172 293 299
2173 293 299
2174 293 299
2175 294 299
2176 293 299
2177 293 299
2178 293 299
2179 293 299
2180 293 299
2181 294 299
2182 294 299
2183 294 299
2184 294 299
2185 294 299
2186 294 299
2187 294 299
2188 294 299
2189 295 299
2190 295 299
2191 295 299
2192 294 299
2193 294 299
2194 294 299
2195 294 299
2196 294 299
2197 294 299
2198 294 299
2199 294 299
2200 294 299
2201 294 299
2202 294 299
2203 294 299
2204 294 299
2205 294 299
2206 294 299
2207 294 299
2208 294 299
2209 294 299
2210 294 299
2211 294 299
2212 294 299
2213 294 299
2214 294 299
2215 294 299
2216 294 299
2217 294 299
2218 294 299
2219 293 299
2220 293 299
2221 293 299
2222 294 299
2223 294 299
2224 295 299
2225 296 299
2226 296 299
2227 295 299
2228 295 299
2229 295 299
2230 295 299
2231 295 299
2232 295 299
2233 295 299
2234 295 299
2235 295 299
2236 295 299
2237 295 299
2238 295 299
2239 295 299
2240 296 299
2241 297 299
2242 297 299
2243 296 299
2244 295 299
2245 296 299
2246 295 299
2247 295 299
2248 295 299
2249 295 299
2250 296 299
2251 296 299
2252 295 299
2253 295 299
2254 295 299
2255 295 299
2256 294 299
2257 294 299
2258 294 299
2259 294 299
2260 295 299
2261 294 299
2262 294 299
2263 294 299
2264 294 299
2265 294 299
2266 294 299
2267 293 299
2268 295 299
2269 295 299
2270 295 299
2271 295 299
2272 295 299
2273 294 299
2274 293 299
2275 293 299
2276 293 299
2277 293 299
2278 294 299
2279 294 299
2280 294 299
2281 294 299
2282 295 299
2283 295 299
2284 294 299
2285 294 299
2286 294 299
2287 294 299
2288 293 299
2289 293 299
2290 293 299
2291 293 299
2292 293 299
2293 294 299
2294 295 299
2295 296 299
2296 296 299
2297 296 299
2298 296 299
2299 296 299
2300 295 299
2301 295 299
2302 295 299
2303 294 299
2304 295 299
2305 294 299
2306 294 299
2307 294 299
2308 294 299
2309 294 299
2310 294 299
2311 294 299
2312 293 299
2313 293 299
2314 293 299
2315 293 299
2316 293 299
2317 294 299
2318 294 299
2319 294 299
2320 294 299
2321 294 299
2322 294 299
2323 295 299
2324 296 299
2325 296 299
2326 296 299
2327 296 299
2328 295 299
2329 295 299
2330 295 299
2331 295 299
2332 296 299
2333 296 299
2334 296 299
2335 297 299
2336 296 299
2337 297 299
2338 296 299
2339 296 299
2340 295 299
2341 294 299
2342 294 299
2343 294 299
2344 294 299
2345 295 299
2346 295 299
2347 295 299
2348 295 299
2349 296 299
2350 295 299
2351 296 299
2352 295 299
2353 295 299
2354 295 299
2355 295 299
2356 296 299
2357 297 299
2358 297 299
2359 297 299
2360 297 299
2361 296 299
2362 296 299
2363 296 299
2364 297 299
2365 298 299
2366 298 299
2367 298 299
2368 298 299
2369 298 299
2370 298 299
2371 297 299
2372 298 299
2373 297 299
2374 298 299
2375 297 299
2376 296 299
2377 296 299
2378 296 299
2379 296 299
2380 296 299
2381 297 299
2382 297 299
2383 298 299
2384 297 299
2385 296 299
2386 296 299
2387 296 299
2388 296 299
2389 297 299
2390 296 299
2391 296 299
2392 296 299
2393 296 299
2394 297 299
2395 297 299
2396 297 299
2397 298 299
2398 297 299
2399 297 299
2400 297 299
2401 297 299
2402 296 299
2403 296 299
2404 296 299
2405 296 299
2406 296 299
2407 296 299
2408 295 299
2409 296 299
2410 296 299
2411 296 299
2412 296 299
2413 296 299
2414 296 299
2415 297 299
2416 297 299
2417 297 299
2418 297 299
2419 297 299
2420 297 299
2421 297 299
2422 297 299
2423 298 299
2424 298 299
2425 298 299
2426 298 299
2427 298 299
2428 298 299
2429 298 299
2430 298 299
2431 298 299
2432 298 299
2433 297 299
2434 297 299
2435 297 299
2436 298 299
2437 298 299
2438 298 299
2439 298 299
2440 297 299
2441 297 299
2442 296 299
2443 296 299
2444 296 299
2445 296 299
2446 296 299
2447 296 299
2448 297 299
2449 297 299
2450 297 299
2451 297 299
2452 297 299
2453 297 299
2454 298 299
2455 297 299
2456 297 299
2457 297 299
2458 297 299
2459 297 299
2460 297 299
2461 298 299
2462 298 299
2463 298 299
2464 298 299
2465 299 299
2466 299 299
2467 298 299
2468 299 299
2469 299 299
2470 299 299
2471 298 299
2472 297 299
2473 297 299
2474 296 299
2475 297 299
2476 297 299
2477 296 299
2478 296 299
2479 296 299
2480 295 299
2481 294 299
2482 293 299
2483 292 299
2484 292 299
2485 293 299
2486 294 299
2487 294 299
2488 294 299
2489 294 299
2490 294 299
2491 295 299
2492 295 299
2493 295 299
2494 296 299
2495 295 299
2496 295 299
2497 295 299
2498 294 299
2499 295 299
2500 294 299
2501 294 299
2502 294 299
2503 294 299
2504 295 299
2505 295 299
2506 295 299
2507 295 299
2508 295 299
2509 295 299
2510 295 299
2511 295 299
2512 295 299
2513 295 299
2514 294 299
2515 294 299
2516 294 299
2517 294 299
2518 294 299
2519 294 299
2520 294 299
2521 295 299
2522 296 299
2523 296 299
2524 295 299
2525 296 299
2526 296 299
2527 295 299
2528 295 299
2529 294 299
2530 294 299
2531 295 299
2532 295 299
2533 296 299
2534 295 299
2535 294 299
2536 294 299
2537 295 299
2538 295 299
2539 296 299
2540 297 299
2541 297 299
2542 297 299
2543 297 299
2544 298 299
2545 298 299
2546 297 299
2547 297 299
2548 296 299
2549 296 299
2550 296 299
2551 297 299
2552 297 299
2553 296 299
2554 296 299
2555 296 299
2556 296 299
2557 296 299
2558 296 299
2559 297 299
2560 297 299
2561 297 299
2562 296 299
2563 297 299
2564 298 299
2565 297 299
2566 298 299
2567 297 299
2568 297 299
2569 296 299
2570 296 299
2571 296 299
2572 297 299
2573 297 299
2574 296 299
2575 295 299
2576 295 299
2577 295 299
2578 296 299
2579 296 299
2580 295 299
2581 295 299
2582 294 299
2583 295 299
2584 295 299
2585 295 299
2586 295 299
2587 295 299
2588 295 299
2589 295 299
2590 294 299
2591 294 299
2592 294 299
2593 295 299
2594 295 299
2595 295 299
2596 295 299
2597 294 299
2598 294 299
2599 294 299
2600 294 299
2601 294 299
2602 295 299
2603 294 299
2604 294 299
2605 293 299
2606 293 299
2607 293 299
2608 293 299
2609 293 299
2610 295 299
2611 295 299
2612 294 299
2613 294 299
2614 293 299
2615 294 299
2616 294 299
2617 295 299
2618 295 299
2619 296 299
2620 296 299
2621 296 299
2622 296 299
2623 296 299
2624 295 299
2625 295 299
2626 294 299
2627 294 299
2628 295 299
2629 295 299
2630 295 299
2631 296 299
2632 296 299
2633 296 299
2634 296 299
2635 297 299
2636 297 299
2637 297 299
2638 298 299
2639 298 299
2640 297 299
2641 298 299
2642 297 299
2643 297 299
2644 297 299
2645 298 299
2646 298 299
2647 298 299
2648 298 299
2649 297 299
2650 298 299
2651 297 299
2652 297 299
2653 297 299
2654 296 299
2655 295 299
2656 295 299
2657 295 299
2658 295 299
2659 294 299
2660 294 299
2661 293 299
2662 293 299
2663 293 299
2664 293 299
2665 293 299
2666 293 299
2667 294 299
2668 294 299
2669 294 299
2670 294 299
2671 294 299
2672 294 299
2673 294 299
2674 295 299
2675 296 299
2676 296 299
2677 296 299
2678 296 299
2679 296 299
2680 295 299
2681 295 299
2682 295 299
2683 294 299
2684 294 299
2685 293 299
2686 293 299
2687 293 299
2688 293 299
2689 295 299
2690 296 299
2691 296 299
2692 296 299
2693 295 299
2694 295 299
2695 296 299
2696 296 299
2697 296 299
2698 296 299
2699 296 299
2700 296 299
2701 296 299
2702 296 299
2703 296 299
2704 296 299
2705 296 299
2706 296 299
2707 296 299
2708 296 299
2709 296 299
2710 296 299
2711 297 299
2712 297 299
2713 297 299
2714 297 299
2715 297 299
2716 297 299
2717 296 299
2718 296 299
2719 295 299
2720 295 299
2721 295 299
2722 295 299
2723 295 299
2724 296 299
2725 296 299
2726 297 299
2727 298 299
2728 298 299
2729 298 299
2730 298 299
2731 297 299
2732 296 299
2733 296 299
2734 295 299
2735 295 299
2736 295 299
2737 294 299
2738 294 299
2739 293 299
2740 293 299
2741 293 299
2742 294 299
2743 293 299
2744 293 299
2745 292 299
2746 292 299
2747 294 299
2748 293 299
2749 293 299
2750 293 299
2751 293 299
2752 292 299
2753 293 299
2754 293 299
2755 294 299
2756 295 299
2757 295 299
2758 294 299
2759 294 299
2760 295 299
2761 295 299
2762 295 299
2763 295 299
2764 295 299
2765 296 299
2766 296 299
2767 296 299
2768 297 299
2769 297 299
2770 296 299
2771 296 299
2772 295 299
2773 295 299
2774 296 299
2775 297 299
2776 297 299
2777 297 299
2778 297 299
2779 298 299
2780 297 299
2781 297 299
2782 297 299
2783 297 299
2784 296 299
2785 296 299
2786 295 299
2787 295 299
2788 296 299
2789 297 299
2790 297 299
2791 297 299
2792 297 299
2793 297 299
2794 297 299
2795 297 299
2796 296 299
2797 296 299
2798 296 299
2799 297 299
2800 297 299
2801 296 299
2802 295 299
2803 295 299
2804 295 299
2805 294 299
2806 294 299
2807 295 299
2808 295 299
2809 295 299
2810 295 299
2811 296 299
2812 295 299
2813 297 299
2814 298 299
2815 297 299
2816 298 299
2817 297 299
2818 296 299
2819 295 299
2820 296 299
2821 296 299
2822 296 299
2823 296 299
2824 296 299
2825 296 299
2826 297 299
2827 297 299
2828 297 299
2829 297 299
2830 296 299
2831 296 299
2832 296 299
2833 297 299
2834 297 299
2835 296 299
2836 296 299
2837 296 299
2838 296 299
2839 297 299
2840 296 299
2841 296 299
2842 296 299
2843 297 299
2844 298 299
2845 298 299
2846 299 299
2847 298 299
2848 299 299
2849 298 299
2850 298 299
2851 297 299
2852 296 299
2853 296 299
2854 298 299
2855 298 299
2856 297 299
2857 297 299
2858 297 299
2859 298 299
2860 298 299
2861 299 299
2862 298 299
2863 298 299
2864 298 299
2865 299 299
2866 298 299
2867 297 299
2868 297 299
2869 296 299
2870 296 299
2871 296 299
2872 297 299
2873 296 299
2874 295 299
2875 295 299
2876 294 299
2877 294 299
2878 294 299
2879 294 299
2880 293 299
2881 294 299
2882 295 299
2883 294 299
2884 295 299
2885 296 299
2886 296 299
2887 296 299
2888 296 299
2889 296 299
2890 296 299
2891 297 299
2892 297 299
2893 297 299
2894 297 299
2895 297 299
2896 298 299
2897 297 299
2898 298 299
2899 297 299
2900 298 299
2901 297 299
2902 297 299
2903 298 299
2904 299 299
2905 299 299
2906 299 299
2907 298 299
2908 297 299
2909 297 299
2910 297 299
2911 297 299
2912 298 299
2913 298 299
2914 298 299
2915 298 299
2916 298 299
2917 297 299
2918 297 299
2919 296 299
2920 296 299
2921 297 299
2922 297 299
2923 298 299
2924 298 299
2925 297 299
2926 296 299
2927 296 299
2928 297 299
2929 297 299
2930 297 299
2931 296 299
2932 297 299
2933 296 299
2934 297 299
2935 297 299
2936 297 299
2937 297 299
2938 297 299
2939 297 299
2940 297 299
2941 297 299
2942 297 299
2943 297 299
2944 297 299
2945 296 299
2946 297 299
2947 297 299
2948 297 299
2949 297 299
2950 297 299
2951 297 299
2952 296 299
2953 295 299
2954 296 299
2955 295 299
2956 294 299
2957 294 299
2958 293 299
2959 293 299
2960 294 299
2961 293 299
2962 293 299
2963 293 299
2964 293 299
2965 294 299
2966 295 299
2967 296 299
2968 296 299
2969 296 299
2970 296 299
2971 296 299
2972 296 299
2973 296 299
2974 295 299
2975 296 299
2976 296 299
2977 296 299
2978 296 299
2979 297 299
2980 296 299
2981 296 299
2982 297 299
2983 297 299
2984 297 299
2985 297 299
2986 297 299
2987 297 299
2988 297 299
2989 296 299
2990 296 299
2991 296 299
2992 296 299
2993 296 299
2994 295 299
2995 296 299
2996 295 299
2997 295 299
2998 295 299
2999 295 299
3000 296 299
3001 297 299
3002 296 299
3003 296 299
3004 296 299
3005 296 299
3006 296 299
3007 296 299
3008 296 299
3009 296 299
3010 297 299
3011 297 299
3012 297 299
3013 298 299
3014 298 299
3015 298 299
3016 299 299
3017 299 299
3018 299 299
3019 299 299
3020 300 299
