0 414 414
1 418 418
2 418 418
3 419 419
4 419 419
5 419 419
6 423 423
7 426 426
8 426 426
9 426 426
10 426 426
11 426 426
12 426 426
13 426 426
14 426 426
15 427 427
16 427 427
17 431 431
18 431 431
19 431 431
20 431 431
21 432 432
22 433 433
23 433 433
24 434 434
25 435 435
26 435 435
27 436 436
28 436 436
29 436 436
30 436 436
31 436 436
32 436 436
33 436 436
34 436 436
35 438 438
36 438 438
37 438 438
38 438 438
39 438 438
40 440 440
41 440 440
42 441 441
43 441 441
44 441 441
45 441 441
46 441 441
47 441 441
48 441 441
49 441 441
50 442 442
51 442 442
52 442 442
53 442 442
54 442 442
55 442 442
56 442 442
57 442 442
58 443 443
59 443 443
60 443 443
61 443 443
62 443 443
63 443 443
64 443 443
65 443 443
66 443 443
67 443 443
68 443 443
69 443 443
70 443 443
71 443 443
72 444 444
73 444 444
74 444 444
75 444 444
76 444 444
77 444 444
78 444 444
79 444 444
80 444 444
81 444 444
82 444 444
83 444 444
84 444 444
85 445 445
86 445 445
87 445 445
88 445 445
89 445 445
90 445 445
91 445 445
92 445 445
93 445 445
94 445 445
95 445 445
96 445 445
97 445 445
98 445 445
99 445 445
100 445 445
101 445 445
102 445 445
103 445 445
104 445 445
105 445 445
106 445 445
107 445 445
108 445 445
109 445 445
110 445 445
111 445 445
112 445 445
113 445 445
114 445 445
115 445 445
116 445 445
117 445 445
118 445 445
119 445 445
120 445 445
121 445 445
122 445 445
123 445 445
124 445 445
125 445 445
126 445 445
127 446 446
128 446 446
129 446 446
130 446 446
131 446 446
132 446 446
133 446 446
134 446 446
135 446 446
136 446 446
137 446 446
138 446 446
139 446 446
140 446 446
141 446 446
142 446 446
143 446 446
144 446 446
145 446 446
146 446 446
147 446 446
148 446 446
149 446 446
150 446 446
151 446 446
152 446 446
153 446 446
154 446 446
155 446 446
156 446 446
157 446 446
158 446 446
159 446 446
160 446 446
161 446 446
162 446 446
163 446 446
164 446 446
165 446 446
166 446 446
167 446 446
168 446 446
169 446 446
170 446 446
171 446 446
172 446 446
173 446 446
174 446 446
175 446 446
176 446 446
177 446 446
178 446 446
179 446 446
180 446 446
181 446 446
182 446 446
183 446 446
184 446 446
185 446 446
186 447 447
187 447 447
188 447 447
189 447 447
190 447 447
191 447 447
192 447 447
193 447 447
194 447 447
195 447 447
196 447 447
197 447 447
198 447 447
199 447 447
200 447 447
201 447 447
202 447 447
203 447 447
204 447 447
205 447 447
206 447 447
207 447 447
208 447 447
209 447 447
210 447 447
211 447 447
212 447 447
213 447 447
214 447 447
215 447 447
216 447 447
217 447 447
218 447 447
219 447 447
220 447 447
221 447 447
222 447 447
223 447 447
224 447 447
225 447 447
226 447 447
227 447 447
228 447 447
229 447 447
230 447 447
231 447 447
232 447 447
233 447 447
234 447 447
235 447 447
236 447 447
237 447 447
238 447 447
239 447 447
240 447 447
241 447 447
242 447 447
243 447 447
244 447 447
245 447 447
246 447 447
247 447 447
248 447 447
249 447 447
250 447 447
251 447 447
252 447 447
253 447 447
254 447 447
255 447 447
256 447 447
257 447 447
258 447 447
259 447 447
260 447 447
261 447 447
262 447 447
263 447 447
264 447 447
265 447 447
266 447 447
267 447 447
268 447 447
269 447 447
270 447 447
271 447 447
272 447 447
273 447 447
274 447 447
275 447 447
276 447 447
277 447 447
278 447 447
279 447 447
280 447 447
281 447 447
282 447 447
283 447 447
284 447 447
285 447 447
286 447 447
287 447 447
288 447 447
289 447 447
290 447 447
291 447 447
292 447 447
293 447 447
294 447 447
295 447 447
296 447 447
297 447 447
298 447 447
299 447 447
300 447 447
301 447 447
302 447 447
303 447 447
304 447 447
305 447 447
306 447 447
307 447 447
308 447 447
309 447 447
310 447 447
311 447 447
312 447 447
313 447 447
314 447 447
315 447 447
316 447 447
317 447 447
318 447 447
319 447 447
320 447 447
321 447 447
322 447 447
323 447 447
324 447 447
325 447 447
326 447 447
327 447 447
328 447 447
329 447 447
330 447 447
331 447 447
332 447 447
333 447 447
334 447 447
335 447 447
336 447 447
337 447 447
338 447 447
339 447 447
340 447 447
341 447 447
342 447 447
343 447 447
344 447 447
345 447 447
346 447 447
347 447 447
348 447 447
349 447 447
350 447 447
351 447 447
352 447 447
353 447 447
354 447 447
355 447 447
356 447 447
357 447 447
358 447 447
359 447 447
360 447 447
361 447 447
362 447 447
363 447 447
364 447 447
365 447 447
366 447 447
367 447 447
368 447 447
369 447 447
370 447 447
371 447 447
372 447 447
373 447 447
374 447 447
375 447 447
376 447 447
377 447 447
378 447 447
379 447 447
380 447 447
381 447 447
382 447 447
383 447 447
384 447 447
385 447 447
386 447 447
387 447 447
388 447 447
389 447 447
390 447 447
391 447 447
392 447 447
393 447 447
394 447 447
395 447 447
396 447 447
397 447 447
398 447 447
399 447 447
400 447 447
401 447 447
402 447 447
403 447 447
404 447 447
405 447 447
406 447 447
407 447 447
408 447 447
409 447 447
410 447 447
411 447 447
412 447 447
413 447 447
414 447 447
415 447 447
416 447 447
417 447 447
418 447 447
419 447 447
420 447 447
421 447 447
422 447 447
423 447 447
424 447 447
425 447 447
426 447 447
427 447 447
428 447 447
429 447 447
430 447 447
431 447 447
432 447 447
433 447 447
434 447 447
435 447 447
436 447 447
437 447 447
438 447 447
439 447 447
440 447 447
441 447 447
442 447 447
443 447 447
444 447 447
445 447 447
446 447 447
447 447 447
448 447 447
449 447 447
450 447 447
451 447 447
452 447 447
453 447 447
454 447 447
455 447 447
456 447 447
457 447 447
458 447 447
459 447 447
460 447 447
461 447 447
462 447 447
463 447 447
464 447 447
465 447 447
466 447 447
467 447 447
468 447 447
469 447 447
470 447 447
471 447 447
472 447 447
473 447 447
474 447 447
475 447 447
476 447 447
477 447 447
478 447 447
479 447 447
480 447 447
481 447 447
482 447 447
483 447 447
484 447 447
485 447 447
486 447 447
487 447 447
488 447 447
489 447 447
490 447 447
491 447 447
492 447 447
493 447 447
494 447 447
495 447 447
496 447 447
497 447 447
498 447 447
499 447 447
500 447 447
501 447 447
502 447 447
503 447 447
504 447 447
505 447 447
506 447 447
507 447 447
508 447 447
509 447 447
510 447 447
511 447 447
512 447 447
513 447 447
514 447 447
515 447 447
516 447 447
517 447 447
518 447 447
519 447 447
520 447 447
521 447 447
522 447 447
523 447 447
524 447 447
525 447 447
526 447 447
527 447 447
528 447 447
529 447 447
530 447 447
531 447 447
532 447 447
533 447 447
534 447 447
535 447 447
536 447 447
537 447 447
538 447 447
539 447 447
540 447 447
541 447 447
542 447 447
543 447 447
544 447 447
545 447 447
546 447 447
547 447 447
548 447 447
549 447 447
550 447 447
551 447 447
552 447 447
553 447 447
554 447 447
555 447 447
556 447 447
557 447 447
558 447 447
559 447 447
560 447 447
561 447 447
562 447 447
563 447 447
564 447 447
565 447 447
566 447 447
567 447 447
568 447 447
569 447 447
570 447 447
571 447 447
572 447 447
573 447 447
574 447 447
575 447 447
576 447 447
577 447 447
578 447 447
579 447 447
580 447 447
581 447 447
582 447 447
583 447 447
584 447 447
585 447 447
586 447 447
587 447 447
588 447 447
589 447 447
590 447 447
591 447 447
592 447 447
593 447 447
594 447 447
595 447 447
596 447 447
597 447 447
598 447 447
599 447 447
600 447 447
601 447 447
602 447 447
603 447 447
604 447 447
605 447 447
606 447 447
607 447 447
608 447 447
609 447 447
610 447 447
611 447 447
612 447 447
613 447 447
614 447 447
615 447 447
616 447 447
617 447 447
618 447 447
619 447 447
620 447 447
621 447 447
622 447 447
623 447 447
624 447 447
625 447 447
626 447 447
627 447 447
628 447 447
629 447 447
630 447 447
631 447 447
632 447 447
633 447 447
634 447 447
635 447 447
636 447 447
637 447 447
638 447 447
639 447 447
640 447 447
641 447 447
642 447 447
643 447 447
644 447 447
645 447 447
646 447 447
647 447 447
648 447 447
649 447 447
650 447 447
651 447 447
652 447 447
653 447 447
654 447 447
655 447 447
656 447 447
657 447 447
658 447 447
659 447 447
660 447 447
661 447 447
662 447 447
663 447 447
664 447 447
665 447 447
666 447 447
667 447 447
668 447 447
669 447 447
670 447 447
671 447 447
672 447 447
673 447 447
674 447 447
675 447 447
676 447 447
677 447 447
678 447 447
679 447 447
680 447 447
681 447 447
682 447 447
683 447 447
684 447 447
685 447 447
686 447 447
687 447 447
688 447 447
689 447 447
690 447 447
691 447 447
692 447 447
693 447 447
694 447 447
695 447 447
696 447 447
697 447 447
698 447 447
699 447 447
700 447 447
701 447 447
702 447 447
703 447 447
704 447 447
705 447 447
706 447 447
707 447 447
708 447 447
709 447 447
710 447 447
711 447 447
712 447 447
713 447 447
714 447 447
715 447 447
716 447 447
717 447 447
718 447 447
719 447 447
720 447 447
721 447 447
722 447 447
723 447 447
724 447 447
725 447 447
726 447 447
727 447 447
728 447 447
729 447 447
730 447 447
731 447 447
732 447 447
733 447 447
734 447 447
735 447 447
736 447 447
737 447 447
738 447 447
739 447 447
740 447 447
741 447 447
742 447 447
743 447 447
744 447 447
745 447 447
746 447 447
747 447 447
748 447 447
749 447 447
750 447 447
751 447 447
752 447 447
753 447 447
754 447 447
755 447 447
756 447 447
757 447 447
758 447 447
759 447 447
760 447 447
761 447 447
762 447 447
763 447 447
764 447 447
765 447 447
766 447 447
767 447 447
768 447 447
769 447 447
770 447 447
771 447 447
772 447 447
773 447 447
774 447 447
775 447 447
776 447 447
777 447 447
778 447 447
779 447 447
780 447 447
781 447 447
782 447 447
783 447 447
784 447 447
785 447 447
786 447 447
787 447 447
788 447 447
789 447 447
790 447 447
791 447 447
792 447 447
793 447 447
794 447 447
795 447 447
796 447 447
797 447 447
798 447 447
799 447 447
800 447 447
801 447 447
802 447 447
803 447 447
804 447 447
805 447 447
806 447 447
807 447 447
808 447 447
809 447 447
810 447 447
811 447 447
812 447 447
813 447 447
814 447 447
815 447 447
816 447 447
817 447 447
818 447 447
819 447 447
820 447 447
821 447 447
822 447 447
823 447 447
824 447 447
825 447 447
826 447 447
827 447 447
828 447 447
829 447 447
830 447 447
831 447 447
832 447 447
833 447 447
834 447 447
835 447 447
836 447 447
837 447 447
838 447 447
839 447 447
840 447 447
841 447 447
842 447 447
843 447 447
844 447 447
845 447 447
846 447 447
847 447 447
848 447 447
849 447 447
850 447 447
851 447 447
852 447 447
853 447 447
854 447 447
855 447 447
856 447 447
857 447 447
858 447 447
859 447 447
860 447 447
861 447 447
862 447 447
863 447 447
864 447 447
865 447 447
866 447 447
867 447 447
868 447 447
869 447 447
870 447 447
871 447 447
872 447 447
873 447 447
874 447 447
875 447 447
876 447 447
877 447 447
878 447 447
879 447 447
880 447 447
881 447 447
882 447 447
883 447 447
884 447 447
885 447 447
886 447 447
887 447 447
888 447 447
889 447 447
890 447 447
891 447 447
892 447 447
893 447 447
894 447 447
895 447 447
896 447 447
897 447 447
898 447 447
899 447 447
900 447 447
901 447 447
902 447 447
903 447 447
904 447 447
905 447 447
906 447 447
907 447 447
908 447 447
909 447 447
910 447 447
911 447 447
912 447 447
913 447 447
914 447 447
915 447 447
916 447 447
917 447 447
918 447 447
919 447 447
920 447 447
921 447 447
922 447 447
923 447 447
924 447 447
925 447 447
926 447 447
927 447 447
928 447 447
929 447 447
930 447 447
931 447 447
932 447 447
933 447 447
934 447 447
935 447 447
936 447 447
937 447 447
938 447 447
939 447 447
940 447 447
941 447 447
942 447 447
943 447 447
944 447 447
945 447 447
946 447 447
947 447 447
948 447 447
949 447 447
950 447 447
951 447 447
952 447 447
953 447 447
954 447 447
955 447 447
956 447 447
957 447 447
958 447 447
959 447 447
960 447 447
961 447 447
962 447 447
963 447 447
964 447 447
965 447 447
966 447 447
967 447 447
968 447 447
969 447 447
970 447 447
971 447 447
972 447 447
973 447 447
974 447 447
975 447 447
976 447 447
977 447 447
978 447 447
979 447 447
980 447 447
981 447 447
982 447 447
983 447 447
984 447 447
985 447 447
986 447 447
987 447 447
988 447 447
989 447 447
990 447 447
991 447 447
992 447 447
993 447 447
994 447 447
995 447 447
996 447 447
997 447 447
998 447 447
999 447 447
1000 447 447
1001 447 447
1002 447 447
1003 447 447
1004 447 447
1005 447 447
1006 447 447
1007 447 447
1008 447 447
1009 447 447
1010 447 447
1011 447 447
1012 447 447
1013 447 447
1014 447 447
1015 447 447
1016 447 447
1017 447 447
1018 447 447
1019 447 447
1020 447 447
1021 447 447
1022 447 447
1023 447 447
1024 447 447
1025 447 447
1026 447 447
1027 447 447
1028 447 447
1029 447 447
1030 447 447
1031 447 447
1032 447 447
1033 447 447
1034 447 447
1035 447 447
1036 447 447
1037 447 447
1038 447 447
1039 447 447
1040 447 447
1041 447 447
1042 447 447
1043 447 447
1044 447 447
1045 447 447
1046 447 447
1047 447 447
1048 447 447
1049 447 447
1050 447 447
1051 447 447
1052 447 447
1053 447 447
1054 447 447
1055 447 447
1056 447 447
1057 447 447
1058 447 447
1059 447 447
1060 447 447
1061 447 447
1062 447 447
1063 447 447
1064 447 447
1065 447 447
1066 447 447
1067 447 447
1068 447 447
1069 447 447
1070 447 447
1071 447 447
1072 447 447
1073 447 447
1074 447 447
1075 447 447
1076 447 447
1077 447 447
1078 447 447
1079 447 447
1080 447 447
1081 447 447
1082 447 447
1083 447 447
1084 447 447
1085 447 447
1086 447 447
1087 447 447
1088 447 447
1089 447 447
1090 447 447
1091 447 447
1092 447 447
1093 447 447
1094 447 447
1095 447 447
1096 447 447
1097 447 447
1098 447 447
1099 447 447
1100 447 447
1101 447 447
1102 447 447
1103 447 447
1104 447 447
1105 447 447
1106 447 447
1107 447 447
1108 447 447
1109 447 447
1110 447 447
1111 447 447
1112 447 447
1113 447 447
1114 447 447
1115 447 447
1116 447 447
1117 447 447
1118 447 447
1119 447 447
1120 447 447
1121 447 447
1122 447 447
1123 447 447
1124 447 447
1125 447 447
1126 447 447
1127 447 447
1128 447 447
1129 447 447
1130 447 447
1131 447 447
1132 447 447
1133 447 447
1134 447 447
1135 447 447
1136 447 447
1137 447 447
1138 447 447
1139 447 447
1140 447 447
1141 447 447
1142 447 447
1143 447 447
1144 447 447
1145 447 447
1146 447 447
1147 447 447
1148 447 447
1149 447 447
1150 447 447
1151 447 447
1152 447 447
1153 447 447
1154 447 447
1155 447 447
1156 447 447
1157 447 447
1158 447 447
1159 447 447
1160 447 447
1161 447 447
1162 447 447
1163 447 447
1164 447 447
1165 447 447
1166 447 447
1167 447 447
1168 447 447
1169 447 447
1170 447 447
1171 447 447
1172 447 447
1173 447 447
1174 447 447
1175 447 447
1176 447 447
1177 447 447
1178 447 447
1179 447 447
1180 447 447
1181 447 447
1182 447 447
1183 447 447
1184 447 447
1185 447 447
1186 447 447
1187 447 447
1188 447 447
1189 447 447
1190 447 447
1191 447 447
1192 447 447
1193 447 447
1194 447 447
1195 447 447
1196 447 447
1197 447 447
1198 447 447
1199 447 447
1200 447 447
1201 447 447
1202 447 447
1203 447 447
1204 447 447
1205 447 447
1206 447 447
1207 447 447
1208 447 447
1209 447 447
1210 447 447
1211 447 447
1212 447 447
1213 447 447
1214 447 447
1215 447 447
1216 447 447
1217 447 447
1218 447 447
1219 447 447
1220 447 447
1221 447 447
1222 447 447
1223 447 447
1224 447 447
1225 447 447
1226 447 447
1227 447 447
1228 447 447
1229 447 447
1230 447 447
1231 447 447
1232 447 447
1233 447 447
1234 447 447
1235 447 447
1236 447 447
1237 447 447
1238 447 447
1239 447 447
1240 447 447
1241 447 447
1242 447 447
1243 447 447
1244 447 447
1245 447 447
1246 447 447
1247 447 447
1248 447 447
1249 447 447
1250 447 447
1251 447 447
1252 447 447
1253 447 447
1254 447 447
1255 447 447
1256 447 447
1257 447 447
1258 447 447
1259 447 447
1260 447 447
1261 447 447
1262 447 447
1263 447 447
1264 447 447
1265 447 447
1266 447 447
1267 447 447
1268 447 447
1269 447 447
1270 447 447
1271 447 447
1272 447 447
1273 447 447
1274 447 447
1275 447 447
1276 447 447
1277 447 447
1278 447 447
1279 447 447
1280 447 447
1281 447 447
1282 447 447
1283 447 447
1284 447 447
1285 447 447
1286 447 447
1287 447 447
1288 447 447
1289 447 447
1290 447 447
1291 447 447
1292 447 447
1293 447 447
1294 447 447
1295 447 447
1296 447 447
1297 447 447
1298 447 447
1299 447 447
1300 447 447
1301 447 447
1302 447 447
1303 447 447
1304 447 447
1305 447 447
1306 447 447
1307 447 447
1308 447 447
1309 447 447
1310 447 447
1311 447 447
1312 447 447
1313 447 447
1314 447 447
1315 447 447
1316 447 447
1317 447 447
1318 447 447
1319 447 447
1320 447 447
1321 447 447
1322 447 447
1323 447 447
1324 447 447
1325 447 447
1326 447 447
1327 447 447
1328 447 447
1329 447 447
1330 447 447
1331 447 447
1332 447 447
1333 447 447
1334 447 447
1335 447 447
1336 447 447
1337 447 447
1338 447 447
1339 447 447
1340 447 447
1341 447 447
1342 447 447
1343 447 447
1344 447 447
1345 447 447
1346 447 447
1347 447 447
1348 447 447
1349 447 447
1350 447 447
1351 447 447
1352 447 447
1353 447 447
1354 447 447
1355 447 447
1356 447 447
1357 447 447
1358 447 447
1359 447 447
1360 447 447
1361 447 447
1362 447 447
1363 447 447
1364 447 447
1365 447 447
1366 447 447
1367 447 447
1368 447 447
1369 447 447
1370 447 447
1371 447 447
1372 447 447
1373 447 447
1374 447 447
1375 447 447
1376 447 447
1377 447 447
1378 447 447
1379 447 447
1380 447 447
1381 447 447
1382 447 447
1383 447 447
1384 447 447
1385 447 447
1386 447 447
1387 447 447
1388 447 447
1389 447 447
1390 447 447
1391 447 447
1392 447 447
1393 447 447
1394 447 447
1395 447 447
1396 447 447
1397 447 447
1398 447 447
1399 447 447
1400 447 447
1401 447 447
1402 447 447
1403 447 447
1404 447 447
1405 447 447
1406 447 447
1407 447 447
1408 447 447
1409 447 447
1410 447 447
1411 447 447
1412 447 447
1413 447 447
1414 447 447
1415 447 447
1416 447 447
1417 447 447
1418 447 447
1419 447 447
1420 447 447
1421 447 447
1422 447 447
1423 447 447
1424 447 447
1425 447 447
1426 447 447
1427 447 447
1428 447 447
1429 447 447
1430 447 447
1431 447 447
1432 447 447
1433 447 447
1434 447 447
1435 447 447
1436 447 447
1437 447 447
1438 447 447
1439 447 447
1440 447 447
1441 447 447
1442 447 447
1443 447 447
1444 447 447
1445 447 447
1446 447 447
1447 447 447
1448 447 447
1449 447 447
1450 447 447
1451 447 447
1452 447 447
1453 447 447
1454 447 447
1455 447 447
1456 447 447
1457 447 447
1458 447 447
1459 447 447
1460 447 447
1461 447 447
1462 447 447
1463 447 447
1464 447 447
1465 447 447
1466 447 447
1467 447 447
1468 447 447
1469 447 447
1470 447 447
1471 447 447
1472 447 447
1473 447 447
1474 447 447
1475 447 447
1476 447 447
1477 447 447
1478 447 447
1479 447 447
1480 447 447
1481 447 447
1482 447 447
1483 447 447
1484 447 447
1485 447 447
1486 447 447
1487 447 447
1488 447 447
1489 447 447
1490 447 447
1491 447 447
1492 447 447
1493 447 447
1494 447 447
1495 447 447
1496 447 447
1497 447 447
1498 447 447
1499 447 447
1500 447 447
1501 447 447
1502 447 447
1503 447 447
1504 447 447
1505 447 447
1506 447 447
1507 447 447
1508 447 447
1509 447 447
1510 447 447
1511 447 447
1512 447 447
1513 447 447
1514 447 447
1515 447 447
1516 447 447
1517 447 447
1518 447 447
1519 447 447
1520 447 447
1521 447 447
1522 447 447
1523 447 447
1524 447 447
1525 447 447
1526 447 447
1527 447 447
1528 447 447
1529 447 447
1530 447 447
1531 447 447
1532 447 447
1533 447 447
1534 447 447
1535 447 447
1536 447 447
1537 447 447
1538 447 447
1539 447 447
1540 447 447
1541 447 447
1542 447 447
1543 447 447
1544 447 447
1545 447 447
1546 447 447
1547 447 447
1548 447 447
1549 447 447
1550 447 447
1551 447 447
1552 447 447
1553 447 447
1554 447 447
1555 447 447
1556 447 447
1557 447 447
1558 447 447
1559 447 447
1560 447 447
1561 447 447
1562 447 447
1563 447 447
1564 447 447
1565 447 447
1566 447 447
1567 447 447
1568 447 447
1569 447 447
1570 447 447
1571 447 447
1572 447 447
1573 447 447
1574 447 447
1575 447 447
1576 447 447
1577 447 447
1578 447 447
1579 447 447
1580 447 447
1581 447 447
1582 447 447
1583 447 447
1584 447 447
1585 447 447
1586 447 447
1587 447 447
1588 447 447
1589 447 447
1590 447 447
1591 447 447
1592 447 447
1593 447 447
1594 447 447
1595 447 447
1596 447 447
1597 447 447
1598 447 447
1599 447 447
1600 447 447
1601 447 447
1602 447 447
1603 447 447
1604 447 447
1605 447 447
1606 447 447
1607 447 447
1608 447 447
1609 447 447
1610 447 447
1611 447 447
1612 447 447
1613 447 447
1614 447 447
1615 447 447
1616 447 447
1617 447 447
1618 447 447
1619 447 447
1620 447 447
1621 447 447
1622 447 447
1623 447 447
1624 447 447
1625 447 447
1626 447 447
1627 447 447
1628 447 447
1629 447 447
1630 447 447
1631 447 447
1632 447 447
1633 447 447
1634 447 447
1635 447 447
1636 447 447
1637 447 447
1638 447 447
1639 447 447
1640 447 447
1641 447 447
1642 447 447
1643 447 447
1644 447 447
1645 447 447
1646 447 447
1647 447 447
1648 447 447
1649 447 447
1650 447 447
1651 447 447
1652 447 447
1653 447 447
1654 447 447
1655 447 447
1656 447 447
1657 447 447
1658 447 447
1659 447 447
1660 447 447
1661 447 447
1662 447 447
1663 447 447
1664 447 447
1665 447 447
1666 447 447
1667 447 447
1668 447 447
1669 447 447
1670 447 447
1671 447 447
1672 447 447
1673 447 447
1674 447 447
1675 447 447
1676 447 447
1677 447 447
1678 447 447
1679 447 447
1680 447 447
1681 447 447
1682 447 447
1683 447 447
1684 447 447
1685 447 447
1686 447 447
1687 447 447
1688 447 447
1689 447 447
1690 447 447
1691 447 447
1692 447 447
1693 447 447
1694 447 447
1695 447 447
1696 447 447
1697 447 447
1698 447 447
1699 447 447
1700 447 447
1701 447 447
1702 447 447
1703 447 447
1704 447 447
1705 447 447
1706 447 447
1707 447 447
1708 447 447
1709 447 447
1710 447 447
1711 447 447
1712 447 447
1713 447 447
1714 447 447
1715 447 447
1716 447 447
1717 447 447
1718 447 447
1719 447 447
1720 447 447
1721 447 447
1722 447 447
1723 447 447
1724 447 447
1725 447 447
1726 447 447
1727 447 447
1728 447 447
1729 447 447
1730 447 447
1731 447 447
1732 447 447
1733 447 447
1734 447 447
1735 447 447
1736 447 447
1737 447 447
1738 447 447
1739 447 447
1740 447 447
1741 447 447
1742 447 447
1743 447 447
1744 447 447
1745 447 447
1746 447 447
1747 447 447
1748 447 447
1749 447 447
1750 447 447
1751 447 447
1752 447 447
1753 447 447
1754 447 447
1755 447 447
1756 447 447
1757 447 447
1758 447 447
1759 447 447
1760 447 447
1761 447 447
1762 447 447
1763 447 447
1764 447 447
1765 447 447
1766 447 447
1767 447 447
1768 447 447
1769 447 447
1770 447 447
1771 447 447
1772 447 447
1773 447 447
1774 447 447
1775 447 447
1776 447 447
1777 447 447
1778 447 447
1779 447 447
1780 447 447
1781 447 447
1782 447 447
1783 447 447
1784 447 447
1785 447 447
1786 447 447
1787 447 447
1788 447 447
1789 447 447
1790 447 447
1791 447 447
1792 447 447
1793 447 447
1794 447 447
1795 447 447
1796 447 447
1797 447 447
1798 447 447
1799 447 447
1800 447 447
1801 447 447
1802 447 447
1803 447 447
1804 447 447
1805 447 447
1806 447 447
1807 447 447
1808 447 447
1809 447 447
1810 447 447
1811 447 447
1812 447 447
1813 447 447
1814 447 447
1815 447 447
1816 447 447
1817 447 447
1818 447 447
1819 447 447
1820 447 447
1821 447 447
1822 447 447
1823 447 447
1824 447 447
1825 447 447
1826 447 447
1827 447 447
1828 447 447
1829 447 447
1830 447 447
1831 447 447
1832 447 447
1833 447 447
1834 447 447
1835 447 447
1836 447 447
1837 447 447
1838 447 447
1839 447 447
1840 447 447
1841 447 447
1842 447 447
1843 447 447
1844 447 447
1845 447 447
1846 447 447
1847 447 447
1848 447 447
1849 447 447
1850 447 447
1851 447 447
1852 447 447
1853 447 447
1854 447 447
1855 447 447
1856 447 447
1857 447 447
1858 447 447
1859 447 447
1860 447 447
1861 447 447
1862 447 447
1863 447 447
1864 447 447
1865 447 447
1866 447 447
1867 447 447
1868 447 447
1869 447 447
1870 447 447
1871 447 447
1872 447 447
1873 447 447
1874 447 447
1875 447 447
1876 447 447
1877 447 447
1878 447 447
1879 447 447
1880 447 447
1881 447 447
1882 447 447
1883 447 447
1884 447 447
1885 447 447
1886 447 447
1887 447 447
1888 447 447
1889 447 447
1890 447 447
1891 447 447
1892 447 447
1893 447 447
1894 447 447
1895 447 447
1896 447 447
1897 447 447
1898 447 447
1899 447 447
1900 447 447
1901 447 447
1902 447 447
1903 447 447
1904 447 447
1905 447 447
1906 447 447
1907 447 447
1908 447 447
1909 447 447
1910 447 447
1911 447 447
1912 447 447
1913 447 447
1914 447 447
1915 447 447
1916 447 447
1917 447 447
1918 447 447
1919 447 447
1920 447 447
1921 447 447
1922 447 447
1923 447 447
1924 447 447
1925 447 447
1926 447 447
1927 447 447
1928 447 447
1929 447 447
1930 447 447
1931 447 447
1932 447 447
1933 447 447
1934 447 447
1935 447 447
1936 447 447
1937 447 447
1938 447 447
1939 447 447
1940 447 447
1941 447 447
1942 447 447
1943 447 447
1944 447 447
1945 447 447
1946 447 447
1947 447 447
1948 447 447
1949 447 447
1950 447 447
1951 447 447
1952 447 447
1953 447 447
1954 447 447
1955 447 447
1956 447 447
1957 447 447
1958 447 447
1959 447 447
1960 447 447
1961 447 447
1962 447 447
1963 447 447
1964 447 447
1965 447 447
1966 447 447
1967 447 447
1968 447 447
1969 447 447
1970 447 447
1971 447 447
1972 447 447
1973 447 447
1974 447 447
1975 447 447
1976 447 447
1977 447 447
1978 447 447
1979 447 447
1980 447 447
1981 447 447
1982 447 447
1983 447 447
1984 447 447
1985 447 447
1986 447 447
1987 447 447
1988 447 447
1989 447 447
1990 447 447
1991 447 447
1992 447 447
1993 447 447
1994 447 447
1995 447 447
1996 447 447
1997 447 447
1998 447 447
1999 447 447
2000 447 447
2001 447 447
2002 447 447
2003 447 447
2004 447 447
2005 447 447
2006 447 447
2007 447 447
2008 447 447
2009 447 447
2010 447 447
2011 447 447
2012 447 447
2013 447 447
2014 447 447
2015 447 447
2016 447 447
2017 447 447
2018 447 447
2019 447 447
2020 447 447
2021 447 447
2022 447 447
2023 447 447
2024 447 447
2025 447 447
2026 447 447
2027 447 447
2028 447 447
2029 447 447
2030 447 447
2031 447 447
2032 447 447
2033 447 447
2034 447 447
2035 447 447
2036 447 447
2037 447 447
2038 447 447
2039 447 447
2040 447 447
2041 447 447
2042 447 447
2043 447 447
2044 447 447
2045 447 447
2046 447 447
2047 447 447
2048 447 447
2049 447 447
2050 447 447
2051 447 447
2052 447 447
2053 447 447
2054 447 447
2055 447 447
2056 447 447
2057 447 447
2058 447 447
2059 447 447
2060 447 447
2061 447 447
2062 447 447
2063 447 447
2064 447 447
2065 447 447
2066 447 447
2067 447 447
2068 447 447
2069 447 447
2070 447 447
2071 447 447
2072 447 447
2073 447 447
2074 447 447
2075 447 447
2076 447 447
2077 447 447
2078 447 447
2079 447 447
2080 447 447
2081 447 447
2082 447 447
2083 447 447
2084 447 447
2085 447 447
2086 447 447
2087 447 447
2088 447 447
2089 447 447
2090 447 447
2091 447 447
2092 447 447
2093 447 447
2094 447 447
2095 447 447
2096 447 447
2097 447 447
2098 447 447
2099 447 447
2100 447 447
2101 447 447
2102 447 447
2103 447 447
2104 447 447
2105 447 447
2106 447 447
2107 447 447
2108 447 447
2109 447 447
2110 447 447
2111 447 447
2112 447 447
2113 447 447
2114 447 447
2115 447 447
2116 447 447
2117 447 447
2118 447 447
2119 447 447
2120 447 447
2121 447 447
2122 447 447
2123 447 447
2124 447 447
2125 447 447
2126 447 447
2127 447 447
2128 447 447
2129 447 447
2130 447 447
2131 447 447
2132 447 447
2133 447 447
2134 447 447
2135 447 447
2136 447 447
2137 447 447
2138 447 447
2139 447 447
2140 447 447
2141 447 447
2142 447 447
2143 447 447
2144 447 447
2145 447 447
2146 447 447
2147 447 447
2148 447 447
2149 447 447
2150 447 447
2151 447 447
2152 447 447
2153 447 447
2154 447 447
2155 447 447
2156 447 447
2157 447 447
2158 447 447
2159 447 447
2160 447 447
2161 447 447
2162 447 447
2163 447 447
2164 447 447
2165 447 447
2166 447 447
2167 447 447
2168 447 447
2169 447 447
2170 447 447
2171 447 447
2172 447 447
2173 447 447
2174 447 447
2175 447 447
2176 447 447
2177 447 447
2178 447 447
2179 447 447
2180 447 447
2181 447 447
2182 447 447
2183 447 447
2184 447 447
2185 447 447
2186 447 447
2187 447 447
2188 447 447
2189 447 447
2190 447 447
2191 447 447
2192 447 447
2193 447 447
2194 447 447
2195 447 447
2196 447 447
2197 447 447
2198 447 447
2199 447 447
2200 447 447
2201 447 447
2202 447 447
2203 447 447
2204 447 447
2205 447 447
2206 447 447
2207 447 447
2208 447 447
2209 447 447
2210 447 447
2211 447 447
2212 447 447
2213 447 447
2214 447 447
2215 447 447
2216 447 447
2217 447 447
2218 447 447
2219 447 447
2220 447 447
2221 447 447
2222 447 447
2223 447 447
2224 447 447
2225 447 447
2226 447 447
2227 447 447
2228 447 447
2229 447 447
2230 447 447
2231 447 447
2232 447 447
2233 447 447
2234 447 447
2235 447 447
2236 447 447
2237 447 447
2238 447 447
2239 447 447
2240 447 447
2241 447 447
2242 447 447
2243 447 447
2244 447 447
2245 447 447
2246 447 447
2247 447 447
2248 447 447
2249 447 447
2250 447 447
2251 447 447
2252 447 447
2253 447 447
2254 447 447
2255 447 447
2256 447 447
2257 447 447
2258 447 447
2259 447 447
2260 447 447
2261 447 447
2262 447 447
2263 447 447
2264 447 447
2265 447 447
2266 447 447
2267 447 447
2268 447 447
2269 447 447
2270 447 447
2271 447 447
2272 447 447
2273 447 447
2274 447 447
2275 447 447
2276 447 447
2277 447 447
2278 447 447
2279 447 447
2280 447 447
2281 447 447
2282 447 447
2283 447 447
2284 447 447
2285 447 447
2286 447 447
2287 447 447
2288 447 447
2289 447 447
2290 447 447
2291 447 447
2292 447 447
2293 447 447
2294 447 447
2295 447 447
2296 447 447
2297 447 447
2298 447 447
2299 447 447
2300 447 447
2301 447 447
2302 447 447
2303 447 447
2304 447 447
2305 447 447
2306 447 447
2307 447 447
2308 447 447
2309 447 447
2310 447 447
2311 447 447
2312 447 447
2313 447 447
2314 447 447
2315 447 447
2316 447 447
2317 447 447
2318 447 447
2319 447 447
2320 447 447
2321 447 447
2322 447 447
2323 447 447
2324 447 447
2325 447 447
2326 447 447
2327 447 447
2328 447 447
2329 447 447
2330 447 447
2331 447 447
2332 447 447
2333 447 447
2334 447 447
2335 447 447
2336 447 447
2337 447 447
2338 447 447
2339 447 447
2340 447 447
2341 447 447
2342 447 447
2343 447 447
2344 447 447
2345 447 447
2346 447 447
2347 447 447
2348 447 447
2349 447 447
2350 447 447
2351 447 447
2352 447 447
2353 447 447
2354 447 447
2355 447 447
2356 447 447
2357 447 447
2358 447 447
2359 447 447
2360 447 447
2361 447 447
2362 447 447
2363 447 447
2364 447 447
2365 447 447
2366 447 447
2367 447 447
2368 447 447
2369 447 447
2370 447 447
2371 447 447
2372 447 447
2373 447 447
2374 447 447
2375 447 447
2376 447 447
2377 447 447
2378 447 447
2379 447 447
2380 447 447
2381 447 447
2382 447 447
2383 447 447
2384 447 447
2385 447 447
2386 447 447
2387 447 447
2388 447 447
2389 447 447
2390 447 447
2391 447 447
2392 447 447
2393 447 447
2394 447 447
2395 447 447
2396 447 447
2397 447 447
2398 447 447
2399 447 447
2400 447 447
2401 447 447
2402 447 447
2403 447 447
2404 447 447
2405 447 447
2406 447 447
2407 447 447
2408 447 447
2409 447 447
2410 447 447
2411 447 447
2412 447 447
2413 447 447
2414 447 447
2415 447 447
2416 447 447
2417 447 447
2418 447 447
2419 447 447
2420 447 447
2421 447 447
2422 447 447
2423 447 447
2424 447 447
2425 447 447
2426 447 447
2427 447 447
2428 447 447
2429 447 447
2430 447 447
2431 447 447
2432 447 447
2433 447 447
2434 447 447
2435 447 447
2436 447 447
2437 447 447
2438 447 447
2439 447 447
2440 447 447
2441 447 447
2442 447 447
2443 447 447
2444 447 447
2445 447 447
2446 447 447
2447 447 447
2448 447 447
2449 447 447
2450 447 447
2451 447 447
2452 447 447
2453 447 447
2454 447 447
2455 447 447
2456 447 447
2457 447 447
2458 447 447
2459 447 447
2460 447 447
2461 447 447
2462 447 447
2463 447 447
2464 447 447
2465 447 447
2466 447 447
2467 447 447
2468 447 447
2469 447 447
2470 447 447
2471 447 447
2472 447 447
2473 447 447
2474 447 447
2475 447 447
2476 447 447
2477 447 447
2478 447 447
2479 447 447
2480 447 447
2481 447 447
2482 447 447
2483 447 447
2484 447 447
2485 447 447
2486 447 447
2487 447 447
2488 447 447
2489 447 447
2490 447 447
2491 447 447
2492 447 447
2493 447 447
2494 447 447
2495 447 447
2496 447 447
2497 447 447
2498 447 447
2499 447 447
2500 447 447
2501 447 447
2502 447 447
2503 447 447
2504 447 447
2505 447 447
2506 447 447
2507 447 447
2508 447 447
2509 447 447
2510 447 447
2511 447 447
2512 447 447
2513 447 447
2514 447 447
2515 447 447
2516 447 447
2517 447 447
2518 447 447
2519 447 447
2520 447 447
2521 447 447
2522 447 447
2523 447 447
2524 447 447
2525 447 447
2526 447 447
2527 447 447
2528 447 447
2529 447 447
2530 447 447
2531 447 447
2532 447 447
2533 447 447
2534 447 447
2535 447 447
2536 447 447
2537 447 447
2538 447 447
2539 447 447
2540 447 447
2541 447 447
2542 447 447
2543 447 447
2544 447 447
2545 447 447
2546 447 447
2547 447 447
2548 447 447
2549 447 447
2550 447 447
2551 447 447
2552 447 447
2553 447 447
2554 447 447
2555 447 447
2556 447 447
2557 447 447
2558 447 447
2559 447 447
2560 447 447
2561 447 447
2562 447 447
2563 447 447
2564 447 447
2565 447 447
2566 447 447
2567 447 447
2568 447 447
2569 447 447
2570 447 447
2571 447 447
2572 447 447
2573 447 447
2574 447 447
2575 447 447
2576 447 447
2577 447 447
2578 447 447
2579 447 447
2580 447 447
2581 447 447
2582 447 447
2583 447 447
2584 447 447
2585 447 447
2586 447 447
2587 447 447
2588 447 447
2589 447 447
2590 447 447
2591 447 447
2592 447 447
2593 447 447
2594 447 447
2595 447 447
2596 447 447
2597 447 447
2598 447 447
2599 447 447
2600 447 447
2601 447 447
2602 447 447
2603 447 447
2604 447 447
2605 447 447
2606 447 447
2607 447 447
2608 447 447
2609 447 447
2610 447 447
2611 447 447
2612 447 447
2613 447 447
2614 447 447
2615 447 447
2616 447 447
2617 447 447
2618 447 447
2619 447 447
2620 447 447
2621 447 447
2622 447 447
2623 447 447
2624 447 447
2625 447 447
2626 447 447
2627 447 447
2628 447 447
2629 447 447
2630 447 447
2631 447 447
2632 447 447
2633 447 447
2634 447 447
2635 447 447
2636 447 447
2637 447 447
2638 447 447
2639 447 447
2640 447 447
2641 447 447
2642 447 447
2643 447 447
2644 447 447
2645 447 447
2646 447 447
2647 447 447
2648 447 447
2649 447 447
2650 447 447
2651 447 447
2652 447 447
2653 447 447
2654 447 447
2655 447 447
2656 447 447
2657 447 447
2658 447 447
2659 447 447
2660 447 447
2661 447 447
2662 447 447
2663 447 447
2664 447 447
2665 447 447
2666 447 447
2667 447 447
2668 447 447
2669 447 447
2670 447 447
2671 447 447
2672 447 447
2673 447 447
2674 447 447
2675 447 447
2676 447 447
2677 447 447
2678 447 447
2679 447 447
2680 447 447
2681 447 447
2682 447 447
2683 447 447
2684 447 447
2685 447 447
2686 447 447
2687 447 447
2688 447 447
2689 447 447
2690 447 447
2691 447 447
2692 447 447
2693 447 447
2694 447 447
2695 447 447
2696 447 447
2697 447 447
2698 447 447
2699 447 447
2700 447 447
2701 447 447
2702 447 447
2703 447 447
2704 447 447
2705 447 447
2706 447 447
2707 447 447
2708 447 447
2709 447 447
2710 447 447
2711 447 447
2712 447 447
2713 447 447
2714 447 447
2715 447 447
2716 447 447
2717 447 447
2718 447 447
2719 447 447
2720 447 447
2721 447 447
2722 447 447
2723 447 447
2724 447 447
2725 447 447
2726 447 447
2727 447 447
2728 447 447
2729 447 447
2730 447 447
2731 447 447
2732 447 447
2733 447 447
2734 447 447
2735 447 447
2736 447 447
2737 447 447
2738 447 447
2739 447 447
2740 447 447
2741 447 447
2742 447 447
2743 447 447
2744 447 447
2745 447 447
2746 447 447
2747 447 447
2748 447 447
2749 447 447
2750 447 447
2751 447 447
2752 447 447
2753 447 447
2754 447 447
2755 447 447
2756 447 447
2757 447 447
2758 447 447
2759 447 447
2760 447 447
2761 447 447
2762 447 447
2763 447 447
2764 447 447
2765 447 447
2766 447 447
2767 447 447
2768 447 447
2769 447 447
2770 447 447
2771 447 447
2772 447 447
2773 447 447
2774 447 447
2775 447 447
2776 447 447
2777 447 447
2778 447 447
2779 447 447
2780 447 447
2781 447 447
2782 447 447
2783 447 447
2784 447 447
2785 447 447
2786 447 447
2787 447 447
2788 447 447
2789 447 447
2790 447 447
2791 447 447
2792 447 447
2793 447 447
2794 447 447
2795 447 447
2796 447 447
2797 447 447
2798 447 447
2799 447 447
2800 447 447
2801 447 447
2802 447 447
2803 447 447
2804 447 447
2805 447 447
2806 447 447
2807 447 447
2808 447 447
2809 447 447
2810 447 447
2811 447 447
2812 447 447
2813 447 447
2814 447 447
2815 447 447
2816 447 447
2817 447 447
2818 447 447
2819 447 447
2820 447 447
2821 447 447
2822 447 447
2823 447 447
2824 447 447
2825 447 447
2826 447 447
2827 447 447
2828 447 447
2829 447 447
2830 447 447
2831 447 447
2832 447 447
2833 447 447
2834 447 447
2835 447 447
2836 447 447
2837 447 447
2838 447 447
2839 447 447
2840 447 447
2841 447 447
2842 447 447
2843 447 447
2844 447 447
2845 447 447
2846 447 447
2847 447 447
2848 447 447
2849 447 447
2850 447 447
2851 447 447
2852 447 447
2853 447 447
2854 447 447
2855 447 447
2856 447 447
2857 447 447
2858 447 447
2859 447 447
2860 447 447
2861 447 447
2862 447 447
2863 447 447
2864 447 447
2865 447 447
2866 447 447
2867 447 447
2868 447 447
2869 447 447
2870 447 447
2871 447 447
2872 447 447
2873 447 447
2874 447 447
2875 447 447
2876 447 447
2877 447 447
2878 447 447
2879 447 447
2880 447 447
2881 447 447
2882 447 447
2883 447 447
2884 447 447
2885 447 447
2886 447 447
2887 447 447
2888 447 447
2889 447 447
2890 447 447
2891 447 447
2892 447 447
2893 447 447
2894 447 447
2895 447 447
2896 447 447
2897 447 447
2898 447 447
2899 447 447
2900 447 447
2901 447 447
2902 447 447
2903 447 447
2904 447 447
2905 447 447
2906 447 447
2907 447 447
2908 447 447
2909 447 447
2910 447 447
2911 447 447
2912 447 447
2913 447 447
2914 447 447
2915 447 447
2916 447 447
2917 447 447
2918 447 447
2919 447 447
2920 447 447
2921 447 447
2922 447 447
2923 447 447
2924 447 447
2925 447 447
2926 447 447
2927 447 447
2928 447 447
2929 447 447
2930 447 447
2931 447 447
2932 447 447
2933 447 447
2934 447 447
2935 447 447
2936 447 447
2937 447 447
2938 447 447
2939 447 447
2940 447 447
2941 447 447
2942 447 447
2943 447 447
2944 447 447
2945 447 447
2946 447 447
2947 447 447
2948 447 447
2949 447 447
2950 447 447
2951 447 447
2952 447 447
2953 447 447
2954 447 447
2955 447 447
2956 447 447
2957 447 447
2958 447 447
2959 447 447
2960 447 447
2961 447 447
2962 447 447
2963 447 447
2964 447 447
2965 447 447
2966 447 447
2967 447 447
2968 447 447
2969 447 447
2970 447 447
2971 447 447
2972 447 447
2973 447 447
2974 447 447
2975 447 447
2976 447 447
2977 447 447
2978 447 447
2979 447 447
2980 447 447
2981 447 447
2982 447 447
2983 447 447
2984 447 447
2985 447 447
2986 447 447
2987 447 447
2988 447 447
2989 447 447
2990 447 447
2991 447 447
2992 447 447
2993 447 447
2994 447 447
2995 447 447
2996 447 447
2997 447 447
2998 447 447
2999 447 447
3000 447 447
3001 447 447
3002 447 447
3003 447 447
3004 447 447
3005 447 447
3006 447 447
3007 447 447
3008 447 447
3009 447 447
3010 447 447
3011 447 447
3012 447 447
3013 447 447
3014 447 447
3015 447 447
3016 447 447
3017 447 447
3018 447 447
3019 447 447
3020 447 447
3021 447 447
3022 447 447
3023 447 447
3024 447 447
3025 447 447
3026 447 447
3027 447 447
3028 447 447
3029 447 447
3030 447 447
3031 447 447
3032 447 447
3033 447 447
3034 447 447
3035 447 447
3036 447 447
3037 447 447
3038 447 447
3039 447 447
3040 447 447
3041 447 447
3042 447 447
3043 447 447
3044 447 447
3045 447 447
3046 447 447
3047 447 447
3048 447 447
3049 447 447
3050 447 447
3051 447 447
3052 447 447
3053 447 447
3054 447 447
3055 447 447
3056 447 447
3057 447 447
3058 447 447
3059 447 447
3060 447 447
3061 447 447
3062 447 447
3063 447 447
3064 447 447
3065 447 447
3066 447 447
3067 447 447
3068 447 447
3069 447 447
3070 447 447
3071 447 447
3072 447 447
3073 447 447
3074 447 447
3075 447 447
3076 447 447
3077 447 447
3078 447 447
3079 447 447
3080 447 447
3081 447 447
3082 447 447
3083 447 447
3084 447 447
3085 447 447
3086 447 447
3087 447 447
3088 447 447
3089 447 447
3090 447 447
3091 447 447
3092 447 447
3093 447 447
3094 447 447
3095 447 447
3096 447 447
3097 447 447
3098 447 447
3099 447 447
3100 447 447
3101 447 447
3102 447 447
3103 447 447
3104 447 447
3105 447 447
3106 447 447
3107 447 447
3108 447 447
3109 447 447
3110 447 447
3111 447 447
3112 447 447
3113 447 447
3114 447 447
3115 447 447
3116 447 447
3117 447 447
3118 447 447
3119 447 447
3120 447 447
3121 447 447
3122 447 447
3123 447 447
3124 447 447
3125 447 447
3126 447 447
3127 447 447
3128 447 447
3129 447 447
3130 447 447
3131 447 447
3132 447 447
3133 447 447
3134 447 447
3135 447 447
3136 447 447
3137 447 447
3138 447 447
3139 447 447
3140 447 447
3141 447 447
3142 447 447
3143 447 447
3144 447 447
3145 447 447
3146 447 447
3147 447 447
3148 447 447
3149 447 447
3150 447 447
3151 447 447
3152 447 447
3153 447 447
3154 447 447
3155 447 447
3156 447 447
3157 447 447
3158 447 447
3159 447 447
3160 447 447
3161 447 447
3162 447 447
3163 447 447
3164 447 447
3165 447 447
3166 447 447
3167 447 447
3168 447 447
3169 447 447
3170 447 447
3171 447 447
3172 447 447
3173 447 447
3174 447 447
3175 447 447
3176 447 447
3177 447 447
3178 447 447
3179 447 447
3180 447 447
3181 447 447
3182 447 447
3183 447 447
3184 447 447
3185 447 447
3186 447 447
3187 447 447
3188 447 447
3189 447 447
3190 447 447
3191 447 447
3192 447 447
3193 447 447
3194 447 447
3195 447 447
3196 447 447
3197 447 447
3198 447 447
3199 447 447
3200 447 447
3201 447 447
3202 447 447
3203 447 447
3204 447 447
3205 447 447
3206 447 447
3207 447 447
3208 447 447
3209 447 447
3210 447 447
3211 447 447
3212 447 447
3213 447 447
3214 447 447
3215 447 447
3216 447 447
3217 447 447
3218 447 447
3219 447 447
3220 447 447
3221 447 447
3222 447 447
3223 447 447
3224 447 447
3225 447 447
3226 447 447
3227 447 447
3228 447 447
3229 447 447
3230 447 447
3231 447 447
3232 447 447
3233 447 447
3234 447 447
3235 447 447
3236 447 447
3237 447 447
3238 447 447
3239 447 447
3240 447 447
3241 447 447
3242 447 447
3243 447 447
3244 447 447
3245 447 447
3246 447 447
3247 447 447
3248 447 447
3249 447 447
3250 447 447
3251 447 447
3252 447 447
3253 447 447
3254 447 447
3255 447 447
3256 447 447
3257 447 447
3258 447 447
3259 447 447
3260 447 447
3261 447 447
3262 447 447
3263 447 447
3264 447 447
3265 447 447
3266 447 447
3267 447 447
3268 447 447
3269 447 447
3270 447 447
3271 447 447
3272 447 447
3273 447 447
3274 447 447
3275 447 447
3276 447 447
3277 447 447
3278 447 447
3279 447 447
3280 447 447
3281 447 447
3282 447 447
3283 447 447
3284 447 447
3285 447 447
3286 447 447
3287 447 447
3288 447 447
3289 447 447
3290 447 447
3291 447 447
3292 447 447
3293 447 447
3294 447 447
3295 447 447
3296 447 447
3297 447 447
3298 447 447
3299 447 447
3300 447 447
3301 447 447
3302 447 447
3303 447 447
3304 447 447
3305 447 447
3306 447 447
3307 447 447
3308 447 447
3309 447 447
3310 447 447
3311 447 447
3312 447 447
3313 447 447
3314 447 447
3315 447 447
3316 447 447
3317 447 447
3318 447 447
3319 447 447
3320 447 447
3321 447 447
3322 447 447
3323 447 447
3324 447 447
3325 447 447
3326 447 447
3327 447 447
3328 447 447
3329 447 447
3330 447 447
3331 447 447
3332 447 447
3333 447 447
3334 447 447
3335 447 447
3336 447 447
3337 447 447
3338 447 447
3339 447 447
3340 447 447
3341 447 447
3342 447 447
3343 447 447
3344 447 447
3345 447 447
3346 447 447
3347 447 447
3348 447 447
3349 447 447
3350 447 447
3351 447 447
3352 447 447
3353 447 447
3354 447 447
3355 447 447
3356 447 447
3357 447 447
3358 447 447
3359 447 447
3360 447 447
3361 447 447
3362 447 447
3363 447 447
3364 447 447
3365 447 447
3366 447 447
3367 447 447
3368 447 447
3369 447 447
3370 447 447
3371 447 447
3372 447 447
3373 447 447
3374 447 447
3375 447 447
3376 447 447
3377 447 447
3378 447 447
3379 447 447
3380 447 447
3381 447 447
3382 447 447
3383 447 447
3384 447 447
3385 447 447
3386 447 447
3387 447 447
3388 447 447
3389 447 447
3390 447 447
3391 447 447
3392 447 447
3393 447 447
3394 447 447
3395 447 447
3396 447 447
3397 447 447
3398 447 447
3399 447 447
3400 447 447
3401 447 447
3402 447 447
3403 447 447
3404 447 447
3405 447 447
3406 447 447
3407 447 447
3408 447 447
3409 447 447
3410 447 447
3411 447 447
3412 447 447
3413 447 447
3414 447 447
3415 447 447
3416 447 447
3417 447 447
3418 447 447
3419 447 447
3420 447 447
3421 447 447
3422 447 447
3423 447 447
3424 447 447
3425 447 447
3426 447 447
3427 447 447
3428 447 447
3429 447 447
3430 447 447
3431 447 447
3432 447 447
3433 447 447
3434 447 447
3435 447 447
3436 447 447
3437 447 447
3438 447 447
3439 447 447
3440 447 447
3441 447 447
3442 447 447
3443 447 447
3444 447 447
3445 447 447
3446 447 447
3447 447 447
3448 447 447
3449 447 447
3450 447 447
3451 447 447
3452 447 447
3453 447 447
3454 447 447
3455 447 447
3456 447 447
3457 447 447
3458 447 447
3459 447 447
3460 447 447
3461 447 447
3462 447 447
3463 447 447
3464 447 447
3465 447 447
3466 447 447
3467 447 447
3468 447 447
3469 447 447
3470 447 447
3471 447 447
3472 447 447
3473 447 447
3474 447 447
3475 447 447
3476 447 447
3477 447 447
3478 447 447
3479 447 447
3480 447 447
3481 447 447
3482 447 447
3483 447 447
3484 447 447
3485 447 447
3486 447 447
3487 447 447
3488 447 447
3489 447 447
3490 447 447
3491 447 447
3492 447 447
3493 447 447
3494 447 447
3495 447 447
3496 447 447
3497 447 447
3498 447 447
3499 447 447
3500 447 447
3501 447 447
3502 447 447
3503 447 447
3504 447 447
3505 447 447
3506 447 447
3507 447 447
3508 447 447
3509 447 447
3510 447 447
3511 447 447
3512 447 447
3513 447 447
3514 447 447
3515 447 447
3516 447 447
3517 447 447
3518 447 447
3519 447 447
3520 447 447
3521 447 447
3522 447 447
3523 447 447
3524 447 447
3525 447 447
3526 447 447
3527 447 447
3528 447 447
3529 447 447
3530 447 447
3531 447 447
3532 447 447
3533 447 447
3534 447 447
3535 447 447
3536 447 447
3537 447 447
3538 447 447
3539 447 447
3540 447 447
3541 447 447
3542 447 447
3543 447 447
3544 447 447
3545 447 447
3546 447 447
3547 447 447
3548 447 447
3549 447 447
3550 447 447
3551 447 447
3552 447 447
3553 447 447
3554 447 447
3555 447 447
3556 447 447
3557 447 447
3558 447 447
3559 447 447
3560 447 447
3561 447 447
3562 447 447
3563 447 447
3564 447 447
3565 447 447
3566 447 447
3567 447 447
3568 447 447
3569 447 447
3570 447 447
3571 447 447
3572 447 447
3573 447 447
3574 447 447
3575 447 447
3576 447 447
3577 447 447
3578 447 447
3579 447 447
3580 447 447
3581 447 447
3582 447 447
3583 447 447
3584 447 447
3585 447 447
3586 447 447
3587 447 447
3588 447 447
3589 447 447
3590 447 447
3591 447 447
3592 447 447
3593 447 447
3594 447 447
3595 447 447
3596 447 447
3597 447 447
3598 447 447
3599 447 447
3600 447 447
3601 447 447
3602 447 447
3603 447 447
3604 447 447
3605 447 447
3606 447 447
3607 447 447
3608 447 447
3609 447 447
3610 447 447
3611 447 447
3612 447 447
3613 447 447
3614 447 447
3615 447 447
3616 447 447
3617 447 447
3618 447 447
3619 447 447
3620 447 447
3621 447 447
3622 447 447
3623 447 447
3624 447 447
3625 447 447
3626 447 447
3627 447 447
3628 447 447
3629 447 447
3630 447 447
3631 447 447
3632 447 447
3633 447 447
3634 447 447
3635 447 447
3636 447 447
3637 447 447
3638 447 447
3639 447 447
3640 447 447
3641 447 447
3642 447 447
3643 447 447
3644 447 447
3645 447 447
3646 447 447
3647 447 447
3648 447 447
3649 447 447
3650 447 447
3651 447 447
3652 447 447
3653 447 447
3654 447 447
3655 447 447
3656 447 447
3657 447 447
3658 447 447
3659 447 447
3660 447 447
3661 447 447
3662 447 447
3663 447 447
3664 447 447
3665 447 447
3666 447 447
3667 447 447
3668 447 447
3669 447 447
3670 447 447
3671 447 447
3672 447 447
3673 447 447
3674 447 447
3675 447 447
3676 447 447
3677 447 447
3678 447 447
3679 447 447
3680 447 447
3681 447 447
3682 447 447
3683 447 447
3684 447 447
3685 447 447
3686 447 447
3687 447 447
3688 447 447
3689 447 447
3690 447 447
3691 447 447
3692 447 447
3693 447 447
3694 447 447
3695 447 447
3696 447 447
3697 447 447
3698 447 447
3699 447 447
3700 447 447
3701 447 447
3702 447 447
3703 447 447
3704 447 447
3705 447 447
3706 447 447
3707 447 447
3708 447 447
3709 447 447
3710 447 447
3711 447 447
3712 447 447
3713 447 447
3714 447 447
3715 447 447
3716 447 447
3717 447 447
3718 447 447
3719 447 447
3720 447 447
3721 447 447
3722 447 447
3723 447 447
3724 447 447
3725 447 447
3726 447 447
3727 447 447
3728 447 447
3729 447 447
3730 447 447
3731 447 447
3732 447 447
3733 447 447
3734 447 447
3735 447 447
3736 447 447
3737 447 447
3738 447 447
3739 447 447
3740 447 447
3741 447 447
3742 447 447
3743 447 447
3744 447 447
3745 447 447
3746 447 447
3747 447 447
3748 447 447
3749 447 447
3750 447 447
3751 447 447
3752 447 447
3753 447 447
3754 447 447
3755 447 447
3756 447 447
3757 447 447
3758 447 447
3759 447 447
3760 447 447
3761 447 447
3762 447 447
3763 447 447
3764 447 447
3765 447 447
3766 447 447
3767 447 447
3768 447 447
3769 447 447
3770 447 447
3771 447 447
3772 447 447
3773 447 447
3774 447 447
3775 447 447
3776 447 447
3777 447 447
3778 447 447
3779 447 447
3780 447 447
3781 447 447
3782 447 447
3783 447 447
3784 447 447
3785 447 447
3786 447 447
3787 447 447
3788 447 447
3789 447 447
3790 447 447
3791 447 447
3792 447 447
3793 447 447
3794 447 447
3795 447 447
3796 447 447
3797 447 447
3798 447 447
3799 447 447
3800 447 447
3801 447 447
3802 447 447
3803 447 447
3804 447 447
3805 447 447
3806 447 447
3807 447 447
3808 447 447
3809 447 447
3810 447 447
3811 447 447
3812 447 447
3813 447 447
3814 447 447
3815 447 447
3816 447 447
3817 447 447
3818 447 447
3819 447 447
3820 447 447
3821 447 447
3822 447 447
3823 447 447
3824 447 447
3825 447 447
3826 447 447
3827 447 447
3828 447 447
3829 447 447
3830 447 447
3831 447 447
3832 447 447
3833 447 447
3834 447 447
3835 447 447
3836 447 447
3837 447 447
3838 447 447
3839 447 447
3840 447 447
3841 447 447
3842 447 447
3843 447 447
3844 447 447
3845 447 447
3846 447 447
3847 447 447
3848 447 447
3849 447 447
3850 447 447
3851 447 447
3852 447 447
3853 447 447
3854 447 447
3855 447 447
3856 447 447
3857 447 447
3858 447 447
3859 447 447
3860 447 447
3861 447 447
3862 447 447
3863 447 447
3864 447 447
3865 447 447
3866 447 447
3867 447 447
3868 447 447
3869 447 447
3870 447 447
3871 447 447
3872 447 447
3873 447 447
3874 447 447
3875 447 447
3876 447 447
3877 447 447
3878 447 447
3879 447 447
3880 447 447
3881 447 447
3882 447 447
3883 447 447
3884 447 447
3885 447 447
3886 447 447
3887 447 447
3888 447 447
3889 447 447
3890 447 447
3891 447 447
3892 447 447
3893 447 447
3894 447 447
3895 447 447
3896 447 447
3897 447 447
3898 447 447
3899 447 447
3900 447 447
3901 447 447
3902 447 447
3903 447 447
3904 447 447
3905 447 447
3906 447 447
3907 447 447
3908 447 447
3909 447 447
3910 447 447
3911 447 447
3912 447 447
3913 447 447
3914 447 447
3915 447 447
3916 447 447
3917 447 447
3918 447 447
3919 447 447
3920 447 447
3921 447 447
3922 447 447
3923 447 447
3924 447 447
3925 447 447
3926 447 447
3927 447 447
3928 447 447
3929 447 447
3930 447 447
3931 447 447
3932 447 447
3933 447 447
3934 447 447
3935 447 447
3936 447 447
3937 447 447
3938 447 447
3939 447 447
3940 447 447
3941 447 447
3942 447 447
3943 447 447
3944 447 447
3945 447 447
3946 447 447
3947 447 447
3948 447 447
3949 447 447
3950 447 447
3951 447 447
3952 447 447
3953 447 447
3954 447 447
3955 447 447
3956 447 447
3957 447 447
3958 447 447
3959 447 447
3960 447 447
3961 447 447
3962 447 447
3963 447 447
3964 447 447
3965 447 447
3966 447 447
3967 447 447
3968 447 447
3969 447 447
3970 447 447
3971 447 447
3972 447 447
3973 447 447
3974 447 447
3975 447 447
3976 447 447
3977 447 447
3978 447 447
3979 447 447
3980 447 447
3981 447 447
3982 447 447
3983 447 447
3984 447 447
3985 447 447
3986 447 447
3987 447 447
3988 447 447
3989 447 447
3990 447 447
3991 447 447
3992 447 447
3993 447 447
3994 447 447
3995 447 447
3996 447 447
3997 447 447
3998 447 447
3999 447 447
4000 447 447
4001 447 447
4002 447 447
4003 447 447
4004 447 447
4005 447 447
4006 447 447
4007 447 447
4008 447 447
4009 447 447
4010 447 447
4011 447 447
4012 447 447
4013 447 447
4014 447 447
4015 447 447
4016 447 447
4017 447 447
4018 447 447
4019 447 447
4020 447 447
4021 447 447
4022 447 447
4023 447 447
4024 447 447
4025 447 447
4026 447 447
4027 447 447
4028 447 447
4029 447 447
4030 447 447
4031 447 447
4032 447 447
4033 447 447
4034 447 447
4035 447 447
4036 447 447
4037 447 447
4038 447 447
4039 447 447
4040 447 447
4041 447 447
4042 447 447
4043 447 447
4044 447 447
4045 447 447
4046 447 447
4047 447 447
4048 447 447
4049 447 447
4050 447 447
4051 447 447
4052 447 447
4053 447 447
4054 447 447
4055 447 447
4056 447 447
4057 447 447
4058 447 447
4059 447 447
4060 447 447
4061 447 447
4062 447 447
4063 447 447
4064 447 447
4065 447 447
4066 447 447
4067 447 447
4068 447 447
4069 447 447
4070 447 447
4071 447 447
4072 447 447
4073 447 447
4074 447 447
4075 447 447
4076 447 447
4077 447 447
4078 447 447
4079 447 447
4080 447 447
4081 447 447
4082 447 447
4083 447 447
4084 447 447
4085 447 447
4086 447 447
4087 447 447
4088 447 447
4089 447 447
4090 447 447
4091 447 447
4092 447 447
4093 447 447
4094 447 447
4095 447 447
4096 447 447
4097 447 447
4098 447 447
4099 447 447
4100 447 447
4101 447 447
4102 447 447
4103 447 447
4104 447 447
4105 447 447
4106 447 447
4107 447 447
4108 447 447
4109 447 447
4110 447 447
4111 447 447
4112 447 447
4113 447 447
4114 447 447
4115 447 447
4116 447 447
4117 447 447
4118 447 447
4119 447 447
4120 447 447
4121 447 447
4122 447 447
4123 447 447
4124 447 447
4125 447 447
4126 447 447
4127 447 447
4128 447 447
4129 447 447
4130 447 447
4131 447 447
4132 447 447
4133 447 447
4134 447 447
4135 447 447
4136 447 447
4137 447 447
4138 447 447
4139 447 447
4140 447 447
4141 447 447
4142 447 447
4143 447 447
4144 447 447
4145 447 447
4146 447 447
4147 447 447
4148 447 447
4149 447 447
4150 447 447
4151 447 447
4152 447 447
4153 447 447
4154 447 447
4155 447 447
4156 447 447
4157 447 447
4158 447 447
4159 447 447
4160 447 447
4161 447 447
4162 447 447
4163 447 447
4164 447 447
4165 447 447
4166 447 447
4167 447 447
4168 447 447
4169 447 447
4170 447 447
4171 447 447
4172 447 447
4173 447 447
4174 447 447
4175 447 447
4176 447 447
4177 447 447
4178 447 447
4179 447 447
4180 447 447
4181 447 447
4182 447 447
4183 447 447
4184 447 447
4185 447 447
4186 447 447
4187 447 447
4188 447 447
4189 447 447
4190 447 447
4191 447 447
4192 447 447
4193 447 447
4194 447 447
4195 447 447
4196 447 447
4197 447 447
4198 447 447
4199 447 447
4200 447 447
4201 447 447
4202 447 447
4203 447 447
4204 447 447
4205 447 447
4206 447 447
4207 447 447
4208 447 447
4209 447 447
4210 447 447
4211 447 447
4212 447 447
4213 447 447
4214 447 447
4215 447 447
4216 447 447
4217 447 447
4218 447 447
4219 447 447
4220 447 447
4221 447 447
4222 447 447
4223 447 447
4224 447 447
4225 447 447
4226 447 447
4227 447 447
4228 447 447
4229 447 447
4230 447 447
4231 447 447
4232 447 447
4233 447 447
4234 447 447
4235 447 447
4236 447 447
4237 447 447
4238 447 447
4239 447 447
4240 447 447
4241 447 447
4242 447 447
4243 447 447
4244 447 447
4245 447 447
4246 447 447
4247 447 447
4248 447 447
4249 447 447
4250 447 447
4251 447 447
4252 447 447
4253 447 447
4254 447 447
4255 447 447
4256 447 447
4257 447 447
4258 447 447
4259 447 447
4260 447 447
4261 447 447
4262 447 447
4263 447 447
4264 447 447
4265 447 447
4266 447 447
4267 447 447
4268 447 447
4269 447 447
4270 447 447
4271 447 447
4272 447 447
4273 447 447
4274 447 447
4275 447 447
4276 447 447
4277 447 447
4278 447 447
4279 447 447
4280 447 447
4281 447 447
4282 447 447
4283 447 447
4284 447 447
4285 447 447
4286 447 447
4287 447 447
4288 447 447
4289 447 447
4290 447 447
4291 447 447
4292 447 447
4293 447 447
4294 447 447
4295 447 447
4296 447 447
4297 447 447
4298 447 447
4299 447 447
4300 447 447
4301 447 447
4302 447 447
4303 447 447
4304 447 447
4305 447 447
4306 447 447
4307 447 447
4308 447 447
4309 447 447
4310 447 447
4311 447 447
4312 447 447
4313 447 447
4314 447 447
4315 447 447
4316 447 447
4317 447 447
4318 447 447
4319 447 447
4320 447 447
4321 447 447
4322 447 447
4323 447 447
4324 447 447
4325 447 447
4326 447 447
4327 447 447
4328 447 447
4329 447 447
4330 447 447
4331 447 447
4332 447 447
4333 447 447
4334 447 447
4335 447 447
4336 447 447
4337 447 447
4338 447 447
4339 447 447
4340 447 447
4341 447 447
4342 447 447
4343 447 447
4344 447 447
4345 447 447
4346 447 447
4347 447 447
4348 447 447
4349 447 447
4350 447 447
4351 447 447
4352 447 447
4353 447 447
4354 447 447
4355 447 447
4356 447 447
4357 447 447
4358 447 447
4359 447 447
4360 447 447
4361 447 447
4362 447 447
4363 447 447
4364 447 447
4365 447 447
4366 447 447
4367 447 447
4368 447 447
4369 447 447
4370 447 447
4371 447 447
4372 447 447
4373 447 447
4374 447 447
4375 447 447
4376 447 447
4377 447 447
4378 447 447
4379 447 447
4380 447 447
4381 447 447
4382 447 447
4383 447 447
4384 447 447
4385 447 447
4386 447 447
4387 447 447
4388 447 447
4389 447 447
4390 447 447
4391 447 447
4392 447 447
4393 447 447
4394 447 447
4395 447 447
4396 447 447
4397 447 447
4398 447 447
4399 447 447
4400 447 447
4401 447 447
4402 447 447
4403 447 447
4404 447 447
4405 447 447
4406 447 447
4407 447 447
4408 447 447
4409 447 447
4410 447 447
4411 447 447
4412 447 447
4413 447 447
4414 447 447
4415 447 447
4416 447 447
4417 447 447
4418 447 447
4419 447 447
4420 447 447
4421 447 447
4422 447 447
4423 447 447
4424 447 447
4425 447 447
4426 447 447
4427 447 447
4428 447 447
4429 447 447
4430 447 447
4431 447 447
4432 447 447
4433 447 447
4434 447 447
4435 447 447
4436 447 447
4437 447 447
4438 447 447
4439 447 447
4440 447 447
4441 447 447
4442 447 447
4443 447 447
4444 447 447
4445 447 447
4446 447 447
4447 447 447
4448 447 447
4449 447 447
4450 447 447
4451 447 447
4452 447 447
4453 447 447
4454 447 447
4455 447 447
4456 447 447
4457 447 447
4458 447 447
4459 447 447
4460 447 447
4461 447 447
4462 447 447
4463 447 447
4464 447 447
4465 447 447
4466 447 447
4467 447 447
4468 447 447
4469 447 447
4470 447 447
4471 447 447
4472 447 447
4473 447 447
4474 447 447
4475 447 447
4476 447 447
4477 447 447
4478 447 447
4479 447 447
4480 447 447
4481 447 447
4482 447 447
4483 447 447
4484 447 447
4485 447 447
4486 447 447
4487 447 447
4488 447 447
4489 447 447
4490 447 447
4491 447 447
4492 447 447
4493 447 447
4494 447 447
4495 447 447
4496 447 447
4497 447 447
4498 447 447
4499 447 447
4500 447 447
4501 447 447
4502 447 447
4503 447 447
4504 447 447
4505 447 447
4506 447 447
4507 447 447
4508 447 447
4509 447 447
4510 447 447
4511 447 447
4512 447 447
4513 447 447
4514 447 447
4515 447 447
4516 447 447
4517 447 447
4518 447 447
4519 447 447
4520 447 447
4521 447 447
4522 447 447
4523 447 447
4524 447 447
4525 447 447
4526 447 447
4527 447 447
4528 447 447
4529 447 447
4530 447 447
4531 447 447
4532 447 447
4533 447 447
4534 447 447
4535 447 447
4536 447 447
4537 447 447
4538 447 447
4539 447 447
4540 447 447
4541 447 447
4542 447 447
4543 447 447
4544 447 447
4545 447 447
4546 447 447
4547 447 447
4548 447 447
4549 447 447
4550 447 447
4551 447 447
4552 447 447
4553 447 447
4554 447 447
4555 447 447
4556 447 447
4557 447 447
4558 447 447
4559 447 447
4560 447 447
4561 447 447
4562 447 447
4563 447 447
4564 447 447
4565 447 447
4566 447 447
4567 447 447
4568 447 447
4569 447 447
4570 447 447
4571 447 447
4572 447 447
4573 447 447
4574 447 447
4575 447 447
4576 447 447
4577 447 447
4578 447 447
4579 447 447
4580 447 447
4581 447 447
4582 447 447
4583 447 447
4584 447 447
4585 447 447
4586 447 447
4587 447 447
4588 447 447
4589 447 447
4590 447 447
4591 447 447
4592 447 447
4593 447 447
4594 447 447
4595 447 447
4596 447 447
4597 447 447
4598 447 447
4599 447 447
4600 447 447
4601 447 447
4602 447 447
4603 447 447
4604 447 447
4605 447 447
4606 447 447
4607 447 447
4608 447 447
4609 447 447
4610 447 447
4611 447 447
4612 447 447
4613 447 447
4614 447 447
4615 447 447
4616 447 447
4617 447 447
4618 447 447
4619 447 447
4620 447 447
4621 447 447
4622 447 447
4623 447 447
4624 447 447
4625 447 447
4626 447 447
4627 447 447
4628 447 447
4629 447 447
4630 447 447
4631 447 447
4632 447 447
4633 447 447
4634 447 447
4635 447 447
4636 447 447
4637 447 447
4638 447 447
4639 447 447
4640 447 447
4641 447 447
4642 447 447
4643 447 447
4644 447 447
4645 447 447
4646 447 447
4647 447 447
4648 447 447
4649 447 447
4650 447 447
4651 447 447
4652 447 447
4653 447 447
4654 447 447
4655 447 447
4656 447 447
4657 447 447
4658 447 447
4659 447 447
4660 447 447
4661 447 447
4662 447 447
4663 447 447
4664 447 447
4665 447 447
4666 447 447
4667 447 447
4668 447 447
4669 447 447
4670 447 447
4671 447 447
4672 447 447
4673 447 447
4674 447 447
4675 447 447
4676 447 447
4677 447 447
4678 447 447
4679 447 447
4680 447 447
4681 447 447
4682 447 447
4683 447 447
4684 447 447
4685 447 447
4686 447 447
4687 447 447
4688 447 447
4689 447 447
4690 447 447
4691 447 447
4692 447 447
4693 447 447
4694 447 447
4695 447 447
4696 447 447
4697 447 447
4698 447 447
4699 447 447
4700 447 447
4701 447 447
4702 447 447
4703 447 447
4704 447 447
4705 447 447
4706 447 447
4707 447 447
4708 447 447
4709 447 447
4710 447 447
4711 447 447
4712 447 447
4713 447 447
4714 447 447
4715 447 447
4716 447 447
4717 447 447
4718 447 447
4719 447 447
4720 447 447
4721 447 447
4722 447 447
4723 447 447
4724 447 447
4725 447 447
4726 447 447
4727 447 447
4728 447 447
4729 447 447
4730 447 447
4731 447 447
4732 447 447
4733 447 447
4734 447 447
4735 447 447
4736 447 447
4737 447 447
4738 447 447
4739 447 447
4740 447 447
4741 447 447
4742 447 447
4743 447 447
4744 447 447
4745 447 447
4746 447 447
4747 447 447
4748 447 447
4749 447 447
4750 447 447
4751 447 447
4752 447 447
4753 447 447
4754 447 447
4755 447 447
4756 447 447
4757 447 447
4758 447 447
4759 447 447
4760 447 447
4761 447 447
4762 447 447
4763 447 447
4764 447 447
4765 447 447
4766 447 447
4767 447 447
4768 447 447
4769 447 447
4770 447 447
4771 447 447
4772 447 447
4773 447 447
4774 447 447
4775 447 447
4776 447 447
4777 447 447
4778 447 447
4779 447 447
4780 447 447
4781 447 447
4782 447 447
4783 447 447
4784 447 447
4785 447 447
4786 447 447
4787 447 447
4788 447 447
4789 447 447
4790 447 447
4791 447 447
4792 447 447
4793 447 447
4794 447 447
4795 447 447
4796 447 447
4797 447 447
4798 447 447
4799 447 447
4800 447 447
4801 447 447
4802 447 447
4803 447 447
4804 447 447
4805 447 447
4806 447 447
4807 447 447
4808 447 447
4809 447 447
4810 447 447
4811 447 447
4812 447 447
4813 447 447
4814 447 447
4815 447 447
4816 447 447
4817 447 447
4818 447 447
4819 447 447
4820 447 447
4821 447 447
4822 447 447
4823 447 447
4824 447 447
4825 447 447
4826 447 447
4827 447 447
4828 447 447
4829 447 447
4830 447 447
4831 447 447
4832 447 447
4833 447 447
4834 447 447
4835 447 447
4836 447 447
4837 447 447
4838 447 447
4839 447 447
4840 447 447
4841 447 447
4842 447 447
4843 447 447
4844 447 447
4845 447 447
4846 447 447
4847 447 447
4848 447 447
4849 447 447
4850 447 447
4851 447 447
4852 447 447
4853 447 447
4854 447 447
4855 447 447
4856 447 447
4857 447 447
4858 447 447
4859 447 447
4860 447 447
4861 447 447
4862 447 447
4863 447 447
4864 447 447
4865 447 447
4866 447 447
4867 447 447
4868 447 447
4869 447 447
4870 447 447
4871 447 447
4872 447 447
4873 447 447
4874 447 447
4875 447 447
4876 447 447
4877 447 447
4878 447 447
4879 447 447
4880 447 447
4881 447 447
4882 447 447
4883 447 447
4884 447 447
4885 447 447
4886 447 447
4887 447 447
4888 447 447
4889 447 447
4890 447 447
4891 447 447
4892 447 447
4893 447 447
4894 447 447
4895 447 447
4896 447 447
4897 447 447
4898 447 447
4899 447 447
4900 447 447
4901 447 447
4902 447 447
4903 447 447
4904 447 447
4905 447 447
4906 447 447
4907 447 447
4908 447 447
4909 447 447
4910 447 447
4911 447 447
4912 447 447
4913 447 447
4914 447 447
4915 447 447
4916 447 447
4917 447 447
4918 447 447
4919 447 447
4920 447 447
4921 447 447
4922 447 447
4923 447 447
4924 447 447
4925 447 447
4926 447 447
4927 447 447
4928 447 447
4929 447 447
4930 447 447
4931 447 447
4932 447 447
4933 447 447
4934 447 447
4935 447 447
4936 447 447
4937 447 447
4938 447 447
4939 447 447
4940 447 447
4941 447 447
4942 447 447
4943 447 447
4944 447 447
4945 447 447
4946 447 447
4947 447 447
4948 447 447
4949 447 447
4950 447 447
4951 447 447
4952 447 447
4953 447 447
4954 447 447
4955 447 447
4956 447 447
4957 447 447
4958 447 447
4959 447 447
4960 447 447
4961 447 447
4962 447 447
4963 447 447
4964 447 447
4965 447 447
4966 447 447
4967 447 447
4968 447 447
4969 447 447
4970 447 447
4971 447 447
4972 447 447
4973 447 447
4974 447 447
4975 447 447
4976 447 447
4977 447 447
4978 447 447
4979 447 447
4980 447 447
4981 447 447
4982 447 447
4983 447 447
4984 447 447
4985 447 447
4986 447 447
4987 447 447
4988 447 447
4989 447 447
4990 447 447
4991 447 447
4992 447 447
4993 447 447
4994 447 447
4995 447 447
4996 447 447
4997 447 447
4998 447 447
4999 447 447
5000 447 447
5001 447 447
5002 447 447
5003 447 447
5004 447 447
5005 447 447
5006 447 447
5007 447 447
5008 447 447
5009 447 447
5010 447 447
5011 447 447
5012 447 447
5013 447 447
5014 447 447
5015 447 447
5016 447 447
5017 447 447
5018 447 447
5019 447 447
5020 447 447
5021 447 447
5022 447 447
5023 447 447
5024 447 447
5025 447 447
5026 447 447
5027 447 447
5028 447 447
5029 447 447
5030 447 447
5031 447 447
5032 447 447
5033 447 447
5034 447 447
5035 447 447
5036 447 447
5037 447 447
5038 447 447
5039 447 447
5040 447 447
5041 447 447
5042 447 447
5043 447 447
5044 447 447
5045 447 447
5046 447 447
5047 447 447
5048 447 447
5049 447 447
5050 447 447
5051 447 447
5052 447 447
5053 447 447
5054 447 447
5055 447 447
5056 447 447
5057 447 447
5058 447 447
5059 447 447
5060 447 447
5061 447 447
5062 447 447
5063 447 447
5064 447 447
5065 447 447
5066 447 447
5067 447 447
5068 447 447
5069 447 447
5070 447 447
5071 447 447
5072 447 447
5073 447 447
5074 447 447
5075 447 447
5076 447 447
5077 447 447
5078 447 447
5079 447 447
5080 447 447
5081 447 447
5082 447 447
5083 447 447
5084 447 447
5085 447 447
5086 447 447
5087 447 447
5088 447 447
5089 447 447
5090 447 447
5091 447 447
5092 447 447
5093 447 447
5094 447 447
5095 447 447
5096 447 447
5097 447 447
5098 447 447
5099 447 447
5100 447 447
5101 447 447
5102 447 447
5103 447 447
5104 447 447
5105 447 447
5106 447 447
5107 447 447
5108 447 447
5109 447 447
5110 447 447
5111 447 447
5112 447 447
5113 447 447
5114 447 447
5115 447 447
5116 447 447
5117 447 447
5118 447 447
5119 447 447
5120 447 447
5121 447 447
5122 447 447
5123 447 447
5124 447 447
5125 447 447
5126 447 447
5127 447 447
5128 447 447
5129 447 447
5130 447 447
5131 447 447
5132 447 447
5133 447 447
5134 447 447
5135 447 447
5136 447 447
5137 447 447
5138 447 447
5139 447 447
5140 447 447
5141 447 447
5142 447 447
5143 447 447
5144 447 447
5145 447 447
5146 447 447
5147 447 447
5148 447 447
5149 447 447
5150 447 447
5151 447 447
5152 447 447
5153 447 447
5154 447 447
5155 447 447
5156 447 447
5157 447 447
5158 447 447
5159 447 447
5160 447 447
5161 447 447
5162 447 447
5163 447 447
5164 447 447
5165 447 447
5166 447 447
5167 447 447
5168 447 447
5169 447 447
5170 447 447
5171 447 447
5172 447 447
5173 447 447
5174 447 447
5175 447 447
5176 447 447
5177 447 447
5178 447 447
5179 447 447
5180 447 447
5181 447 447
5182 447 447
5183 447 447
5184 447 447
5185 447 447
5186 447 447
5187 447 447
5188 447 447
5189 447 447
5190 447 447
5191 447 447
5192 447 447
5193 447 447
5194 447 447
5195 447 447
5196 447 447
5197 447 447
5198 447 447
5199 447 447
5200 447 447
5201 447 447
5202 447 447
5203 447 447
5204 447 447
5205 447 447
5206 447 447
5207 447 447
5208 447 447
5209 447 447
5210 447 447
5211 447 447
5212 447 447
5213 447 447
5214 447 447
5215 447 447
5216 447 447
5217 447 447
5218 447 447
5219 447 447
5220 447 447
5221 447 447
5222 447 447
5223 447 447
5224 447 447
5225 447 447
5226 447 447
5227 447 447
5228 447 447
5229 447 447
5230 447 447
5231 447 447
5232 447 447
5233 447 447
5234 447 447
5235 447 447
5236 447 447
5237 447 447
5238 447 447
5239 447 447
5240 447 447
5241 447 447
5242 447 447
5243 447 447
5244 447 447
5245 447 447
5246 447 447
5247 447 447
5248 447 447
5249 447 447
5250 447 447
5251 447 447
5252 447 447
5253 447 447
5254 447 447
5255 447 447
5256 447 447
5257 447 447
5258 447 447
5259 447 447
5260 447 447
5261 447 447
5262 447 447
5263 447 447
5264 447 447
5265 447 447
5266 447 447
5267 447 447
5268 447 447
5269 447 447
5270 447 447
5271 447 447
5272 447 447
5273 447 447
5274 447 447
5275 447 447
5276 447 447
5277 447 447
5278 447 447
5279 447 447
5280 447 447
5281 447 447
5282 447 447
5283 447 447
5284 447 447
5285 447 447
5286 447 447
5287 447 447
5288 447 447
5289 447 447
5290 447 447
5291 447 447
5292 447 447
5293 447 447
5294 447 447
5295 447 447
5296 447 447
5297 447 447
5298 447 447
5299 447 447
5300 447 447
5301 447 447
5302 447 447
5303 447 447
5304 447 447
5305 447 447
5306 447 447
5307 447 447
5308 447 447
5309 447 447
5310 447 447
5311 447 447
5312 447 447
5313 447 447
5314 447 447
5315 447 447
5316 447 447
5317 447 447
5318 447 447
5319 447 447
5320 447 447
5321 447 447
5322 447 447
5323 447 447
5324 447 447
5325 447 447
5326 447 447
5327 447 447
5328 447 447
5329 447 447
5330 447 447
5331 447 447
5332 447 447
5333 447 447
5334 447 447
5335 447 447
5336 447 447
5337 447 447
5338 447 447
5339 447 447
5340 447 447
5341 447 447
5342 447 447
5343 447 447
5344 447 447
5345 447 447
5346 447 447
5347 447 447
5348 447 447
5349 447 447
5350 447 447
5351 447 447
5352 447 447
5353 447 447
5354 447 447
5355 447 447
5356 447 447
5357 447 447
5358 447 447
5359 447 447
5360 447 447
5361 447 447
5362 447 447
5363 447 447
5364 447 447
5365 447 447
5366 447 447
5367 447 447
5368 447 447
5369 447 447
5370 447 447
5371 447 447
5372 447 447
5373 447 447
5374 447 447
5375 447 447
5376 447 447
5377 447 447
5378 447 447
5379 447 447
5380 447 447
5381 447 447
5382 447 447
5383 447 447
5384 447 447
5385 447 447
5386 447 447
5387 447 447
5388 447 447
5389 447 447
5390 447 447
5391 447 447
5392 447 447
5393 447 447
5394 447 447
5395 447 447
5396 447 447
5397 447 447
5398 447 447
5399 447 447
5400 447 447
5401 447 447
5402 447 447
5403 447 447
5404 447 447
5405 447 447
5406 447 447
5407 447 447
5408 447 447
5409 447 447
5410 447 447
5411 447 447
5412 447 447
5413 447 447
5414 447 447
5415 447 447
5416 447 447
5417 447 447
5418 447 447
5419 447 447
5420 447 447
5421 447 447
5422 447 447
5423 447 447
5424 447 447
5425 447 447
5426 447 447
5427 447 447
5428 447 447
5429 447 447
5430 447 447
5431 447 447
5432 447 447
5433 447 447
5434 447 447
5435 447 447
5436 447 447
5437 447 447
5438 447 447
5439 447 447
5440 447 447
5441 447 447
5442 447 447
5443 447 447
5444 447 447
5445 447 447
5446 447 447
5447 447 447
5448 447 447
5449 447 447
5450 447 447
5451 447 447
5452 447 447
5453 447 447
5454 447 447
5455 447 447
5456 447 447
5457 447 447
5458 447 447
5459 447 447
5460 447 447
5461 447 447
5462 447 447
5463 447 447
5464 447 447
5465 447 447
5466 447 447
5467 447 447
5468 447 447
5469 447 447
5470 447 447
5471 447 447
5472 447 447
5473 447 447
5474 447 447
5475 447 447
5476 447 447
5477 447 447
5478 447 447
5479 447 447
5480 447 447
5481 447 447
5482 447 447
5483 447 447
5484 447 447
5485 447 447
5486 447 447
5487 447 447
5488 447 447
5489 447 447
5490 447 447
5491 447 447
5492 447 447
5493 447 447
5494 447 447
5495 447 447
5496 447 447
5497 447 447
5498 447 447
5499 447 447
5500 447 447
5501 447 447
5502 447 447
5503 447 447
5504 447 447
5505 447 447
5506 447 447
5507 447 447
5508 447 447
5509 447 447
5510 447 447
5511 447 447
5512 447 447
5513 447 447
5514 447 447
5515 447 447
5516 447 447
5517 447 447
5518 447 447
5519 447 447
5520 447 447
5521 447 447
5522 447 447
5523 447 447
5524 447 447
5525 447 447
5526 447 447
5527 447 447
5528 447 447
5529 447 447
5530 447 447
5531 447 447
5532 447 447
5533 447 447
5534 447 447
5535 447 447
5536 447 447
5537 447 447
5538 447 447
5539 447 447
5540 447 447
5541 447 447
5542 447 447
5543 447 447
5544 447 447
5545 447 447
5546 447 447
5547 447 447
5548 447 447
5549 447 447
5550 447 447
5551 447 447
5552 447 447
5553 447 447
5554 447 447
5555 447 447
5556 447 447
5557 447 447
5558 447 447
5559 447 447
5560 447 447
5561 447 447
5562 447 447
5563 447 447
5564 447 447
5565 447 447
5566 447 447
5567 447 447
5568 447 447
5569 447 447
5570 447 447
5571 447 447
5572 447 447
5573 447 447
5574 447 447
5575 447 447
5576 447 447
5577 447 447
5578 447 447
5579 447 447
5580 447 447
5581 447 447
5582 447 447
5583 447 447
5584 447 447
5585 447 447
5586 447 447
5587 447 447
5588 447 447
5589 447 447
5590 447 447
5591 447 447
5592 447 447
5593 447 447
5594 447 447
5595 447 447
5596 447 447
5597 447 447
5598 447 447
5599 447 447
5600 447 447
5601 447 447
5602 447 447
5603 447 447
5604 447 447
5605 447 447
5606 447 447
5607 447 447
5608 447 447
5609 447 447
5610 447 447
5611 447 447
5612 447 447
5613 447 447
5614 447 447
5615 447 447
5616 447 447
5617 447 447
5618 447 447
5619 447 447
5620 447 447
5621 447 447
5622 447 447
5623 447 447
5624 447 447
5625 447 447
5626 447 447
5627 447 447
5628 447 447
5629 447 447
5630 447 447
5631 447 447
5632 447 447
5633 447 447
5634 447 447
5635 447 447
5636 447 447
5637 447 447
5638 447 447
5639 447 447
5640 447 447
5641 447 447
5642 447 447
5643 447 447
5644 447 447
5645 447 447
5646 447 447
5647 447 447
5648 447 447
5649 447 447
5650 447 447
5651 447 447
5652 447 447
5653 447 447
5654 447 447
5655 447 447
5656 447 447
5657 447 447
5658 447 447
5659 447 447
5660 447 447
5661 447 447
5662 447 447
5663 447 447
5664 447 447
5665 447 447
5666 447 447
5667 447 447
5668 447 447
5669 447 447
5670 447 447
5671 447 447
5672 447 447
5673 447 447
5674 447 447
5675 447 447
5676 447 447
5677 447 447
5678 447 447
5679 447 447
5680 447 447
5681 447 447
5682 447 447
5683 447 447
5684 447 447
5685 447 447
5686 447 447
5687 447 447
5688 447 447
5689 447 447
5690 447 447
5691 447 447
5692 447 447
5693 447 447
5694 447 447
5695 447 447
5696 447 447
5697 447 447
5698 447 447
5699 447 447
5700 447 447
5701 447 447
5702 447 447
5703 447 447
5704 447 447
5705 447 447
5706 447 447
5707 447 447
5708 447 447
5709 447 447
5710 447 447
5711 447 447
5712 447 447
5713 447 447
5714 447 447
5715 447 447
5716 447 447
5717 447 447
5718 447 447
5719 447 447
5720 447 447
5721 447 447
5722 447 447
5723 447 447
5724 447 447
5725 447 447
5726 447 447
5727 447 447
5728 447 447
5729 447 447
5730 447 447
5731 447 447
5732 447 447
5733 447 447
5734 447 447
5735 447 447
5736 447 447
5737 447 447
5738 447 447
5739 447 447
5740 447 447
5741 447 447
5742 447 447
5743 447 447
5744 447 447
5745 447 447
5746 447 447
5747 447 447
5748 447 447
5749 447 447
5750 447 447
5751 447 447
5752 447 447
5753 447 447
5754 447 447
5755 447 447
5756 447 447
5757 447 447
5758 447 447
5759 447 447
5760 447 447
5761 447 447
5762 447 447
5763 447 447
5764 447 447
5765 447 447
5766 447 447
5767 447 447
5768 447 447
5769 447 447
5770 447 447
5771 447 447
5772 447 447
5773 447 447
5774 447 447
5775 447 447
5776 447 447
5777 447 447
5778 447 447
5779 447 447
5780 447 447
5781 447 447
5782 447 447
5783 447 447
5784 447 447
5785 447 447
5786 447 447
5787 447 447
5788 447 447
5789 447 447
5790 447 447
5791 447 447
5792 447 447
5793 447 447
5794 447 447
5795 447 447
5796 447 447
5797 447 447
5798 447 447
5799 447 447
5800 447 447
5801 447 447
5802 447 447
5803 447 447
5804 447 447
5805 447 447
5806 447 447
5807 447 447
5808 447 447
5809 447 447
5810 447 447
5811 447 447
5812 447 447
5813 447 447
5814 447 447
5815 447 447
5816 447 447
5817 447 447
5818 447 447
5819 447 447
5820 447 447
5821 447 447
5822 447 447
5823 447 447
5824 447 447
5825 447 447
5826 447 447
5827 447 447
5828 447 447
5829 447 447
5830 447 447
5831 447 447
5832 447 447
5833 447 447
5834 447 447
5835 447 447
5836 447 447
5837 447 447
5838 447 447
5839 447 447
5840 447 447
5841 447 447
5842 447 447
5843 447 447
5844 447 447
5845 447 447
5846 447 447
5847 447 447
5848 447 447
5849 447 447
5850 447 447
5851 447 447
5852 447 447
5853 447 447
5854 447 447
5855 447 447
5856 447 447
5857 447 447
5858 447 447
5859 447 447
5860 447 447
5861 447 447
5862 447 447
5863 447 447
5864 447 447
5865 447 447
5866 447 447
5867 447 447
5868 447 447
5869 447 447
5870 447 447
5871 447 447
5872 447 447
5873 447 447
5874 447 447
5875 447 447
5876 447 447
5877 447 447
5878 447 447
5879 447 447
5880 447 447
5881 447 447
5882 447 447
5883 447 447
5884 447 447
5885 447 447
5886 447 447
5887 447 447
5888 447 447
5889 447 447
5890 447 447
5891 447 447
5892 447 447
5893 447 447
5894 447 447
5895 447 447
5896 447 447
5897 447 447
5898 447 447
5899 447 447
5900 447 447
5901 447 447
5902 447 447
5903 447 447
5904 447 447
5905 447 447
5906 447 447
5907 447 447
5908 447 447
5909 447 447
5910 447 447
5911 447 447
5912 447 447
5913 447 447
5914 447 447
5915 447 447
5916 447 447
5917 447 447
5918 447 447
5919 447 447
5920 447 447
5921 447 447
5922 447 447
5923 447 447
5924 447 447
5925 447 447
5926 447 447
5927 447 447
5928 447 447
5929 447 447
5930 447 447
5931 447 447
5932 447 447
5933 447 447
5934 447 447
5935 447 447
5936 447 447
5937 447 447
5938 447 447
5939 447 447
5940 447 447
5941 447 447
5942 447 447
5943 447 447
5944 447 447
5945 447 447
5946 447 447
5947 447 447
5948 447 447
5949 447 447
5950 447 447
5951 447 447
5952 447 447
5953 447 447
5954 447 447
5955 447 447
5956 447 447
5957 447 447
5958 447 447
5959 447 447
5960 447 447
5961 447 447
5962 447 447
5963 447 447
5964 447 447
5965 447 447
5966 447 447
5967 447 447
5968 447 447
5969 447 447
5970 447 447
5971 447 447
5972 447 447
5973 447 447
5974 447 447
5975 447 447
5976 447 447
5977 447 447
5978 447 447
5979 447 447
5980 447 447
5981 447 447
5982 447 447
5983 447 447
5984 447 447
5985 447 447
5986 447 447
5987 447 447
5988 447 447
5989 447 447
5990 447 447
5991 447 447
5992 447 447
5993 447 447
5994 447 447
5995 447 447
5996 447 447
5997 447 447
5998 447 447
5999 447 447
6000 447 447
6001 447 447
6002 447 447
6003 447 447
6004 447 447
6005 447 447
6006 447 447
6007 447 447
6008 447 447
6009 447 447
6010 447 447
6011 447 447
6012 447 447
6013 447 447
6014 447 447
6015 447 447
6016 447 447
6017 447 447
6018 447 447
6019 447 447
6020 447 447
6021 447 447
6022 447 447
6023 447 447
6024 447 447
6025 447 447
6026 447 447
6027 447 447
6028 447 447
6029 447 447
6030 447 447
6031 447 447
6032 447 447
6033 447 447
6034 447 447
6035 447 447
6036 447 447
6037 447 447
6038 447 447
6039 447 447
6040 447 447
6041 447 447
6042 447 447
6043 447 447
6044 447 447
6045 447 447
6046 447 447
6047 447 447
6048 447 447
6049 447 447
6050 447 447
6051 447 447
6052 447 447
6053 447 447
6054 447 447
6055 447 447
6056 447 447
6057 447 447
6058 447 447
6059 447 447
6060 447 447
6061 447 447
6062 447 447
6063 447 447
6064 447 447
6065 447 447
6066 447 447
6067 447 447
6068 447 447
6069 447 447
6070 447 447
6071 447 447
6072 447 447
6073 447 447
6074 447 447
6075 447 447
6076 447 447
6077 447 447
6078 447 447
6079 447 447
6080 447 447
6081 447 447
6082 447 447
6083 447 447
6084 447 447
6085 447 447
6086 447 447
6087 447 447
6088 447 447
6089 447 447
6090 447 447
6091 447 447
6092 447 447
6093 447 447
6094 447 447
6095 447 447
6096 447 447
6097 447 447
6098 447 447
6099 447 447
6100 447 447
6101 447 447
6102 447 447
6103 447 447
6104 447 447
6105 447 447
6106 447 447
6107 447 447
6108 447 447
6109 447 447
6110 447 447
6111 447 447
6112 447 447
6113 447 447
6114 447 447
6115 447 447
6116 447 447
6117 447 447
6118 447 447
6119 447 447
6120 447 447
6121 447 447
6122 447 447
6123 447 447
6124 447 447
6125 447 447
6126 447 447
6127 447 447
6128 447 447
6129 447 447
6130 447 447
6131 447 447
6132 447 447
6133 447 447
6134 447 447
6135 447 447
6136 447 447
6137 447 447
6138 447 447
6139 447 447
6140 447 447
6141 447 447
6142 447 447
6143 447 447
6144 447 447
6145 447 447
6146 447 447
6147 447 447
6148 447 447
6149 447 447
6150 447 447
6151 447 447
6152 447 447
6153 447 447
6154 447 447
6155 447 447
6156 447 447
6157 447 447
6158 447 447
6159 447 447
6160 447 447
6161 447 447
6162 447 447
6163 447 447
6164 447 447
6165 447 447
6166 447 447
6167 447 447
6168 447 447
6169 447 447
6170 447 447
6171 447 447
6172 447 447
6173 447 447
6174 447 447
6175 447 447
6176 447 447
6177 447 447
6178 447 447
6179 447 447
6180 447 447
6181 447 447
6182 447 447
6183 447 447
6184 447 447
6185 447 447
6186 447 447
6187 447 447
6188 447 447
6189 447 447
6190 447 447
6191 447 447
6192 447 447
6193 447 447
6194 447 447
6195 447 447
6196 447 447
6197 447 447
6198 447 447
6199 447 447
6200 447 447
6201 447 447
6202 447 447
6203 447 447
6204 447 447
6205 447 447
6206 447 447
6207 447 447
6208 447 447
6209 447 447
6210 447 447
6211 447 447
6212 447 447
6213 447 447
6214 447 447
6215 447 447
6216 447 447
6217 447 447
6218 447 447
6219 447 447
6220 447 447
6221 447 447
6222 447 447
6223 447 447
6224 447 447
6225 447 447
6226 447 447
6227 447 447
6228 447 447
6229 447 447
6230 447 447
6231 447 447
6232 447 447
6233 447 447
6234 447 447
6235 447 447
6236 447 447
6237 447 447
6238 447 447
6239 447 447
6240 447 447
6241 447 447
6242 447 447
6243 447 447
6244 447 447
6245 447 447
6246 447 447
6247 447 447
6248 447 447
6249 447 447
6250 447 447
6251 447 447
6252 447 447
6253 447 447
6254 447 447
6255 447 447
6256 447 447
6257 447 447
6258 447 447
6259 447 447
6260 447 447
6261 447 447
6262 447 447
6263 447 447
6264 447 447
6265 447 447
6266 447 447
6267 447 447
6268 447 447
6269 447 447
6270 447 447
6271 447 447
6272 447 447
6273 447 447
6274 447 447
6275 447 447
6276 447 447
6277 447 447
6278 447 447
6279 447 447
6280 447 447
6281 447 447
6282 447 447
6283 447 447
6284 447 447
6285 447 447
6286 447 447
6287 447 447
6288 447 447
6289 447 447
6290 447 447
6291 447 447
6292 447 447
6293 447 447
6294 447 447
6295 447 447
6296 447 447
6297 447 447
6298 447 447
6299 447 447
6300 447 447
6301 447 447
6302 447 447
6303 447 447
6304 447 447
6305 447 447
6306 447 447
6307 447 447
6308 447 447
6309 447 447
6310 447 447
6311 447 447
6312 447 447
6313 447 447
6314 447 447
6315 447 447
6316 447 447
6317 447 447
6318 447 447
6319 447 447
6320 447 447
6321 447 447
6322 447 447
6323 447 447
6324 447 447
6325 447 447
6326 447 447
6327 447 447
6328 447 447
6329 447 447
6330 447 447
6331 447 447
6332 447 447
6333 447 447
6334 447 447
6335 447 447
6336 447 447
6337 447 447
6338 447 447
6339 447 447
6340 447 447
6341 447 447
6342 447 447
6343 447 447
6344 447 447
6345 447 447
6346 447 447
6347 447 447
6348 447 447
6349 447 447
6350 447 447
6351 447 447
6352 447 447
6353 447 447
6354 447 447
6355 447 447
6356 447 447
6357 447 447
6358 447 447
6359 447 447
6360 447 447
6361 447 447
6362 447 447
6363 447 447
6364 447 447
6365 447 447
6366 447 447
6367 447 447
6368 447 447
6369 447 447
6370 447 447
6371 447 447
6372 447 447
6373 447 447
6374 447 447
6375 447 447
6376 447 447
6377 447 447
6378 447 447
6379 447 447
6380 447 447
6381 447 447
6382 447 447
6383 447 447
6384 447 447
6385 447 447
6386 447 447
6387 447 447
6388 447 447
6389 447 447
6390 447 447
6391 447 447
6392 447 447
6393 447 447
6394 447 447
6395 447 447
6396 447 447
6397 447 447
6398 447 447
6399 447 447
6400 447 447
6401 447 447
6402 447 447
6403 447 447
6404 447 447
6405 447 447
6406 447 447
6407 447 447
6408 447 447
6409 447 447
6410 447 447
6411 447 447
6412 447 447
6413 447 447
6414 447 447
6415 447 447
6416 447 447
6417 447 447
6418 447 447
6419 447 447
6420 447 447
6421 447 447
6422 447 447
6423 447 447
6424 447 447
6425 447 447
6426 447 447
6427 447 447
6428 447 447
6429 447 447
6430 447 447
6431 447 447
6432 447 447
6433 447 447
6434 447 447
6435 447 447
6436 447 447
6437 447 447
6438 447 447
6439 447 447
6440 447 447
6441 447 447
6442 447 447
6443 447 447
6444 447 447
6445 447 447
6446 447 447
6447 447 447
6448 447 447
6449 447 447
6450 447 447
6451 447 447
6452 447 447
6453 447 447
6454 447 447
6455 447 447
6456 447 447
6457 447 447
6458 447 447
6459 447 447
6460 447 447
6461 447 447
6462 447 447
6463 447 447
6464 447 447
6465 447 447
6466 447 447
6467 447 447
6468 447 447
6469 447 447
6470 447 447
6471 447 447
6472 447 447
6473 447 447
6474 447 447
6475 447 447
6476 447 447
6477 447 447
6478 447 447
6479 447 447
6480 447 447
6481 447 447
6482 447 447
6483 447 447
6484 447 447
6485 447 447
6486 447 447
6487 447 447
6488 447 447
6489 447 447
6490 447 447
6491 447 447
6492 447 447
6493 447 447
6494 447 447
6495 447 447
6496 447 447
6497 447 447
6498 447 447
6499 447 447
6500 447 447
6501 447 447
6502 447 447
6503 447 447
6504 447 447
6505 447 447
6506 447 447
6507 447 447
6508 447 447
6509 447 447
6510 447 447
6511 447 447
6512 447 447
6513 447 447
6514 447 447
6515 447 447
6516 447 447
6517 447 447
6518 447 447
6519 447 447
6520 447 447
6521 447 447
6522 447 447
6523 447 447
6524 447 447
6525 447 447
6526 447 447
6527 447 447
6528 447 447
6529 447 447
6530 447 447
6531 447 447
6532 447 447
6533 447 447
6534 447 447
6535 447 447
6536 447 447
6537 447 447
6538 447 447
6539 447 447
6540 447 447
6541 447 447
6542 447 447
6543 447 447
6544 447 447
6545 447 447
6546 447 447
6547 447 447
6548 447 447
6549 447 447
6550 447 447
6551 447 447
6552 447 447
6553 447 447
6554 447 447
6555 447 447
6556 447 447
6557 447 447
6558 447 447
6559 447 447
6560 447 447
6561 447 447
6562 447 447
6563 447 447
6564 447 447
6565 447 447
6566 447 447
6567 447 447
6568 447 447
6569 447 447
6570 447 447
6571 447 447
6572 447 447
6573 447 447
6574 447 447
6575 447 447
6576 447 447
6577 447 447
6578 447 447
6579 447 447
6580 447 447
6581 447 447
6582 447 447
6583 447 447
6584 447 447
6585 447 447
6586 447 447
6587 447 447
6588 447 447
6589 447 447
6590 447 447
6591 447 447
6592 447 447
6593 447 447
6594 447 447
6595 447 447
6596 447 447
6597 447 447
6598 447 447
6599 447 447
6600 447 447
6601 447 447
6602 447 447
6603 447 447
6604 447 447
6605 447 447
6606 447 447
6607 447 447
6608 447 447
6609 447 447
6610 447 447
6611 447 447
6612 447 447
6613 447 447
6614 447 447
6615 447 447
6616 447 447
6617 447 447
6618 447 447
6619 447 447
6620 447 447
6621 447 447
6622 447 447
6623 447 447
6624 447 447
6625 447 447
6626 447 447
6627 447 447
6628 447 447
6629 447 447
6630 447 447
6631 447 447
6632 447 447
6633 447 447
6634 447 447
6635 447 447
6636 447 447
6637 447 447
6638 447 447
6639 447 447
6640 447 447
6641 447 447
6642 447 447
6643 447 447
6644 447 447
6645 447 447
6646 447 447
6647 447 447
6648 447 447
6649 447 447
6650 447 447
6651 447 447
6652 447 447
6653 447 447
6654 447 447
6655 447 447
6656 447 447
6657 447 447
6658 447 447
6659 447 447
6660 447 447
6661 447 447
6662 447 447
6663 447 447
6664 447 447
6665 447 447
6666 447 447
6667 447 447
6668 447 447
6669 447 447
6670 447 447
6671 447 447
6672 447 447
6673 447 447
6674 447 447
6675 447 447
6676 447 447
6677 447 447
6678 447 447
6679 447 447
6680 447 447
6681 447 447
6682 447 447
6683 447 447
6684 447 447
6685 447 447
6686 447 447
6687 447 447
6688 447 447
6689 447 447
6690 447 447
6691 447 447
6692 447 447
6693 447 447
6694 447 447
6695 447 447
6696 447 447
6697 447 447
6698 447 447
6699 447 447
6700 447 447
6701 447 447
6702 447 447
6703 447 447
6704 447 447
6705 447 447
6706 447 447
6707 447 447
6708 447 447
6709 447 447
6710 447 447
6711 447 447
6712 447 447
6713 447 447
6714 447 447
6715 447 447
6716 447 447
6717 447 447
6718 447 447
6719 447 447
6720 447 447
6721 447 447
6722 447 447
6723 447 447
6724 447 447
6725 447 447
6726 447 447
6727 447 447
6728 447 447
6729 447 447
6730 447 447
6731 447 447
6732 447 447
6733 447 447
6734 447 447
6735 447 447
6736 447 447
6737 447 447
6738 447 447
6739 447 447
6740 447 447
6741 447 447
6742 447 447
6743 447 447
6744 447 447
6745 447 447
6746 447 447
6747 447 447
6748 447 447
6749 447 447
6750 447 447
6751 447 447
6752 447 447
6753 447 447
6754 447 447
6755 447 447
6756 447 447
6757 447 447
6758 447 447
6759 447 447
6760 447 447
6761 447 447
6762 447 447
6763 447 447
6764 447 447
6765 447 447
6766 447 447
6767 447 447
6768 447 447
6769 447 447
6770 447 447
6771 447 447
6772 447 447
6773 447 447
6774 447 447
6775 447 447
6776 447 447
6777 447 447
6778 447 447
6779 447 447
6780 447 447
6781 447 447
6782 447 447
6783 447 447
6784 447 447
6785 447 447
6786 447 447
6787 447 447
6788 447 447
6789 447 447
6790 447 447
6791 447 447
6792 447 447
6793 447 447
6794 447 447
6795 447 447
6796 447 447
6797 447 447
6798 447 447
6799 447 447
6800 447 447
6801 447 447
6802 447 447
6803 447 447
6804 447 447
6805 447 447
6806 447 447
6807 447 447
6808 447 447
6809 447 447
6810 447 447
6811 447 447
6812 447 447
6813 447 447
6814 447 447
6815 447 447
6816 447 447
6817 447 447
6818 447 447
6819 447 447
6820 447 447
6821 447 447
6822 447 447
6823 447 447
6824 447 447
6825 447 447
6826 447 447
6827 447 447
6828 447 447
6829 447 447
6830 447 447
6831 447 447
6832 447 447
6833 447 447
6834 447 447
6835 447 447
6836 447 447
6837 447 447
6838 447 447
6839 447 447
6840 447 447
6841 447 447
6842 447 447
6843 447 447
6844 447 447
6845 447 447
6846 447 447
6847 447 447
6848 447 447
6849 447 447
6850 447 447
6851 447 447
6852 447 447
6853 447 447
6854 447 447
6855 447 447
6856 447 447
6857 447 447
6858 447 447
6859 447 447
6860 447 447
6861 447 447
6862 447 447
6863 447 447
6864 447 447
6865 447 447
6866 447 447
6867 447 447
6868 447 447
6869 447 447
6870 447 447
6871 447 447
6872 447 447
6873 447 447
6874 447 447
6875 447 447
6876 447 447
6877 447 447
6878 447 447
6879 447 447
6880 447 447
6881 447 447
6882 447 447
6883 447 447
6884 447 447
6885 447 447
6886 447 447
6887 447 447
6888 447 447
6889 447 447
6890 447 447
6891 447 447
6892 447 447
6893 447 447
6894 447 447
6895 447 447
6896 447 447
6897 447 447
6898 447 447
6899 447 447
6900 447 447
6901 447 447
6902 447 447
6903 447 447
6904 447 447
6905 447 447
6906 447 447
6907 447 447
6908 447 447
6909 447 447
6910 447 447
6911 447 447
6912 447 447
6913 447 447
6914 447 447
6915 447 447
6916 447 447
6917 447 447
6918 447 447
6919 447 447
6920 447 447
6921 447 447
6922 447 447
6923 447 447
6924 447 447
6925 447 447
6926 447 447
6927 447 447
6928 447 447
6929 447 447
6930 447 447
6931 447 447
6932 447 447
6933 447 447
6934 447 447
6935 447 447
6936 447 447
6937 447 447
6938 447 447
6939 447 447
6940 447 447
6941 447 447
6942 447 447
6943 447 447
6944 447 447
6945 447 447
6946 447 447
6947 447 447
6948 447 447
6949 447 447
6950 447 447
6951 447 447
6952 447 447
6953 447 447
6954 447 447
6955 447 447
6956 447 447
6957 447 447
6958 447 447
6959 447 447
6960 447 447
6961 447 447
6962 447 447
6963 447 447
6964 447 447
6965 447 447
6966 447 447
6967 447 447
6968 447 447
6969 447 447
6970 447 447
6971 447 447
6972 447 447
6973 447 447
6974 447 447
6975 447 447
6976 447 447
6977 447 447
6978 447 447
6979 447 447
6980 447 447
6981 447 447
6982 447 447
6983 447 447
6984 447 447
6985 447 447
6986 447 447
6987 447 447
6988 447 447
6989 447 447
6990 447 447
6991 447 447
6992 447 447
6993 447 447
6994 447 447
6995 447 447
6996 447 447
6997 447 447
6998 447 447
6999 447 447
7000 447 447
7001 447 447
7002 447 447
7003 447 447
7004 447 447
7005 447 447
7006 447 447
7007 447 447
7008 447 447
7009 447 447
7010 447 447
7011 447 447
7012 447 447
7013 447 447
7014 447 447
7015 447 447
7016 447 447
7017 447 447
7018 447 447
7019 447 447
7020 447 447
7021 447 447
7022 447 447
7023 447 447
7024 447 447
7025 447 447
7026 447 447
