iter "mejor iteracion actual" "mejor encontrado"
0 388 388
1 391 391
2 391 391
3 401 401
4 401 401
5 401 401
6 401 401
7 401 401
8 401 401
9 401 401
10 401 401
11 401 401
12 401 401
13 401 401
14 401 401
15 401 401
16 401 401
17 401 401
18 401 401
19 401 401
20 401 401
21 401 401
22 401 401
23 401 401
24 401 401
25 401 401
26 401 401
27 401 401
28 401 401
29 401 401
30 401 401
31 401 401
32 401 401
33 401 401
34 401 401
35 401 401
36 401 401
37 401 401
38 401 401
39 401 401
40 401 401
41 401 401
42 401 401
43 401 401
44 401 401
45 401 401
46 401 401
47 401 401
48 401 401
49 401 401
50 401 401
51 401 401
52 401 401
53 401 401
54 401 401
55 401 401
56 401 401
57 401 401
58 401 401
59 401 401
60 401 401
61 401 401
62 401 401
63 401 401
64 401 401
65 401 401
66 401 401
67 401 401
68 401 401
69 401 401
70 401 401
71 401 401
72 401 401
73 401 401
74 401 401
75 401 401
76 401 401
77 401 401
78 401 401
79 401 401
80 401 401
81 401 401
82 401 401
83 401 401
84 401 401
85 401 401
86 401 401
87 401 401
88 401 401
89 401 401
90 401 401
91 401 401
92 401 401
93 401 401
94 401 401
95 401 401
96 401 401
97 401 401
98 401 401
99 401 401
100 401 401
101 401 401
102 401 401
103 401 401
104 401 401
105 401 401
106 401 401
107 401 401
108 401 401
109 401 401
110 401 401
111 401 401
112 401 401
113 401 401
114 401 401
115 401 401
116 401 401
117 401 401
118 401 401
119 401 401
120 401 401
121 401 401
122 401 401
123 401 401
124 401 401
125 401 401
126 401 401
127 401 401
128 401 401
129 401 401
130 401 401
131 401 401
132 401 401
133 401 401
134 401 401
135 401 401
136 401 401
137 401 401
138 401 401
139 401 401
140 401 401
141 401 401
142 401 401
143 401 401
144 401 401
145 401 401
146 401 401
147 401 401
148 401 401
149 401 401
150 401 401
151 401 401
152 401 401
153 401 401
154 401 401
155 401 401
156 401 401
157 401 401
158 401 401
159 401 401
160 401 401
161 401 401
162 401 401
163 401 401
164 401 401
165 401 401
166 401 401
167 401 401
168 401 401
169 401 401
170 401 401
171 401 401
172 401 401
173 401 401
174 401 401
175 401 401
176 401 401
177 401 401
178 401 401
179 401 401
180 401 401
181 401 401
182 401 401
183 401 401
184 401 401
185 401 401
186 401 401
187 401 401
188 401 401
189 401 401
190 401 401
191 401 401
192 401 401
193 401 401
194 401 401
195 401 401
196 401 401
197 401 401
198 401 401
199 401 401
200 401 401
201 401 401
202 401 401
203 401 401
204 401 401
205 401 401
206 401 401
207 401 401
208 401 401
209 401 401
210 401 401
211 401 401
212 401 401
213 401 401
214 401 401
215 401 401
216 401 401
217 401 401
218 401 401
219 401 401
220 401 401
221 401 401
222 401 401
223 401 401
224 401 401
225 401 401
226 401 401
227 401 401
228 401 401
229 401 401
230 401 401
231 401 401
232 401 401
233 401 401
234 401 401
235 401 401
236 401 401
237 401 401
238 401 401
239 401 401
240 401 401
241 401 401
242 401 401
243 401 401
244 401 401
245 401 401
246 401 401
247 401 401
248 401 401
249 401 401
250 401 401
251 401 401
252 401 401
253 401 401
254 401 401
255 401 401
256 401 401
257 401 401
258 401 401
259 401 401
260 401 401
261 401 401
262 401 401
263 401 401
264 401 401
265 401 401
266 401 401
267 401 401
268 401 401
269 401 401
270 401 401
271 401 401
272 401 401
273 401 401
274 401 401
275 401 401
276 401 401
277 401 401
278 401 401
279 401 401
280 401 401
281 401 401
282 401 401
283 401 401
284 401 401
285 401 401
286 401 401
287 401 401
288 401 401
289 401 401
290 401 401
291 401 401
292 401 401
293 401 401
294 401 401
295 401 401
296 401 401
297 401 401
298 401 401
299 401 401
300 401 401
301 401 401
302 401 401
303 401 401
304 401 401
305 401 401
306 401 401
307 401 401
308 401 401
309 401 401
310 401 401
311 401 401
312 401 401
313 401 401
314 401 401
315 401 401
316 401 401
317 401 401
318 401 401
319 401 401
320 401 401
321 401 401
322 401 401
323 401 401
324 401 401
325 401 401
326 401 401
327 401 401
328 401 401
329 401 401
330 401 401
331 401 401
332 401 401
333 401 401
334 401 401
335 401 401
336 401 401
337 401 401
338 401 401
339 401 401
340 401 401
341 401 401
342 401 401
343 401 401
344 401 401
345 401 401
346 401 401
347 401 401
348 401 401
349 401 401
350 401 401
351 401 401
352 401 401
353 401 401
354 401 401
355 401 401
356 401 401
357 401 401
358 401 401
359 401 401
360 401 401
361 401 401
362 401 401
363 401 401
364 401 401
365 401 401
366 401 401
367 401 401
368 401 401
369 401 401
370 401 401
371 401 401
372 401 401
373 401 401
374 401 401
375 401 401
376 401 401
377 401 401
378 401 401
379 401 401
380 401 401
381 401 401
382 401 401
383 401 401
384 401 401
385 401 401
386 401 401
387 401 401
388 401 401
389 401 401
390 401 401
391 401 401
392 401 401
393 401 401
394 401 401
395 401 401
396 401 401
397 401 401
398 401 401
399 401 401
400 401 401
401 401 401
402 401 401
403 401 401
404 401 401
405 401 401
406 401 401
407 401 401
408 401 401
409 401 401
410 401 401
411 401 401
412 401 401
413 401 401
414 401 401
415 401 401
416 401 401
417 401 401
418 401 401
419 401 401
420 401 401
421 401 401
422 401 401
423 401 401
424 401 401
425 401 401
426 401 401
427 401 401
428 401 401
429 401 401
430 401 401
431 401 401
432 401 401
433 401 401
434 401 401
435 401 401
436 401 401
437 401 401
438 401 401
439 401 401
440 401 401
441 401 401
442 401 401
443 401 401
444 401 401
445 401 401
446 401 401
447 401 401
448 401 401
449 401 401
450 401 401
451 401 401
452 401 401
453 401 401
454 401 401
455 401 401
456 401 401
457 401 401
458 401 401
459 401 401
460 401 401
461 401 401
462 401 401
463 401 401
464 401 401
465 401 401
466 401 401
467 401 401
468 401 401
469 401 401
470 401 401
471 401 401
472 401 401
473 401 401
474 401 401
475 401 401
476 401 401
477 401 401
478 401 401
479 401 401
480 401 401
481 401 401
482 401 401
483 401 401
484 401 401
485 401 401
486 401 401
487 401 401
488 401 401
489 401 401
490 401 401
491 401 401
492 401 401
493 401 401
494 401 401
495 401 401
496 401 401
497 401 401
498 401 401
499 401 401
500 401 401
501 401 401
502 401 401
503 401 401
504 401 401
505 401 401
506 401 401
507 401 401
508 401 401
509 401 401
510 401 401
511 401 401
512 401 401
513 401 401
514 401 401
515 401 401
516 401 401
517 401 401
518 401 401
519 401 401
520 401 401
521 401 401
522 401 401
523 401 401
524 401 401
525 401 401
526 401 401
527 401 401
528 401 401
529 401 401
530 401 401
531 401 401
532 401 401
533 401 401
534 401 401
535 401 401
536 401 401
537 401 401
538 401 401
539 401 401
540 401 401
541 401 401
542 401 401
543 401 401
544 401 401
545 401 401
546 401 401
547 401 401
548 401 401
549 401 401
550 401 401
551 401 401
552 401 401
553 401 401
554 401 401
555 401 401
556 401 401
557 401 401
558 401 401
559 401 401
560 401 401
561 401 401
562 401 401
563 401 401
564 401 401
565 401 401
566 401 401
567 401 401
568 401 401
569 401 401
570 401 401
571 401 401
572 401 401
573 401 401
574 401 401
575 401 401
576 401 401
577 401 401
578 401 401
579 401 401
580 401 401
581 401 401
582 401 401
583 401 401
584 401 401
585 401 401
586 401 401
587 401 401
588 401 401
589 401 401
590 401 401
591 401 401
592 401 401
593 401 401
594 401 401
595 401 401
596 401 401
597 401 401
598 401 401
599 401 401
600 401 401
601 401 401
602 401 401
603 401 401
604 401 401
605 401 401
606 401 401
607 401 401
608 401 401
609 401 401
610 401 401
611 401 401
612 401 401
613 401 401
614 401 401
615 401 401
616 401 401
617 401 401
618 401 401
619 401 401
620 401 401
621 401 401
622 401 401
623 401 401
624 401 401
625 401 401
626 401 401
627 401 401
628 401 401
629 401 401
630 401 401
631 401 401
632 401 401
633 401 401
634 401 401
635 401 401
636 401 401
637 401 401
638 401 401
639 401 401
640 401 401
641 401 401
642 401 401
643 401 401
644 401 401
645 401 401
646 401 401
647 401 401
648 401 401
649 401 401
650 401 401
651 401 401
652 401 401
653 401 401
654 401 401
655 401 401
656 401 401
657 401 401
658 401 401
659 401 401
660 401 401
661 401 401
662 401 401
663 401 401
664 401 401
665 401 401
666 401 401
667 401 401
668 401 401
669 401 401
670 401 401
671 401 401
672 401 401
673 401 401
674 401 401
675 401 401
676 401 401
677 401 401
678 401 401
679 401 401
680 401 401
681 401 401
682 401 401
683 401 401
684 401 401
685 401 401
686 401 401
687 401 401
688 401 401
689 401 401
690 401 401
691 401 401
692 401 401
693 401 401
694 401 401
695 401 401
696 401 401
697 401 401
698 401 401
699 401 401
700 401 401
701 401 401
702 401 401
703 401 401
704 401 401
705 401 401
706 401 401
707 401 401
708 401 401
709 401 401
710 401 401
711 401 401
712 401 401
713 401 401
714 401 401
715 401 401
716 401 401
717 401 401
718 401 401
719 401 401
720 401 401
721 401 401
722 401 401
723 401 401
724 401 401
725 401 401
726 401 401
727 401 401
728 401 401
729 401 401
730 401 401
731 401 401
732 401 401
733 401 401
734 401 401
735 401 401
736 401 401
737 401 401
738 401 401
739 401 401
740 401 401
741 401 401
742 401 401
743 401 401
744 401 401
745 401 401
746 401 401
747 401 401
748 401 401
749 401 401
750 401 401
751 401 401
752 401 401
753 401 401
754 401 401
755 401 401
756 401 401
757 401 401
758 401 401
759 401 401
760 401 401
761 401 401
762 401 401
763 401 401
764 401 401
765 401 401
766 401 401
767 401 401
768 401 401
769 401 401
770 401 401
771 401 401
772 401 401
773 401 401
774 401 401
775 401 401
776 401 401
777 401 401
778 401 401
779 401 401
780 401 401
781 401 401
782 401 401
783 401 401
784 401 401
785 401 401
786 401 401
787 401 401
788 401 401
789 401 401
790 401 401
791 401 401
792 401 401
793 401 401
794 401 401
795 401 401
796 401 401
797 401 401
798 401 401
799 401 401
800 401 401
801 401 401
802 401 401
803 401 401
804 401 401
805 401 401
806 401 401
807 401 401
808 401 401
809 401 401
810 401 401
811 401 401
812 401 401
813 401 401
814 401 401
815 401 401
816 401 401
817 401 401
818 401 401
819 401 401
820 401 401
821 401 401
822 401 401
823 401 401
824 401 401
825 401 401
826 401 401
827 401 401
828 401 401
829 401 401
830 401 401
831 401 401
832 401 401
833 401 401
834 401 401
835 401 401
836 401 401
837 401 401
838 401 401
839 401 401
840 401 401
841 401 401
842 401 401
843 401 401
844 401 401
845 401 401
846 401 401
847 401 401
848 401 401
849 401 401
850 401 401
851 401 401
852 401 401
853 401 401
854 401 401
855 401 401
856 401 401
857 401 401
858 401 401
859 401 401
860 401 401
861 401 401
862 401 401
863 401 401
864 401 401
865 401 401
866 401 401
867 401 401
868 401 401
869 401 401
870 401 401
871 401 401
872 401 401
873 401 401
874 401 401
875 401 401
876 401 401
877 401 401
878 401 401
879 401 401
880 401 401
881 401 401
882 401 401
883 401 401
884 401 401
885 401 401
886 401 401
887 401 401
888 401 401
889 401 401
890 401 401
891 401 401
892 401 401
893 401 401
894 401 401
895 401 401
896 401 401
897 401 401
898 401 401
899 401 401
900 401 401
901 401 401
902 401 401
903 401 401
904 401 401
905 401 401
906 401 401
907 401 401
908 401 401
909 401 401
910 401 401
911 401 401
912 401 401
913 401 401
914 401 401
915 401 401
916 401 401
917 401 401
918 401 401
919 401 401
920 401 401
921 401 401
922 401 401
923 401 401
924 401 401
925 401 401
926 401 401
927 401 401
928 401 401
929 401 401
930 401 401
931 401 401
932 401 401
933 401 401
934 401 401
935 401 401
936 401 401
937 401 401
938 401 401
939 401 401
940 401 401
941 401 401
942 401 401
943 401 401
944 401 401
945 401 401
946 401 401
947 401 401
948 401 401
949 401 401
950 401 401
951 401 401
952 401 401
953 401 401
954 401 401
955 401 401
956 401 401
957 401 401
958 401 401
959 401 401
960 401 401
961 401 401
962 401 401
963 401 401
964 401 401
965 401 401
966 401 401
967 401 401
968 401 401
969 401 401
970 401 401
971 401 401
972 401 401
973 401 401
974 401 401
975 401 401
976 401 401
977 401 401
978 401 401
979 401 401
980 401 401
981 401 401
982 401 401
983 401 401
984 401 401
985 401 401
986 401 401
987 401 401
988 401 401
989 401 401
990 401 401
991 401 401
992 401 401
993 401 401
994 401 401
995 401 401
996 401 401
997 401 401
998 401 401
999 401 401
1000 401 401
1001 401 401
1002 401 401
1003 401 401
1004 401 401
1005 401 401
1006 401 401
1007 401 401
1008 401 401
1009 401 401
1010 401 401
1011 401 401
1012 401 401
1013 401 401
1014 401 401
1015 401 401
1016 401 401
1017 401 401
1018 401 401
1019 401 401
1020 401 401
1021 401 401
1022 401 401
1023 401 401
1024 401 401
1025 401 401
1026 401 401
1027 401 401
1028 401 401
1029 401 401
1030 401 401
1031 401 401
1032 401 401
1033 401 401
1034 401 401
1035 401 401
1036 401 401
1037 401 401
1038 401 401
1039 401 401
1040 401 401
1041 401 401
1042 401 401
1043 401 401
1044 401 401
1045 401 401
1046 401 401
1047 401 401
1048 401 401
1049 401 401
1050 401 401
1051 401 401
1052 401 401
1053 401 401
1054 401 401
1055 401 401
1056 401 401
1057 401 401
1058 401 401
1059 401 401
1060 401 401
1061 401 401
1062 401 401
1063 401 401
1064 401 401
1065 401 401
1066 401 401
1067 401 401
1068 401 401
1069 401 401
1070 401 401
1071 401 401
1072 401 401
1073 401 401
1074 401 401
1075 401 401
1076 401 401
1077 401 401
1078 401 401
1079 401 401
1080 401 401
1081 401 401
1082 401 401
1083 401 401
1084 401 401
1085 401 401
1086 401 401
1087 401 401
1088 401 401
1089 401 401
1090 401 401
1091 401 401
1092 401 401
1093 401 401
1094 401 401
1095 401 401
1096 401 401
1097 401 401
1098 401 401
1099 401 401
1100 401 401
1101 401 401
1102 401 401
1103 401 401
1104 401 401
1105 401 401
1106 401 401
1107 401 401
1108 401 401
1109 401 401
1110 401 401
1111 401 401
1112 401 401
1113 401 401
1114 401 401
1115 401 401
1116 401 401
1117 401 401
1118 401 401
1119 401 401
1120 401 401
1121 401 401
1122 401 401
1123 401 401
1124 401 401
1125 401 401
1126 401 401
1127 401 401
1128 401 401
1129 401 401
1130 401 401
1131 401 401
1132 401 401
1133 401 401
1134 401 401
1135 401 401
1136 401 401
1137 401 401
1138 401 401
1139 401 401
1140 401 401
1141 401 401
1142 401 401
1143 401 401
1144 401 401
1145 401 401
1146 401 401
1147 401 401
1148 401 401
1149 401 401
1150 401 401
1151 401 401
1152 401 401
1153 401 401
1154 401 401
1155 401 401
1156 401 401
1157 401 401
1158 401 401
1159 401 401
1160 401 401
1161 401 401
1162 401 401
1163 401 401
1164 401 401
1165 401 401
1166 401 401
1167 401 401
1168 401 401
1169 401 401
1170 401 401
1171 401 401
1172 401 401
1173 401 401
1174 401 401
1175 401 401
1176 401 401
1177 401 401
1178 401 401
1179 401 401
1180 401 401
1181 401 401
1182 401 401
1183 401 401
1184 401 401
1185 401 401
1186 401 401
1187 401 401
1188 401 401
1189 401 401
1190 401 401
1191 401 401
1192 401 401
1193 401 401
1194 401 401
1195 401 401
1196 401 401
1197 401 401
1198 401 401
1199 401 401
1200 401 401
1201 401 401
1202 401 401
1203 401 401
1204 401 401
1205 401 401
1206 401 401
1207 401 401
1208 401 401
1209 401 401
1210 401 401
1211 401 401
1212 401 401
1213 401 401
1214 401 401
1215 401 401
1216 401 401
1217 401 401
1218 401 401
1219 401 401
1220 401 401
1221 401 401
1222 401 401
1223 401 401
1224 401 401
1225 401 401
1226 401 401
1227 401 401
1228 401 401
1229 401 401
1230 401 401
1231 401 401
1232 401 401
1233 401 401
1234 401 401
1235 401 401
1236 401 401
1237 401 401
1238 401 401
1239 401 401
1240 401 401
1241 401 401
1242 401 401
1243 401 401
1244 401 401
1245 401 401
1246 401 401
1247 401 401
1248 401 401
1249 401 401
1250 401 401
1251 401 401
1252 401 401
1253 401 401
1254 401 401
1255 401 401
1256 401 401
1257 401 401
1258 401 401
1259 401 401
1260 401 401
1261 401 401
1262 401 401
1263 401 401
1264 401 401
1265 401 401
1266 401 401
1267 401 401
1268 401 401
1269 401 401
1270 401 401
1271 401 401
1272 401 401
1273 401 401
1274 401 401
1275 401 401
1276 401 401
1277 401 401
1278 401 401
1279 401 401
1280 401 401
1281 401 401
1282 401 401
1283 401 401
1284 401 401
1285 401 401
1286 401 401
1287 401 401
1288 401 401
1289 401 401
1290 401 401
1291 401 401
1292 401 401
1293 401 401
1294 401 401
1295 401 401
1296 401 401
1297 401 401
1298 401 401
1299 401 401
1300 401 401
1301 401 401
1302 401 401
1303 401 401
1304 401 401
1305 401 401
1306 401 401
1307 401 401
1308 401 401
1309 401 401
1310 401 401
1311 401 401
1312 401 401
1313 401 401
1314 401 401
1315 401 401
1316 401 401
1317 401 401
1318 401 401
1319 401 401
1320 401 401
1321 401 401
1322 401 401
1323 401 401
1324 401 401
1325 401 401
1326 401 401
1327 401 401
1328 401 401
1329 401 401
1330 401 401
1331 401 401
1332 401 401
1333 401 401
1334 401 401
1335 401 401
1336 401 401
1337 401 401
1338 401 401
1339 401 401
1340 401 401
1341 401 401
1342 401 401
1343 401 401
1344 401 401
1345 401 401
1346 401 401
1347 401 401
1348 401 401
1349 401 401
1350 401 401
1351 401 401
1352 401 401
1353 401 401
1354 401 401
1355 401 401
1356 401 401
1357 401 401
1358 401 401
1359 401 401
1360 401 401
1361 401 401
1362 401 401
1363 401 401
1364 401 401
1365 401 401
1366 401 401
1367 401 401
1368 401 401
1369 401 401
1370 401 401
1371 401 401
1372 401 401
1373 401 401
1374 401 401
1375 401 401
1376 401 401
1377 401 401
1378 401 401
1379 401 401
1380 401 401
1381 401 401
1382 401 401
1383 401 401
1384 401 401
1385 401 401
1386 401 401
1387 401 401
1388 401 401
1389 401 401
1390 401 401
1391 401 401
1392 401 401
1393 401 401
1394 401 401
1395 401 401
1396 401 401
1397 401 401
1398 401 401
1399 401 401
1400 401 401
1401 401 401
1402 401 401
1403 401 401
1404 401 401
1405 401 401
1406 401 401
1407 401 401
1408 401 401
1409 401 401
1410 401 401
1411 401 401
1412 401 401
1413 401 401
1414 401 401
1415 401 401
1416 401 401
1417 401 401
1418 401 401
1419 401 401
1420 401 401
1421 401 401
1422 401 401
1423 401 401
1424 401 401
1425 401 401
1426 401 401
1427 401 401
1428 401 401
1429 401 401
1430 401 401
1431 401 401
1432 401 401
1433 401 401
1434 401 401
1435 401 401
1436 401 401
1437 401 401
1438 401 401
1439 401 401
1440 401 401
1441 401 401
1442 401 401
1443 401 401
1444 401 401
1445 401 401
1446 401 401
1447 401 401
1448 401 401
1449 401 401
1450 401 401
1451 401 401
1452 401 401
1453 401 401
1454 401 401
1455 401 401
1456 401 401
1457 401 401
1458 401 401
1459 401 401
1460 401 401
1461 401 401
1462 401 401
1463 401 401
1464 401 401
1465 401 401
1466 401 401
1467 401 401
1468 401 401
1469 401 401
1470 401 401
1471 401 401
1472 401 401
1473 401 401
1474 401 401
1475 401 401
1476 401 401
1477 401 401
1478 401 401
1479 401 401
1480 401 401
1481 401 401
1482 401 401
1483 401 401
1484 401 401
1485 401 401
1486 401 401
1487 401 401
1488 401 401
1489 401 401
1490 401 401
1491 401 401
1492 401 401
1493 401 401
1494 401 401
1495 401 401
1496 401 401
1497 401 401
1498 401 401
1499 401 401
1500 401 401
1501 401 401
1502 401 401
1503 401 401
1504 401 401
1505 401 401
1506 401 401
1507 401 401
1508 401 401
1509 401 401
1510 401 401
1511 401 401
1512 401 401
1513 401 401
1514 401 401
1515 401 401
1516 401 401
1517 401 401
1518 401 401
1519 401 401
1520 401 401
1521 401 401
1522 401 401
1523 401 401
1524 401 401
1525 401 401
1526 401 401
1527 401 401
1528 401 401
1529 401 401
1530 401 401
1531 401 401
1532 401 401
1533 401 401
1534 401 401
1535 401 401
1536 401 401
1537 401 401
1538 401 401
1539 401 401
1540 401 401
1541 401 401
1542 401 401
1543 401 401
1544 401 401
1545 401 401
1546 401 401
1547 401 401
1548 401 401
1549 401 401
1550 401 401
1551 401 401
1552 401 401
1553 401 401
1554 401 401
1555 401 401
1556 401 401
1557 401 401
1558 401 401
1559 401 401
1560 401 401
1561 401 401
1562 401 401
1563 401 401
1564 401 401
1565 401 401
1566 401 401
1567 401 401
1568 401 401
1569 401 401
1570 401 401
1571 401 401
1572 401 401
1573 401 401
1574 401 401
1575 401 401
1576 401 401
1577 401 401
1578 401 401
1579 401 401
1580 401 401
1581 401 401
1582 401 401
1583 401 401
1584 401 401
1585 401 401
1586 401 401
1587 401 401
1588 401 401
1589 401 401
1590 401 401
1591 401 401
1592 401 401
1593 401 401
1594 401 401
1595 401 401
1596 401 401
1597 401 401
1598 401 401
1599 401 401
1600 401 401
1601 401 401
1602 401 401
1603 401 401
1604 401 401
1605 401 401
1606 401 401
1607 401 401
1608 401 401
1609 401 401
1610 401 401
1611 401 401
1612 401 401
1613 401 401
1614 401 401
1615 401 401
1616 401 401
1617 401 401
1618 401 401
1619 401 401
1620 401 401
1621 401 401
1622 401 401
1623 401 401
1624 401 401
1625 401 401
1626 401 401
1627 401 401
1628 401 401
1629 401 401
1630 401 401
1631 401 401
1632 401 401
1633 401 401
1634 401 401
1635 401 401
1636 401 401
1637 401 401
1638 401 401
1639 401 401
1640 401 401
1641 401 401
1642 401 401
1643 401 401
1644 401 401
1645 401 401
1646 401 401
1647 401 401
1648 401 401
1649 401 401
1650 401 401
1651 401 401
1652 401 401
1653 401 401
1654 401 401
1655 401 401
1656 401 401
1657 401 401
1658 401 401
1659 401 401
1660 401 401
1661 401 401
1662 401 401
1663 401 401
1664 401 401
1665 401 401
1666 401 401
1667 401 401
1668 401 401
1669 401 401
1670 401 401
1671 401 401
1672 401 401
1673 401 401
1674 401 401
1675 401 401
1676 401 401
1677 401 401
1678 401 401
1679 401 401
1680 401 401
1681 401 401
1682 401 401
1683 401 401
1684 401 401
1685 401 401
1686 401 401
1687 401 401
1688 401 401
1689 401 401
1690 401 401
1691 401 401
1692 401 401
1693 401 401
1694 401 401
1695 401 401
1696 401 401
1697 401 401
1698 401 401
1699 401 401
1700 401 401
1701 401 401
1702 401 401
1703 401 401
1704 401 401
1705 401 401
1706 401 401
1707 401 401
1708 401 401
1709 401 401
1710 401 401
1711 401 401
1712 401 401
1713 401 401
1714 401 401
1715 401 401
1716 401 401
1717 401 401
1718 401 401
1719 401 401
1720 401 401
1721 401 401
1722 401 401
1723 401 401
1724 401 401
1725 401 401
1726 401 401
1727 401 401
1728 401 401
1729 401 401
1730 401 401
1731 401 401
1732 401 401
1733 401 401
1734 401 401
1735 401 401
1736 401 401
1737 401 401
1738 401 401
1739 401 401
1740 401 401
1741 401 401
1742 401 401
1743 401 401
1744 401 401
1745 401 401
1746 401 401
1747 401 401
1748 401 401
1749 401 401
1750 401 401
1751 401 401
1752 401 401
1753 401 401
1754 401 401
1755 401 401
1756 401 401
1757 401 401
1758 401 401
1759 401 401
1760 401 401
1761 401 401
1762 401 401
1763 401 401
1764 401 401
1765 401 401
1766 401 401
1767 401 401
1768 401 401
1769 401 401
1770 401 401
1771 401 401
1772 401 401
1773 401 401
1774 401 401
1775 401 401
1776 401 401
1777 401 401
1778 401 401
1779 401 401
1780 401 401
1781 401 401
1782 401 401
1783 401 401
1784 401 401
1785 401 401
1786 401 401
1787 401 401
1788 401 401
1789 401 401
1790 401 401
1791 401 401
1792 401 401
1793 401 401
1794 401 401
1795 401 401
1796 401 401
1797 401 401
1798 401 401
1799 401 401
1800 401 401
1801 401 401
1802 401 401
1803 401 401
1804 401 401
1805 401 401
1806 401 401
1807 401 401
1808 401 401
1809 401 401
1810 401 401
1811 401 401
1812 401 401
1813 401 401
1814 401 401
1815 401 401
1816 401 401
1817 401 401
1818 401 401
1819 401 401
1820 401 401
1821 401 401
1822 401 401
1823 401 401
1824 401 401
1825 401 401
1826 401 401
1827 401 401
1828 401 401
1829 401 401
1830 401 401
1831 401 401
1832 401 401
1833 401 401
1834 401 401
1835 401 401
1836 401 401
1837 401 401
1838 401 401
1839 401 401
1840 401 401
1841 401 401
1842 401 401
1843 401 401
1844 401 401
1845 401 401
1846 401 401
1847 401 401
1848 401 401
1849 401 401
1850 401 401
1851 401 401
1852 401 401
1853 401 401
1854 401 401
1855 401 401
1856 401 401
1857 401 401
1858 401 401
1859 401 401
1860 401 401
1861 401 401
1862 401 401
1863 401 401
1864 401 401
1865 401 401
1866 401 401
1867 401 401
1868 401 401
1869 401 401
1870 401 401
1871 401 401
1872 401 401
1873 401 401
1874 401 401
1875 401 401
1876 401 401
1877 401 401
1878 401 401
1879 401 401
1880 401 401
1881 401 401
1882 401 401
1883 401 401
1884 401 401
1885 401 401
1886 401 401
1887 401 401
1888 401 401
1889 401 401
1890 401 401
1891 401 401
1892 401 401
1893 401 401
1894 401 401
1895 401 401
1896 401 401
1897 401 401
1898 401 401
1899 401 401
1900 401 401
1901 401 401
1902 401 401
1903 401 401
1904 401 401
1905 401 401
1906 401 401
1907 401 401
1908 401 401
1909 401 401
1910 401 401
1911 401 401
1912 401 401
1913 401 401
1914 401 401
1915 401 401
1916 401 401
1917 401 401
1918 401 401
1919 401 401
1920 401 401
1921 401 401
1922 401 401
1923 401 401
1924 401 401
1925 401 401
1926 401 401
1927 401 401
1928 401 401
1929 401 401
1930 401 401
1931 401 401
1932 401 401
1933 401 401
1934 401 401
1935 401 401
1936 401 401
1937 401 401
1938 401 401
1939 401 401
1940 401 401
1941 401 401
1942 401 401
1943 401 401
1944 401 401
1945 401 401
1946 401 401
1947 401 401
1948 401 401
1949 401 401
1950 401 401
1951 401 401
1952 401 401
1953 401 401
1954 401 401
1955 401 401
1956 401 401
1957 401 401
1958 401 401
1959 401 401
1960 401 401
1961 401 401
1962 401 401
1963 401 401
1964 401 401
1965 401 401
1966 401 401
1967 401 401
1968 401 401
1969 401 401
1970 401 401
1971 401 401
1972 401 401
1973 401 401
1974 401 401
1975 401 401
1976 401 401
1977 401 401
1978 401 401
1979 401 401
1980 401 401
1981 401 401
1982 401 401
1983 401 401
1984 401 401
1985 401 401
1986 401 401
1987 401 401
1988 401 401
1989 401 401
1990 401 401
1991 401 401
1992 401 401
1993 401 401
1994 401 401
1995 401 401
1996 401 401
1997 401 401
1998 401 401
1999 401 401
2000 401 401
2001 401 401
2002 401 401
2003 401 401
2004 401 401
2005 401 401
2006 401 401
2007 401 401
2008 401 401
2009 401 401
2010 401 401
2011 401 401
2012 401 401
2013 401 401
2014 401 401
2015 401 401
2016 401 401
2017 401 401
2018 401 401
2019 401 401
2020 401 401
2021 401 401
2022 401 401
2023 401 401
2024 401 401
2025 401 401
2026 401 401
2027 401 401
2028 401 401
2029 401 401
2030 401 401
2031 401 401
2032 401 401
2033 401 401
2034 401 401
2035 401 401
2036 401 401
2037 401 401
2038 401 401
2039 401 401
2040 401 401
2041 401 401
2042 401 401
2043 401 401
2044 401 401
2045 401 401
2046 401 401
2047 401 401
2048 401 401
2049 401 401
2050 401 401
2051 401 401
2052 401 401
2053 401 401
2054 401 401
2055 401 401
2056 401 401
2057 401 401
2058 401 401
2059 401 401
2060 401 401
2061 401 401
2062 401 401
2063 401 401
2064 401 401
2065 401 401
2066 401 401
2067 401 401
2068 401 401
2069 401 401
2070 401 401
2071 401 401
2072 401 401
2073 401 401
2074 401 401
2075 401 401
2076 401 401
2077 401 401
2078 401 401
2079 401 401
2080 401 401
2081 401 401
2082 401 401
2083 401 401
2084 401 401
2085 401 401
2086 401 401
2087 401 401
2088 401 401
2089 401 401
2090 401 401
2091 401 401
2092 401 401
2093 401 401
2094 401 401
2095 401 401
2096 401 401
2097 401 401
2098 401 401
2099 401 401
2100 401 401
2101 401 401
2102 401 401
2103 401 401
2104 401 401
2105 401 401
2106 401 401
2107 401 401
2108 401 401
2109 401 401
2110 401 401
2111 401 401
2112 401 401
2113 401 401
2114 401 401
2115 401 401
2116 401 401
2117 401 401
2118 401 401
2119 401 401
2120 401 401
2121 401 401
2122 401 401
2123 401 401
2124 401 401
2125 401 401
2126 401 401
2127 401 401
2128 401 401
2129 401 401
2130 401 401
2131 401 401
2132 401 401
2133 401 401
2134 401 401
2135 401 401
2136 401 401
2137 401 401
2138 401 401
2139 401 401
2140 401 401
2141 401 401
2142 401 401
2143 401 401
2144 401 401
2145 401 401
2146 401 401
2147 401 401
2148 401 401
2149 401 401
2150 401 401
2151 401 401
2152 401 401
2153 401 401
2154 401 401
2155 401 401
2156 401 401
2157 401 401
2158 401 401
2159 401 401
2160 401 401
2161 401 401
2162 401 401
2163 401 401
2164 401 401
2165 401 401
2166 401 401
2167 401 401
2168 401 401
2169 401 401
2170 401 401
2171 401 401
2172 401 401
2173 401 401
2174 401 401
2175 401 401
2176 401 401
2177 401 401
2178 401 401
2179 401 401
2180 401 401
2181 401 401
2182 401 401
2183 401 401
2184 401 401
2185 401 401
2186 401 401
2187 401 401
2188 401 401
2189 401 401
2190 401 401
2191 401 401
2192 401 401
2193 401 401
2194 401 401
2195 401 401
2196 401 401
2197 401 401
2198 401 401
2199 401 401
2200 401 401
2201 401 401
2202 401 401
2203 401 401
2204 401 401
2205 401 401
2206 401 401
2207 401 401
2208 401 401
2209 401 401
2210 401 401
2211 401 401
2212 401 401
2213 401 401
2214 401 401
2215 401 401
2216 401 401
2217 401 401
2218 401 401
2219 401 401
2220 401 401
2221 401 401
2222 401 401
2223 401 401
2224 401 401
2225 401 401
2226 401 401
2227 401 401
2228 401 401
2229 401 401
2230 401 401
2231 401 401
2232 401 401
2233 401 401
2234 401 401
2235 401 401
2236 401 401
2237 401 401
2238 401 401
2239 401 401
2240 401 401
2241 401 401
2242 401 401
2243 401 401
2244 401 401
2245 401 401
2246 401 401
2247 401 401
2248 401 401
2249 401 401
2250 401 401
2251 401 401
2252 401 401
2253 401 401
2254 401 401
2255 401 401
2256 401 401
2257 401 401
2258 401 401
2259 401 401
2260 401 401
2261 401 401
2262 401 401
2263 401 401
2264 401 401
2265 401 401
2266 401 401
2267 401 401
2268 401 401
2269 401 401
2270 401 401
2271 401 401
2272 401 401
2273 401 401
2274 401 401
2275 401 401
2276 401 401
2277 401 401
2278 401 401
2279 401 401
2280 401 401
2281 401 401
2282 401 401
2283 401 401
2284 401 401
2285 401 401
2286 401 401
2287 401 401
2288 401 401
2289 401 401
2290 401 401
2291 401 401
2292 401 401
2293 401 401
2294 401 401
2295 401 401
2296 401 401
2297 401 401
2298 401 401
2299 401 401
2300 401 401
2301 401 401
2302 401 401
2303 401 401
2304 401 401
2305 401 401
2306 401 401
2307 401 401
2308 401 401
2309 401 401
2310 401 401
2311 401 401
2312 401 401
2313 401 401
2314 401 401
2315 401 401
2316 401 401
2317 401 401
2318 401 401
2319 401 401
2320 401 401
2321 401 401
2322 401 401
2323 401 401
2324 401 401
2325 401 401
2326 401 401
2327 401 401
2328 401 401
2329 401 401
2330 401 401
2331 401 401
2332 401 401
2333 401 401
2334 401 401
2335 401 401
2336 401 401
2337 401 401
2338 401 401
2339 401 401
2340 401 401
2341 401 401
2342 401 401
2343 401 401
2344 401 401
2345 401 401
2346 401 401
2347 401 401
2348 401 401
2349 401 401
2350 401 401
2351 401 401
2352 401 401
2353 401 401
2354 401 401
2355 401 401
2356 401 401
2357 401 401
2358 401 401
2359 401 401
2360 401 401
2361 401 401
2362 401 401
2363 401 401
2364 401 401
2365 401 401
2366 401 401
2367 401 401
2368 401 401
2369 401 401
2370 401 401
2371 401 401
2372 401 401
2373 401 401
2374 401 401
2375 401 401
2376 401 401
2377 401 401
2378 401 401
2379 401 401
2380 401 401
2381 401 401
2382 401 401
2383 401 401
2384 401 401
2385 401 401
2386 401 401
2387 401 401
2388 401 401
2389 401 401
2390 401 401
2391 401 401
2392 401 401
2393 401 401
2394 401 401
2395 401 401
2396 401 401
2397 401 401
2398 401 401
2399 401 401
2400 401 401
2401 401 401
2402 401 401
2403 401 401
2404 401 401
2405 401 401
2406 401 401
2407 401 401
2408 401 401
2409 401 401
2410 401 401
2411 401 401
2412 401 401
2413 401 401
2414 401 401
2415 401 401
2416 401 401
2417 401 401
2418 401 401
2419 401 401
2420 401 401
2421 401 401
2422 401 401
2423 401 401
2424 401 401
2425 401 401
2426 401 401
2427 401 401
2428 401 401
2429 401 401
2430 401 401
2431 401 401
2432 401 401
2433 401 401
2434 401 401
2435 401 401
2436 401 401
2437 401 401
2438 401 401
2439 401 401
2440 401 401
2441 401 401
2442 401 401
2443 401 401
2444 401 401
2445 401 401
2446 401 401
2447 401 401
2448 401 401
2449 401 401
2450 401 401
2451 401 401
2452 401 401
2453 401 401
2454 401 401
2455 401 401
2456 401 401
2457 401 401
2458 401 401
2459 401 401
2460 401 401
2461 401 401
2462 401 401
2463 401 401
2464 401 401
2465 401 401
2466 401 401
2467 401 401
2468 401 401
2469 401 401
2470 401 401
2471 401 401
2472 401 401
2473 401 401
2474 401 401
2475 401 401
2476 401 401
2477 401 401
2478 401 401
2479 401 401
2480 401 401
2481 401 401
2482 401 401
2483 401 401
2484 401 401
2485 401 401
2486 401 401
2487 401 401
2488 401 401
2489 401 401
2490 401 401
2491 401 401
2492 401 401
2493 401 401
2494 401 401
2495 401 401
2496 401 401
2497 401 401
2498 401 401
2499 401 401
2500 401 401
2501 401 401
2502 401 401
2503 401 401
2504 401 401
2505 401 401
2506 401 401
2507 401 401
2508 401 401
2509 401 401
2510 401 401
2511 401 401
2512 401 401
2513 401 401
2514 401 401
2515 401 401
2516 401 401
2517 401 401
2518 401 401
2519 401 401
2520 401 401
2521 401 401
2522 401 401
2523 401 401
2524 401 401
2525 401 401
2526 401 401
2527 401 401
2528 401 401
2529 401 401
2530 401 401
2531 401 401
2532 401 401
2533 401 401
2534 401 401
2535 401 401
2536 401 401
2537 401 401
2538 401 401
2539 401 401
2540 401 401
2541 401 401
2542 401 401
2543 401 401
2544 401 401
2545 401 401
2546 401 401
2547 401 401
2548 401 401
2549 401 401
2550 401 401
2551 401 401
2552 401 401
2553 401 401
2554 401 401
2555 401 401
2556 401 401
2557 401 401
2558 401 401
2559 401 401
2560 401 401
2561 401 401
2562 401 401
2563 401 401
2564 401 401
2565 401 401
2566 401 401
2567 401 401
2568 401 401
2569 401 401
2570 401 401
2571 401 401
2572 401 401
2573 401 401
2574 401 401
2575 401 401
2576 401 401
2577 401 401
2578 401 401
2579 401 401
2580 401 401
2581 401 401
2582 401 401
2583 401 401
2584 401 401
2585 401 401
2586 401 401
2587 401 401
2588 401 401
2589 401 401
2590 401 401
2591 401 401
2592 401 401
2593 401 401
2594 401 401
2595 401 401
2596 401 401
2597 401 401
2598 401 401
2599 401 401
2600 401 401
2601 401 401
2602 401 401
2603 401 401
2604 401 401
2605 401 401
2606 401 401
2607 401 401
2608 401 401
2609 401 401
2610 401 401
2611 401 401
2612 401 401
2613 401 401
2614 401 401
2615 401 401
2616 401 401
2617 401 401
2618 401 401
2619 401 401
2620 401 401
2621 401 401
2622 401 401
2623 401 401
2624 401 401
2625 401 401
2626 401 401
2627 401 401
2628 401 401
2629 401 401
2630 401 401
2631 401 401
2632 401 401
2633 401 401
2634 401 401
2635 401 401
2636 401 401
2637 401 401
2638 401 401
2639 401 401
2640 401 401
2641 401 401
2642 401 401
2643 401 401
2644 401 401
2645 401 401
2646 401 401
2647 401 401
2648 401 401
2649 401 401
2650 401 401
2651 401 401
2652 401 401
2653 401 401
2654 401 401
2655 401 401
2656 401 401
2657 401 401
2658 401 401
2659 401 401
2660 401 401
2661 401 401
2662 401 401
2663 401 401
2664 401 401
2665 401 401
2666 401 401
2667 401 401
2668 401 401
2669 401 401
2670 401 401
2671 401 401
2672 401 401
2673 401 401
2674 401 401
2675 401 401
2676 401 401
2677 401 401
2678 401 401
2679 401 401
2680 401 401
2681 401 401
2682 401 401
2683 401 401
2684 401 401
2685 401 401
2686 401 401
2687 401 401
2688 401 401
2689 401 401
2690 401 401
2691 401 401
2692 401 401
2693 401 401
2694 401 401
2695 401 401
2696 401 401
2697 401 401
2698 401 401
2699 401 401
2700 401 401
2701 401 401
2702 401 401
2703 401 401
2704 401 401
2705 401 401
2706 401 401
2707 401 401
2708 401 401
2709 401 401
2710 401 401
2711 401 401
2712 401 401
2713 401 401
2714 401 401
2715 401 401
2716 401 401
2717 401 401
2718 401 401
2719 401 401
2720 401 401
2721 401 401
2722 401 401
2723 401 401
2724 401 401
2725 401 401
2726 401 401
2727 401 401
2728 401 401
2729 401 401
2730 401 401
2731 401 401
2732 401 401
2733 401 401
2734 401 401
2735 401 401
2736 401 401
2737 401 401
2738 401 401
2739 401 401
2740 401 401
2741 401 401
2742 401 401
2743 401 401
2744 401 401
2745 401 401
2746 401 401
2747 401 401
2748 401 401
2749 401 401
2750 401 401
2751 401 401
2752 401 401
2753 401 401
2754 401 401
2755 401 401
2756 401 401
2757 401 401
2758 401 401
2759 401 401
2760 401 401
2761 401 401
2762 401 401
2763 401 401
2764 401 401
2765 401 401
2766 401 401
2767 401 401
2768 401 401
2769 401 401
2770 401 401
2771 401 401
2772 401 401
2773 401 401
2774 401 401
2775 401 401
2776 401 401
2777 401 401
2778 401 401
2779 401 401
2780 401 401
2781 401 401
2782 401 401
2783 401 401
2784 401 401
2785 401 401
2786 401 401
2787 401 401
2788 401 401
2789 401 401
2790 401 401
2791 401 401
2792 401 401
2793 401 401
2794 401 401
2795 401 401
2796 401 401
2797 401 401
2798 401 401
2799 401 401
2800 401 401
2801 401 401
2802 401 401
2803 401 401
2804 401 401
2805 401 401
2806 401 401
2807 401 401
2808 401 401
2809 401 401
2810 401 401
2811 401 401
2812 401 401
2813 401 401
2814 401 401
2815 401 401
2816 401 401
2817 401 401
2818 401 401
2819 401 401
2820 401 401
2821 401 401
2822 401 401
2823 401 401
2824 401 401
2825 401 401
2826 401 401
2827 401 401
2828 401 401
2829 401 401
2830 401 401
2831 401 401
2832 401 401
2833 401 401
2834 401 401
2835 401 401
2836 401 401
2837 401 401
2838 401 401
2839 401 401
2840 401 401
2841 401 401
2842 401 401
2843 401 401
2844 401 401
2845 401 401
2846 401 401
2847 401 401
2848 401 401
2849 401 401
2850 401 401
2851 401 401
2852 401 401
2853 401 401
2854 401 401
2855 401 401
2856 401 401
2857 401 401
2858 401 401
2859 401 401
2860 401 401
2861 401 401
2862 401 401
2863 401 401
2864 401 401
2865 401 401
2866 401 401
2867 401 401
2868 401 401
2869 401 401
2870 401 401
2871 401 401
2872 401 401
2873 401 401
2874 401 401
2875 401 401
2876 401 401
2877 401 401
2878 401 401
2879 401 401
2880 401 401
2881 401 401
2882 401 401
2883 401 401
2884 401 401
2885 401 401
2886 401 401
2887 401 401
2888 401 401
2889 401 401
2890 401 401
2891 401 401
2892 401 401
2893 401 401
2894 401 401
2895 401 401
2896 401 401
2897 401 401
2898 401 401
2899 401 401
2900 401 401
2901 401 401
2902 401 401
2903 401 401
2904 401 401
2905 401 401
2906 401 401
2907 401 401
2908 401 401
2909 401 401
2910 401 401
2911 401 401
2912 401 401
2913 401 401
2914 401 401
2915 401 401
2916 401 401
2917 401 401
2918 401 401
2919 401 401
2920 401 401
2921 401 401
2922 401 401
2923 401 401
2924 401 401
2925 401 401
2926 401 401
2927 401 401
2928 401 401
2929 401 401
2930 401 401
2931 401 401
2932 401 401
2933 401 401
2934 401 401
2935 401 401
2936 401 401
2937 401 401
2938 401 401
2939 401 401
2940 401 401
2941 401 401
2942 401 401
2943 401 401
2944 401 401
2945 401 401
2946 401 401
2947 401 401
2948 401 401
2949 401 401
2950 401 401
2951 401 401
2952 401 401
2953 401 401
2954 401 401
2955 401 401
2956 401 401
2957 401 401
2958 401 401
2959 401 401
2960 401 401
2961 401 401
2962 401 401
2963 401 401
2964 401 401
2965 401 401
2966 401 401
2967 401 401
2968 401 401
2969 401 401
2970 401 401
2971 401 401
2972 401 401
2973 401 401
2974 401 401
2975 401 401
2976 401 401
2977 401 401
2978 401 401
2979 401 401
2980 401 401
2981 401 401
2982 401 401
2983 401 401
2984 401 401
2985 401 401
2986 401 401
2987 401 401
2988 401 401
2989 401 401
2990 401 401
2991 401 401
2992 401 401
2993 401 401
2994 401 401
2995 401 401
2996 401 401
2997 401 401
2998 401 401
2999 401 401
3000 401 401
3001 401 401
3002 401 401
3003 401 401
3004 401 401
3005 401 401
3006 401 401
3007 401 401
3008 401 401
3009 401 401
3010 401 401
3011 401 401
3012 401 401
3013 401 401
3014 401 401
3015 401 401
3016 401 401
3017 401 401
3018 401 401
3019 401 401
3020 401 401
3021 401 401
3022 401 401
3023 401 401
3024 401 401
3025 401 401
3026 401 401
3027 401 401
3028 401 401
3029 401 401
3030 401 401
3031 401 401
3032 401 401
3033 401 401
3034 401 401
3035 401 401
3036 401 401
3037 401 401
3038 401 401
3039 401 401
3040 401 401
3041 401 401
3042 401 401
3043 401 401
3044 401 401
3045 401 401
3046 401 401
3047 401 401
3048 401 401
3049 401 401
3050 401 401
3051 401 401
3052 401 401
3053 401 401
3054 401 401
3055 401 401
3056 401 401
3057 401 401
3058 401 401
3059 401 401
3060 401 401
3061 401 401
3062 401 401
3063 401 401
3064 401 401
3065 401 401
3066 401 401
3067 401 401
3068 401 401
3069 401 401
3070 401 401
3071 401 401
3072 401 401
3073 401 401
3074 401 401
3075 401 401
3076 401 401
3077 401 401
3078 401 401
3079 401 401
3080 401 401
3081 401 401
3082 401 401
3083 401 401
3084 401 401
3085 401 401
3086 401 401
3087 401 401
3088 401 401
3089 401 401
3090 401 401
3091 401 401
3092 401 401
3093 401 401
3094 401 401
3095 401 401
3096 401 401
3097 401 401
3098 401 401
3099 401 401
3100 401 401
3101 401 401
3102 401 401
3103 401 401
3104 401 401
3105 401 401
3106 401 401
3107 401 401
3108 401 401
3109 401 401
3110 401 401
3111 401 401
3112 401 401
3113 401 401
3114 401 401
3115 401 401
3116 401 401
3117 401 401
3118 401 401
3119 401 401
3120 401 401
3121 401 401
3122 401 401
3123 401 401
3124 401 401
3125 401 401
3126 401 401
3127 401 401
3128 401 401
3129 401 401
3130 401 401
3131 401 401
3132 401 401
3133 401 401
3134 401 401
3135 401 401
3136 401 401
3137 401 401
3138 401 401
3139 401 401
3140 401 401
3141 401 401
3142 401 401
3143 401 401
3144 401 401
3145 401 401
3146 401 401
3147 401 401
3148 401 401
3149 401 401
3150 401 401
3151 401 401
3152 401 401
3153 401 401
3154 401 401
3155 401 401
3156 401 401
3157 401 401
3158 401 401
3159 401 401
3160 401 401
3161 401 401
3162 401 401
3163 401 401
3164 401 401
3165 401 401
3166 401 401
3167 401 401
3168 401 401
3169 401 401
3170 401 401
3171 401 401
3172 401 401
3173 401 401
3174 401 401
3175 401 401
3176 401 401
3177 401 401
3178 401 401
3179 401 401
3180 401 401
3181 401 401
3182 401 401
3183 401 401
3184 401 401
3185 401 401
3186 401 401
3187 401 401
3188 401 401
3189 401 401
3190 401 401
3191 401 401
3192 401 401
3193 401 401
3194 401 401
3195 401 401
3196 401 401
3197 401 401
3198 401 401
3199 401 401
3200 401 401
3201 401 401
3202 401 401
3203 401 401
3204 401 401
3205 401 401
3206 401 401
3207 401 401
3208 401 401
3209 401 401
3210 401 401
3211 401 401
3212 401 401
3213 401 401
3214 401 401
3215 401 401
3216 401 401
3217 401 401
3218 401 401
3219 401 401
3220 401 401
3221 401 401
3222 401 401
3223 401 401
3224 401 401
3225 401 401
3226 401 401
3227 401 401
3228 401 401
3229 401 401
3230 401 401
3231 401 401
3232 401 401
3233 401 401
3234 401 401
3235 401 401
3236 401 401
3237 401 401
3238 401 401
3239 401 401
3240 401 401
3241 401 401
3242 401 401
3243 401 401
3244 401 401
3245 401 401
3246 401 401
3247 401 401
3248 401 401
3249 401 401
3250 401 401
3251 401 401
3252 401 401
3253 401 401
3254 401 401
3255 401 401
3256 401 401
3257 401 401
3258 401 401
3259 401 401
3260 401 401
3261 401 401
3262 401 401
3263 401 401
3264 401 401
3265 401 401
3266 401 401
3267 401 401
3268 401 401
3269 401 401
3270 401 401
3271 401 401
3272 401 401
3273 401 401
3274 401 401
3275 401 401
3276 401 401
3277 401 401
3278 401 401
3279 401 401
3280 401 401
3281 401 401
3282 401 401
3283 401 401
3284 401 401
3285 401 401
3286 401 401
3287 401 401
3288 401 401
3289 401 401
3290 401 401
3291 401 401
3292 401 401
3293 401 401
3294 401 401
3295 401 401
3296 401 401
3297 401 401
3298 401 401
3299 401 401
3300 401 401
3301 401 401
3302 401 401
3303 401 401
3304 401 401
3305 401 401
3306 401 401
3307 401 401
3308 401 401
3309 401 401
3310 401 401
3311 401 401
3312 401 401
3313 401 401
3314 401 401
3315 401 401
3316 401 401
3317 401 401
3318 401 401
3319 401 401
3320 401 401
3321 401 401
3322 401 401
3323 401 401
3324 401 401
3325 401 401
3326 401 401
3327 401 401
3328 401 401
3329 401 401
3330 401 401
3331 401 401
3332 401 401
3333 401 401
3334 401 401
3335 401 401
3336 401 401
3337 401 401
3338 401 401
3339 401 401
3340 401 401
3341 401 401
3342 401 401
3343 401 401
3344 401 401
3345 401 401
3346 401 401
3347 401 401
3348 401 401
3349 401 401
3350 401 401
3351 401 401
3352 401 401
3353 401 401
3354 401 401
3355 401 401
3356 401 401
3357 401 401
3358 401 401
3359 401 401
3360 401 401
3361 401 401
3362 401 401
3363 401 401
3364 401 401
3365 401 401
3366 401 401
3367 401 401
3368 401 401
3369 401 401
3370 401 401
3371 401 401
3372 401 401
3373 401 401
3374 401 401
3375 401 401
3376 401 401
3377 401 401
3378 401 401
3379 401 401
3380 401 401
3381 401 401
3382 401 401
3383 401 401
3384 401 401
3385 401 401
3386 401 401
3387 401 401
3388 401 401
3389 401 401
3390 401 401
3391 401 401
3392 401 401
3393 401 401
3394 401 401
3395 401 401
3396 401 401
3397 401 401
3398 401 401
3399 401 401
3400 401 401
3401 401 401
3402 401 401
3403 401 401
3404 401 401
3405 401 401
3406 401 401
3407 401 401
3408 401 401
3409 401 401
3410 401 401
3411 401 401
3412 401 401
3413 401 401
3414 401 401
3415 401 401
3416 401 401
3417 401 401
3418 401 401
3419 401 401
3420 401 401
3421 401 401
3422 401 401
3423 401 401
3424 401 401
3425 401 401
3426 401 401
3427 401 401
3428 401 401
3429 401 401
3430 401 401
3431 401 401
3432 401 401
3433 401 401
3434 401 401
3435 401 401
3436 401 401
3437 401 401
3438 401 401
3439 401 401
3440 401 401
3441 401 401
3442 401 401
3443 401 401
3444 401 401
3445 401 401
3446 401 401
3447 401 401
3448 401 401
3449 401 401
3450 401 401
3451 401 401
3452 401 401
3453 401 401
3454 401 401
3455 401 401
3456 401 401
3457 401 401
3458 401 401
3459 401 401
3460 401 401
3461 401 401
3462 401 401
3463 401 401
3464 401 401
3465 401 401
3466 401 401
3467 401 401
3468 401 401
3469 401 401
3470 401 401
3471 401 401
3472 401 401
3473 401 401
3474 401 401
3475 401 401
3476 401 401
3477 401 401
3478 401 401
3479 401 401
3480 401 401
3481 401 401
3482 401 401
3483 401 401
3484 401 401
3485 401 401
3486 401 401
3487 401 401
3488 401 401
3489 401 401
3490 401 401
3491 401 401
3492 401 401
3493 401 401
3494 401 401
3495 401 401
3496 401 401
3497 401 401
3498 401 401
3499 401 401
3500 401 401
3501 401 401
3502 401 401
3503 401 401
3504 401 401
3505 401 401
3506 401 401
3507 401 401
3508 401 401
3509 401 401
3510 401 401
3511 401 401
3512 401 401
3513 401 401
3514 401 401
3515 401 401
3516 401 401
3517 401 401
3518 401 401
3519 401 401
3520 401 401
3521 401 401
3522 401 401
3523 401 401
3524 401 401
3525 401 401
3526 401 401
3527 401 401
3528 401 401
3529 401 401
3530 401 401
3531 401 401
3532 401 401
3533 401 401
3534 401 401
3535 401 401
3536 401 401
3537 401 401
3538 401 401
3539 401 401
3540 401 401
3541 401 401
3542 401 401
3543 401 401
3544 401 401
3545 401 401
3546 401 401
3547 401 401
3548 401 401
3549 401 401
3550 401 401
3551 401 401
3552 401 401
3553 401 401
3554 401 401
3555 401 401
3556 401 401
3557 401 401
3558 401 401
3559 401 401
3560 401 401
3561 401 401
3562 401 401
3563 401 401
3564 401 401
3565 401 401
3566 401 401
3567 401 401
3568 401 401
3569 401 401
3570 401 401
3571 401 401
3572 401 401
3573 401 401
3574 401 401
3575 401 401
3576 401 401
3577 401 401
3578 401 401
3579 401 401
3580 401 401
3581 401 401
3582 401 401
3583 401 401
3584 401 401
3585 401 401
3586 401 401
3587 401 401
3588 401 401
3589 401 401
3590 401 401
3591 401 401
3592 401 401
3593 401 401
3594 401 401
3595 401 401
3596 401 401
3597 401 401
3598 401 401
3599 401 401
3600 401 401
3601 401 401
3602 401 401
3603 401 401
3604 401 401
3605 401 401
3606 401 401
3607 401 401
3608 401 401
3609 401 401
3610 401 401
3611 401 401
3612 401 401
3613 401 401
3614 401 401
3615 401 401
3616 401 401
3617 401 401
3618 401 401
3619 401 401
3620 401 401
3621 401 401
3622 401 401
3623 401 401
3624 401 401
3625 401 401
3626 401 401
3627 401 401
3628 401 401
3629 401 401
3630 401 401
3631 401 401
3632 401 401
3633 401 401
3634 401 401
3635 401 401
3636 401 401
3637 401 401
3638 401 401
3639 401 401
3640 401 401
3641 401 401
3642 401 401
3643 401 401
3644 401 401
3645 401 401
3646 401 401
3647 401 401
3648 401 401
3649 401 401
3650 401 401
3651 401 401
3652 401 401
3653 401 401
3654 401 401
3655 401 401
3656 401 401
3657 401 401
3658 401 401
3659 401 401
3660 401 401
3661 401 401
3662 401 401
3663 401 401
3664 401 401
3665 401 401
3666 401 401
3667 401 401
3668 401 401
3669 401 401
3670 401 401
3671 401 401
3672 401 401
3673 401 401
3674 401 401
3675 401 401
3676 401 401
3677 401 401
3678 401 401
3679 401 401
3680 401 401
3681 401 401
3682 401 401
3683 401 401
3684 401 401
3685 401 401
3686 401 401
3687 401 401
3688 401 401
3689 401 401
3690 401 401
3691 401 401
3692 401 401
3693 401 401
3694 401 401
3695 401 401
3696 401 401
3697 401 401
3698 401 401
3699 401 401
3700 401 401
3701 401 401
3702 401 401
3703 401 401
3704 401 401
3705 401 401
3706 401 401
3707 401 401
3708 401 401
3709 401 401
3710 401 401
3711 401 401
3712 401 401
3713 401 401
3714 401 401
3715 401 401
3716 401 401
3717 401 401
3718 401 401
3719 401 401
3720 401 401
3721 401 401
3722 401 401
3723 401 401
3724 401 401
3725 401 401
3726 401 401
3727 401 401
3728 401 401
3729 401 401
3730 401 401
3731 401 401
3732 401 401
3733 401 401
3734 401 401
3735 401 401
3736 401 401
3737 401 401
3738 401 401
3739 401 401
3740 401 401
3741 401 401
3742 401 401
3743 401 401
3744 401 401
3745 401 401
3746 401 401
3747 401 401
3748 401 401
3749 401 401
3750 401 401
3751 401 401
3752 401 401
3753 401 401
3754 401 401
3755 401 401
3756 401 401
3757 401 401
3758 401 401
3759 401 401
3760 401 401
3761 401 401
3762 401 401
3763 401 401
3764 401 401
3765 401 401
3766 401 401
3767 401 401
3768 401 401
3769 401 401
3770 401 401
3771 401 401
3772 401 401
3773 401 401
3774 401 401
3775 401 401
3776 401 401
3777 401 401
3778 401 401
3779 401 401
3780 401 401
3781 401 401
3782 401 401
3783 401 401
3784 401 401
3785 401 401
3786 401 401
3787 401 401
3788 401 401
3789 401 401
3790 401 401
3791 401 401
3792 401 401
3793 401 401
3794 401 401
3795 401 401
3796 401 401
3797 401 401
3798 401 401
3799 401 401
3800 401 401
3801 401 401
3802 401 401
3803 401 401
3804 401 401
3805 401 401
3806 401 401
3807 401 401
3808 401 401
3809 401 401
3810 401 401
3811 401 401
3812 401 401
3813 401 401
3814 401 401
3815 401 401
3816 401 401
3817 401 401
3818 401 401
3819 401 401
3820 401 401
3821 401 401
3822 401 401
3823 401 401
3824 401 401
3825 401 401
3826 401 401
3827 401 401
3828 401 401
3829 401 401
3830 401 401
3831 401 401
3832 401 401
3833 401 401
3834 401 401
3835 401 401
3836 401 401
3837 401 401
3838 401 401
3839 401 401
3840 401 401
3841 401 401
3842 401 401
3843 401 401
3844 401 401
3845 401 401
3846 401 401
3847 401 401
3848 401 401
3849 401 401
3850 401 401
3851 401 401
3852 401 401
3853 401 401
3854 401 401
3855 401 401
3856 401 401
3857 401 401
3858 401 401
3859 401 401
3860 401 401
3861 401 401
3862 401 401
3863 401 401
3864 401 401
3865 401 401
3866 401 401
3867 401 401
3868 401 401
3869 401 401
3870 401 401
3871 401 401
3872 401 401
3873 401 401
3874 401 401
3875 401 401
3876 401 401
3877 401 401
3878 401 401
3879 401 401
3880 401 401
3881 401 401
3882 401 401
3883 401 401
3884 401 401
3885 401 401
3886 401 401
3887 401 401
3888 401 401
3889 401 401
3890 401 401
3891 401 401
3892 401 401
3893 401 401
3894 401 401
3895 401 401
3896 401 401
3897 401 401
3898 401 401
3899 401 401
3900 401 401
3901 401 401
3902 401 401
3903 401 401
3904 401 401
3905 401 401
3906 401 401
3907 401 401
3908 401 401
3909 401 401
3910 401 401
3911 401 401
3912 401 401
3913 401 401
3914 401 401
3915 401 401
3916 401 401
3917 401 401
3918 401 401
3919 401 401
3920 401 401
3921 401 401
3922 401 401
3923 401 401
3924 401 401
3925 401 401
3926 401 401
3927 401 401
3928 401 401
3929 401 401
3930 401 401
3931 401 401
3932 401 401
3933 401 401
3934 401 401
3935 401 401
3936 401 401
3937 401 401
3938 401 401
3939 401 401
3940 401 401
3941 401 401
3942 401 401
3943 401 401
3944 401 401
3945 401 401
3946 401 401
3947 401 401
3948 401 401
3949 401 401
3950 401 401
3951 401 401
3952 401 401
3953 401 401
3954 401 401
3955 401 401
3956 401 401
3957 401 401
3958 401 401
3959 401 401
3960 401 401
3961 401 401
3962 401 401
3963 401 401
3964 401 401
3965 401 401
3966 401 401
3967 401 401
3968 401 401
3969 401 401
3970 401 401
3971 401 401
3972 401 401
3973 401 401
3974 401 401
3975 401 401
3976 401 401
3977 401 401
3978 401 401
3979 401 401
3980 401 401
3981 401 401
3982 401 401
3983 401 401
3984 401 401
3985 401 401
3986 401 401
3987 401 401
3988 401 401
3989 401 401
3990 401 401
3991 401 401
3992 401 401
3993 401 401
3994 401 401
3995 401 401
3996 401 401
3997 401 401
3998 401 401
3999 401 401
4000 401 401
4001 401 401
4002 401 401
4003 401 401
4004 401 401
4005 401 401
4006 401 401
4007 401 401
4008 401 401
4009 401 401
4010 401 401
4011 401 401
4012 401 401
4013 401 401
4014 401 401
4015 401 401
4016 401 401
4017 401 401
4018 401 401
4019 401 401
4020 401 401
4021 401 401
4022 401 401
4023 401 401
4024 401 401
4025 401 401
4026 401 401
4027 401 401
4028 401 401
4029 401 401
4030 401 401
4031 401 401
4032 401 401
4033 401 401
4034 401 401
4035 401 401
4036 401 401
4037 401 401
4038 401 401
4039 401 401
4040 401 401
4041 401 401
4042 401 401
4043 401 401
4044 401 401
4045 401 401
4046 401 401
4047 401 401
4048 401 401
4049 401 401
4050 401 401
4051 401 401
4052 401 401
4053 401 401
4054 401 401
4055 401 401
4056 401 401
4057 401 401
4058 401 401
4059 401 401
4060 401 401
4061 401 401
4062 401 401
4063 401 401
4064 401 401
4065 401 401
4066 401 401
4067 401 401
4068 401 401
4069 401 401
4070 401 401
4071 401 401
4072 401 401
4073 401 401
4074 401 401
4075 401 401
4076 401 401
4077 401 401
4078 401 401
4079 401 401
4080 401 401
4081 401 401
4082 401 401
4083 401 401
4084 401 401
4085 401 401
4086 401 401
4087 401 401
4088 401 401
4089 401 401
4090 401 401
4091 401 401
4092 401 401
4093 401 401
4094 401 401
4095 401 401
4096 401 401
4097 401 401
4098 401 401
4099 401 401
4100 401 401
4101 401 401
4102 401 401
4103 401 401
4104 401 401
4105 401 401
4106 401 401
4107 401 401
4108 401 401
4109 401 401
4110 401 401
4111 401 401
4112 401 401
4113 401 401
4114 401 401
4115 401 401
4116 401 401
4117 401 401
4118 401 401
4119 401 401
4120 401 401
4121 401 401
4122 401 401
4123 401 401
4124 401 401
4125 401 401
4126 401 401
4127 401 401
4128 401 401
4129 401 401
4130 401 401
4131 401 401
4132 401 401
4133 401 401
4134 401 401
4135 401 401
4136 401 401
4137 401 401
4138 401 401
4139 401 401
4140 401 401
4141 401 401
4142 401 401
4143 401 401
4144 401 401
4145 401 401
4146 401 401
4147 401 401
4148 401 401
4149 401 401
4150 401 401
4151 401 401
4152 401 401
4153 401 401
4154 401 401
4155 401 401
4156 401 401
4157 401 401
4158 401 401
4159 401 401
4160 401 401
4161 401 401
4162 401 401
4163 401 401
4164 401 401
4165 401 401
4166 401 401
4167 401 401
4168 401 401
4169 401 401
4170 401 401
4171 401 401
4172 401 401
4173 401 401
4174 401 401
4175 401 401
4176 401 401
4177 401 401
4178 401 401
4179 401 401
4180 401 401
4181 401 401
4182 401 401
4183 401 401
4184 401 401
4185 401 401
4186 401 401
4187 401 401
4188 401 401
4189 401 401
4190 401 401
4191 401 401
4192 401 401
4193 401 401
4194 401 401
4195 401 401
4196 401 401
4197 401 401
4198 401 401
4199 401 401
4200 401 401
4201 401 401
4202 401 401
4203 401 401
4204 401 401
4205 401 401
4206 401 401
4207 401 401
4208 401 401
4209 401 401
4210 401 401
4211 401 401
4212 401 401
4213 401 401
4214 401 401
4215 401 401
4216 401 401
4217 401 401
4218 401 401
4219 401 401
4220 401 401
4221 401 401
4222 401 401
4223 401 401
4224 401 401
4225 401 401
4226 401 401
4227 401 401
4228 401 401
4229 401 401
4230 401 401
4231 401 401
4232 401 401
4233 401 401
4234 401 401
4235 401 401
4236 401 401
4237 401 401
4238 401 401
4239 401 401
4240 401 401
4241 401 401
4242 401 401
4243 401 401
4244 401 401
4245 401 401
4246 401 401
4247 401 401
4248 401 401
4249 401 401
4250 401 401
4251 401 401
4252 401 401
4253 401 401
4254 401 401
4255 401 401
4256 401 401
4257 401 401
4258 401 401
4259 401 401
4260 401 401
4261 401 401
4262 401 401
4263 401 401
4264 401 401
4265 401 401
4266 401 401
4267 401 401
4268 401 401
4269 401 401
4270 401 401
4271 401 401
4272 401 401
4273 401 401
4274 401 401
4275 401 401
4276 401 401
4277 401 401
4278 401 401
4279 401 401
4280 401 401
4281 401 401
4282 401 401
4283 401 401
4284 401 401
4285 401 401
4286 401 401
4287 401 401
4288 401 401
4289 401 401
4290 401 401
4291 401 401
4292 401 401
4293 401 401
4294 401 401
4295 401 401
4296 401 401
4297 401 401
4298 401 401
4299 401 401
4300 401 401
4301 401 401
4302 401 401
4303 401 401
4304 401 401
4305 401 401
4306 401 401
4307 401 401
4308 401 401
4309 401 401
4310 401 401
4311 401 401
4312 401 401
4313 401 401
4314 401 401
4315 401 401
4316 401 401
4317 401 401
4318 401 401
4319 401 401
4320 401 401
4321 401 401
4322 401 401
4323 401 401
4324 401 401
4325 401 401
4326 401 401
4327 401 401
4328 401 401
4329 401 401
4330 401 401
4331 401 401
4332 401 401
4333 401 401
4334 401 401
4335 401 401
4336 401 401
4337 401 401
4338 401 401
4339 401 401
4340 401 401
4341 401 401
4342 401 401
4343 401 401
4344 401 401
4345 401 401
4346 401 401
4347 401 401
4348 401 401
4349 401 401
4350 401 401
4351 401 401
4352 401 401
4353 401 401
4354 401 401
4355 401 401
4356 401 401
4357 401 401
4358 401 401
4359 401 401
4360 401 401
4361 401 401
4362 401 401
4363 401 401
4364 401 401
4365 401 401
4366 401 401
4367 401 401
4368 401 401
4369 401 401
4370 401 401
4371 401 401
4372 401 401
4373 401 401
4374 401 401
4375 401 401
4376 401 401
4377 401 401
4378 401 401
4379 401 401
4380 401 401
4381 401 401
4382 401 401
4383 401 401
4384 401 401
4385 401 401
4386 401 401
4387 401 401
4388 401 401
4389 401 401
4390 401 401
4391 401 401
4392 401 401
4393 401 401
4394 401 401
4395 401 401
4396 401 401
4397 401 401
4398 401 401
4399 401 401
4400 401 401
4401 401 401
4402 401 401
4403 401 401
4404 401 401
4405 401 401
4406 401 401
4407 401 401
4408 401 401
4409 401 401
4410 401 401
4411 401 401
4412 401 401
4413 401 401
4414 401 401
4415 401 401
4416 401 401
4417 401 401
4418 401 401
4419 401 401
4420 401 401
4421 401 401
4422 401 401
4423 401 401
4424 401 401
4425 401 401
4426 401 401
4427 401 401
4428 401 401
4429 401 401
4430 401 401
4431 401 401
4432 401 401
4433 401 401
4434 401 401
4435 401 401
4436 401 401
4437 401 401
4438 401 401
4439 401 401
4440 401 401
4441 401 401
4442 401 401
4443 401 401
4444 401 401
4445 401 401
4446 401 401
4447 401 401
4448 401 401
4449 401 401
4450 401 401
4451 401 401
4452 401 401
4453 401 401
4454 401 401
4455 401 401
4456 401 401
4457 401 401
4458 401 401
4459 401 401
4460 401 401
4461 401 401
4462 401 401
4463 401 401
4464 401 401
4465 401 401
4466 401 401
4467 401 401
4468 401 401
4469 401 401
4470 401 401
4471 401 401
4472 401 401
4473 401 401
4474 401 401
4475 401 401
4476 401 401
4477 401 401
4478 401 401
4479 401 401
4480 401 401
4481 401 401
4482 401 401
4483 401 401
4484 401 401
4485 401 401
4486 401 401
4487 401 401
4488 401 401
4489 401 401
4490 401 401
4491 401 401
4492 401 401
4493 401 401
4494 401 401
4495 401 401
4496 401 401
4497 401 401
4498 401 401
4499 401 401
4500 401 401
4501 401 401
4502 401 401
4503 401 401
4504 401 401
4505 401 401
4506 401 401
4507 401 401
4508 401 401
4509 401 401
4510 401 401
4511 401 401
4512 401 401
4513 401 401
4514 401 401
4515 401 401
4516 401 401
4517 401 401
4518 401 401
4519 401 401
4520 401 401
4521 401 401
4522 401 401
4523 401 401
4524 401 401
4525 401 401
4526 401 401
4527 401 401
4528 401 401
4529 401 401
4530 401 401
4531 401 401
4532 401 401
4533 401 401
4534 401 401
4535 401 401
4536 401 401
4537 401 401
4538 401 401
4539 401 401
4540 401 401
4541 401 401
4542 401 401
4543 401 401
4544 401 401
4545 401 401
4546 401 401
4547 401 401
4548 401 401
4549 401 401
4550 401 401
4551 401 401
4552 401 401
4553 401 401
4554 401 401
4555 401 401
4556 401 401
4557 401 401
4558 401 401
4559 401 401
4560 401 401
4561 401 401
4562 401 401
4563 401 401
4564 401 401
4565 401 401
4566 401 401
4567 401 401
4568 401 401
4569 401 401
4570 401 401
4571 401 401
4572 401 401
4573 401 401
4574 401 401
4575 401 401
4576 401 401
4577 401 401
4578 401 401
4579 401 401
4580 401 401
4581 401 401
4582 401 401
4583 401 401
4584 401 401
4585 401 401
4586 401 401
4587 401 401
4588 401 401
4589 401 401
4590 401 401
4591 401 401
4592 401 401
4593 401 401
4594 401 401
4595 401 401
4596 401 401
4597 401 401
4598 401 401
4599 401 401
4600 401 401
4601 401 401
4602 401 401
4603 401 401
4604 401 401
4605 401 401
4606 401 401
4607 401 401
4608 401 401
4609 401 401
4610 401 401
4611 401 401
4612 401 401
4613 401 401
4614 401 401
4615 401 401
4616 401 401
4617 401 401
4618 401 401
4619 401 401
4620 401 401
4621 401 401
4622 401 401
4623 401 401
4624 401 401
4625 401 401
4626 401 401
4627 401 401
4628 401 401
4629 401 401
4630 401 401
4631 401 401
4632 401 401
4633 401 401
4634 401 401
4635 401 401
4636 401 401
4637 401 401
4638 401 401
4639 401 401
4640 401 401
4641 401 401
4642 401 401
4643 401 401
4644 401 401
4645 401 401
4646 401 401
4647 401 401
4648 401 401
4649 401 401
4650 401 401
4651 401 401
4652 401 401
4653 401 401
4654 401 401
4655 401 401
4656 401 401
4657 401 401
4658 401 401
4659 401 401
4660 401 401
4661 401 401
4662 401 401
4663 401 401
4664 401 401
4665 401 401
4666 401 401
4667 401 401
4668 401 401
4669 401 401
4670 401 401
4671 401 401
4672 401 401
4673 401 401
4674 401 401
4675 401 401
4676 401 401
4677 401 401
4678 401 401
4679 401 401
4680 401 401
4681 401 401
4682 401 401
4683 401 401
4684 401 401
4685 401 401
4686 401 401
4687 401 401
4688 401 401
4689 401 401
4690 401 401
4691 401 401
4692 401 401
4693 401 401
4694 401 401
4695 401 401
4696 401 401
4697 401 401
4698 401 401
4699 401 401
4700 401 401
4701 401 401
4702 401 401
4703 401 401
4704 401 401
4705 401 401
4706 401 401
4707 401 401
4708 401 401
4709 401 401
4710 401 401
4711 401 401
4712 401 401
4713 401 401
4714 401 401
4715 401 401
4716 401 401
4717 401 401
4718 401 401
4719 401 401
4720 401 401
4721 401 401
4722 401 401
4723 401 401
4724 401 401
4725 401 401
4726 401 401
4727 401 401
4728 401 401
4729 401 401
4730 401 401
4731 401 401
4732 401 401
4733 401 401
4734 401 401
4735 401 401
4736 401 401
4737 401 401
4738 401 401
4739 401 401
4740 401 401
4741 401 401
4742 401 401
4743 401 401
4744 401 401
4745 401 401
4746 401 401
4747 401 401
4748 401 401
4749 401 401
4750 401 401
4751 401 401
4752 401 401
4753 401 401
4754 401 401
4755 401 401
4756 401 401
4757 401 401
4758 401 401
4759 401 401
4760 401 401
4761 401 401
4762 401 401
4763 401 401
4764 401 401
4765 401 401
4766 401 401
4767 401 401
4768 401 401
4769 401 401
4770 401 401
4771 401 401
4772 401 401
4773 401 401
4774 401 401
4775 401 401
4776 401 401
4777 401 401
4778 401 401
4779 401 401
4780 401 401
4781 401 401
4782 401 401
4783 401 401
4784 401 401
4785 401 401
4786 401 401
4787 401 401
4788 401 401
4789 401 401
4790 401 401
4791 401 401
4792 401 401
4793 401 401
4794 401 401
4795 401 401
4796 401 401
4797 401 401
4798 401 401
4799 401 401
4800 401 401
4801 401 401
4802 401 401
4803 401 401
4804 401 401
4805 401 401
4806 401 401
4807 401 401
4808 401 401
4809 401 401
4810 401 401
4811 401 401
4812 401 401
4813 401 401
4814 401 401
4815 401 401
4816 401 401
4817 401 401
4818 401 401
4819 401 401
4820 401 401
4821 401 401
4822 401 401
4823 401 401
4824 401 401
4825 401 401
4826 401 401
4827 401 401
4828 401 401
4829 401 401
4830 401 401
4831 401 401
4832 401 401
4833 401 401
4834 401 401
4835 401 401
4836 401 401
4837 401 401
4838 401 401
4839 401 401
4840 401 401
4841 401 401
4842 401 401
4843 401 401
4844 401 401
4845 401 401
4846 401 401
4847 401 401
4848 401 401
4849 401 401
4850 401 401
4851 401 401
4852 401 401
4853 401 401
4854 401 401
4855 401 401
4856 401 401
4857 401 401
4858 401 401
4859 401 401
4860 401 401
4861 401 401
4862 401 401
4863 401 401
4864 401 401
4865 401 401
4866 401 401
4867 401 401
4868 401 401
4869 401 401
4870 401 401
4871 401 401
4872 401 401
4873 401 401
4874 401 401
4875 401 401
4876 401 401
4877 401 401
4878 401 401
4879 401 401
4880 401 401
4881 401 401
4882 401 401
4883 401 401
4884 401 401
4885 401 401
4886 401 401
4887 401 401
4888 401 401
4889 401 401
4890 401 401
4891 401 401
4892 401 401
4893 401 401
4894 401 401
4895 401 401
4896 401 401
4897 401 401
4898 401 401
4899 401 401
4900 401 401
4901 401 401
4902 401 401
4903 401 401
4904 401 401
4905 401 401
4906 401 401
4907 401 401
4908 401 401
4909 401 401
4910 401 401
4911 401 401
4912 401 401
4913 401 401
4914 401 401
4915 401 401
4916 401 401
4917 401 401
4918 401 401
4919 401 401
4920 401 401
4921 401 401
4922 401 401
4923 401 401
4924 401 401
4925 401 401
4926 401 401
4927 401 401
4928 401 401
4929 401 401
4930 401 401
4931 401 401
4932 401 401
4933 401 401
4934 401 401
4935 401 401
4936 401 401
4937 401 401
4938 401 401
4939 401 401
4940 401 401
4941 401 401
4942 401 401
4943 401 401
4944 401 401
4945 401 401
4946 401 401
4947 401 401
4948 401 401
4949 401 401
4950 401 401
4951 401 401
4952 401 401
4953 401 401
4954 401 401
4955 401 401
4956 401 401
4957 401 401
4958 401 401
4959 401 401
4960 401 401
4961 401 401
4962 401 401
4963 401 401
4964 401 401
4965 401 401
4966 401 401
4967 401 401
4968 401 401
4969 401 401
4970 401 401
4971 401 401
4972 401 401
4973 401 401
4974 401 401
4975 401 401
4976 401 401
4977 401 401
4978 401 401
4979 401 401
4980 401 401
4981 401 401
4982 401 401
4983 401 401
4984 401 401
4985 401 401
4986 401 401
4987 401 401
4988 401 401
4989 401 401
4990 401 401
4991 401 401
4992 401 401
4993 401 401
4994 401 401
4995 401 401
4996 401 401
4997 401 401
4998 401 401
4999 401 401
5000 401 401
5001 401 401
5002 401 401
5003 401 401
5004 401 401
5005 401 401
5006 401 401
5007 401 401
5008 401 401
5009 401 401
5010 401 401
5011 401 401
5012 401 401
5013 401 401
5014 401 401
5015 401 401
5016 401 401
5017 401 401
5018 401 401
5019 401 401
5020 401 401
5021 401 401
5022 401 401
5023 401 401
5024 401 401
5025 401 401
5026 401 401
5027 401 401
5028 401 401
5029 401 401
5030 401 401
5031 401 401
5032 401 401
5033 401 401
5034 401 401
5035 401 401
5036 401 401
5037 401 401
5038 401 401
5039 401 401
5040 401 401
5041 401 401
5042 401 401
5043 401 401
5044 401 401
5045 401 401
5046 401 401
5047 401 401
5048 401 401
5049 401 401
5050 401 401
5051 401 401
5052 401 401
5053 401 401
5054 401 401
5055 401 401
5056 401 401
5057 401 401
5058 401 401
5059 401 401
5060 401 401
5061 401 401
5062 401 401
5063 401 401
5064 401 401
5065 401 401
5066 401 401
5067 401 401
5068 401 401
5069 401 401
5070 401 401
5071 401 401
5072 401 401
5073 401 401
5074 401 401
5075 401 401
5076 401 401
5077 401 401
5078 401 401
5079 401 401
5080 401 401
5081 401 401
5082 401 401
5083 401 401
5084 401 401
5085 401 401
5086 401 401
5087 401 401
5088 401 401
5089 401 401
5090 401 401
5091 401 401
5092 401 401
5093 401 401
5094 401 401
5095 401 401
5096 401 401
5097 401 401
5098 401 401
5099 401 401
5100 401 401
5101 401 401
5102 401 401
5103 401 401
5104 401 401
5105 401 401
5106 401 401
5107 401 401
5108 401 401
5109 401 401
5110 401 401
5111 401 401
5112 401 401
5113 401 401
5114 401 401
5115 401 401
5116 401 401
5117 401 401
5118 401 401
5119 401 401
5120 401 401
5121 401 401
5122 401 401
5123 401 401
5124 401 401
5125 401 401
5126 401 401
5127 401 401
5128 401 401
5129 401 401
5130 401 401
5131 401 401
5132 401 401
5133 401 401
5134 401 401
5135 401 401
5136 401 401
5137 401 401
5138 401 401
5139 401 401
5140 401 401
5141 401 401
5142 401 401
5143 401 401
5144 401 401
5145 401 401
5146 401 401
5147 401 401
5148 401 401
5149 401 401
5150 401 401
5151 401 401
5152 401 401
5153 401 401
5154 401 401
5155 401 401
5156 401 401
5157 401 401
5158 401 401
5159 401 401
5160 401 401
5161 401 401
5162 401 401
5163 401 401
5164 401 401
5165 401 401
5166 401 401
5167 401 401
5168 401 401
5169 401 401
5170 401 401
5171 401 401
5172 401 401
5173 401 401
5174 401 401
5175 401 401
5176 401 401
5177 401 401
5178 401 401
5179 401 401
5180 401 401
5181 401 401
5182 401 401
5183 401 401
5184 401 401
5185 401 401
5186 401 401
5187 401 401
5188 401 401
5189 401 401
5190 401 401
5191 401 401
5192 401 401
5193 401 401
5194 401 401
5195 401 401
5196 401 401
5197 401 401
5198 401 401
5199 401 401
5200 401 401
5201 401 401
5202 401 401
5203 401 401
5204 401 401
5205 401 401
5206 401 401
5207 401 401
5208 401 401
5209 401 401
5210 401 401
5211 401 401
5212 401 401
5213 401 401
5214 401 401
5215 401 401
5216 401 401
5217 401 401
5218 401 401
5219 401 401
5220 401 401
5221 401 401
5222 401 401
5223 401 401
5224 401 401
5225 401 401
5226 401 401
5227 401 401
5228 401 401
5229 401 401
5230 401 401
5231 401 401
5232 401 401
5233 401 401
5234 401 401
5235 401 401
5236 401 401
5237 401 401
5238 401 401
5239 401 401
5240 401 401
5241 401 401
5242 401 401
5243 401 401
5244 401 401
5245 401 401
5246 401 401
5247 401 401
5248 401 401
5249 401 401
5250 401 401
5251 401 401
5252 401 401
5253 401 401
5254 401 401
5255 401 401
5256 401 401
5257 401 401
5258 401 401
5259 401 401
5260 401 401
5261 401 401
5262 401 401
5263 401 401
5264 401 401
5265 401 401
5266 401 401
5267 401 401
5268 401 401
5269 401 401
5270 401 401
5271 401 401
5272 401 401
5273 401 401
5274 401 401
5275 401 401
5276 401 401
5277 401 401
5278 401 401
5279 401 401
5280 401 401
5281 401 401
5282 401 401
5283 401 401
5284 401 401
5285 401 401
5286 401 401
5287 401 401
5288 401 401
5289 401 401
5290 401 401
5291 401 401
5292 401 401
5293 401 401
5294 401 401
5295 401 401
5296 401 401
5297 401 401
5298 401 401
5299 401 401
5300 401 401
5301 401 401
5302 401 401
5303 401 401
5304 401 401
5305 401 401
5306 401 401
5307 401 401
5308 401 401
5309 401 401
5310 401 401
5311 401 401
5312 401 401
5313 401 401
5314 401 401
5315 401 401
5316 401 401
5317 401 401
5318 401 401
5319 401 401
5320 401 401
5321 401 401
5322 401 401
5323 401 401
5324 401 401
5325 401 401
5326 401 401
5327 401 401
5328 401 401
5329 401 401
5330 401 401
5331 401 401
5332 401 401
5333 401 401
5334 401 401
5335 401 401
5336 401 401
5337 401 401
5338 401 401
5339 401 401
5340 401 401
5341 401 401
5342 401 401
5343 401 401
5344 401 401
5345 401 401
5346 401 401
5347 401 401
5348 401 401
5349 401 401
5350 401 401
5351 401 401
5352 401 401
5353 401 401
5354 401 401
5355 401 401
5356 401 401
5357 401 401
5358 401 401
5359 401 401
5360 401 401
5361 401 401
5362 401 401
5363 401 401
5364 401 401
5365 401 401
5366 401 401
5367 401 401
5368 401 401
5369 401 401
5370 401 401
5371 401 401
5372 401 401
5373 401 401
5374 401 401
5375 401 401
5376 401 401
5377 401 401
5378 401 401
5379 401 401
5380 401 401
5381 401 401
5382 401 401
5383 401 401
5384 401 401
5385 401 401
5386 401 401
5387 401 401
5388 401 401
5389 401 401
5390 401 401
5391 401 401
5392 401 401
5393 401 401
5394 401 401
5395 401 401
5396 401 401
5397 401 401
5398 401 401
5399 401 401
5400 401 401
5401 401 401
5402 401 401
5403 401 401
5404 401 401
5405 401 401
5406 401 401
5407 401 401
5408 401 401
5409 401 401
5410 401 401
5411 401 401
5412 401 401
5413 401 401
5414 401 401
5415 401 401
5416 401 401
5417 401 401
5418 401 401
5419 401 401
5420 401 401
5421 401 401
5422 401 401
5423 401 401
5424 401 401
5425 401 401
5426 401 401
5427 401 401
5428 401 401
5429 401 401
5430 401 401
5431 401 401
5432 401 401
5433 401 401
5434 401 401
5435 401 401
5436 401 401
5437 401 401
5438 401 401
5439 401 401
5440 401 401
5441 401 401
5442 401 401
5443 401 401
5444 401 401
5445 401 401
5446 401 401
5447 401 401
5448 401 401
5449 401 401
5450 401 401
5451 401 401
5452 401 401
5453 401 401
5454 401 401
5455 401 401
5456 401 401
5457 401 401
5458 401 401
5459 401 401
5460 401 401
5461 401 401
5462 401 401
5463 401 401
5464 401 401
5465 401 401
5466 401 401
5467 401 401
5468 401 401
5469 401 401
5470 401 401
5471 401 401
5472 401 401
5473 401 401
5474 401 401
5475 401 401
5476 401 401
5477 401 401
5478 401 401
5479 401 401
5480 401 401
5481 401 401
5482 401 401
5483 401 401
5484 401 401
5485 401 401
5486 401 401
5487 401 401
5488 401 401
5489 401 401
5490 401 401
5491 401 401
5492 401 401
5493 401 401
5494 401 401
5495 401 401
5496 401 401
5497 401 401
5498 401 401
5499 401 401
5500 401 401
5501 401 401
5502 401 401
5503 401 401
5504 401 401
5505 401 401
5506 401 401
5507 401 401
5508 401 401
5509 401 401
5510 401 401
5511 401 401
5512 401 401
5513 401 401
5514 401 401
5515 401 401
5516 401 401
5517 401 401
5518 401 401
5519 401 401
5520 401 401
5521 401 401
5522 401 401
5523 401 401
5524 401 401
5525 401 401
5526 401 401
5527 401 401
5528 401 401
5529 401 401
5530 401 401
5531 401 401
5532 401 401
5533 401 401
5534 401 401
5535 401 401
5536 401 401
5537 401 401
5538 401 401
5539 401 401
5540 401 401
5541 401 401
5542 401 401
5543 401 401
5544 401 401
5545 401 401
5546 401 401
5547 401 401
5548 401 401
5549 401 401
5550 401 401
5551 401 401
5552 401 401
5553 401 401
5554 401 401
5555 401 401
5556 401 401
5557 401 401
5558 401 401
5559 401 401
5560 401 401
5561 401 401
5562 401 401
5563 401 401
5564 401 401
5565 401 401
5566 401 401
5567 401 401
5568 401 401
5569 401 401
5570 401 401
5571 401 401
5572 401 401
5573 401 401
5574 401 401
5575 401 401
5576 401 401
5577 401 401
5578 401 401
5579 401 401
5580 401 401
5581 401 401
5582 401 401
5583 401 401
5584 401 401
5585 401 401
5586 401 401
5587 401 401
5588 401 401
5589 401 401
5590 401 401
5591 401 401
5592 401 401
5593 401 401
5594 401 401
5595 401 401
5596 401 401
5597 401 401
5598 401 401
5599 401 401
5600 401 401
5601 401 401
5602 401 401
5603 401 401
5604 401 401
5605 401 401
5606 401 401
5607 401 401
5608 401 401
5609 401 401
5610 401 401
5611 401 401
5612 401 401
5613 401 401
5614 401 401
5615 401 401
5616 401 401
5617 401 401
5618 401 401
5619 401 401
5620 401 401
5621 401 401
5622 401 401
5623 401 401
5624 401 401
5625 401 401
5626 401 401
5627 401 401
5628 401 401
5629 401 401
5630 401 401
5631 401 401
5632 401 401
5633 401 401
5634 401 401
5635 401 401
5636 401 401
5637 401 401
5638 401 401
5639 401 401
5640 401 401
5641 401 401
5642 401 401
5643 401 401
5644 401 401
5645 401 401
5646 401 401
5647 401 401
5648 401 401
5649 401 401
5650 401 401
5651 401 401
5652 401 401
