iter "mejor iteracion actual" "mejor encontrado"
0 387 421
1 376 422
2 395 422
3 395 422
4 377 426
5 386 426
6 383 426
7 378 426
8 402 426
9 397 426
10 399 426
11 391 426
12 391 426
13 401 426
14 385 426
15 384 426
16 386 426
17 386 426
18 384 426
19 371 426
20 395 426
21 385 426
22 382 426
23 381 426
24 395 426
25 388 426
26 386 426
27 396 426
28 397 426
29 382 426
30 390 426
31 397 426
32 385 426
33 397 426
34 391 426
35 386 426
36 391 426
37 381 426
38 391 426
39 390 426
40 391 426
41 391 426
42 395 426
43 381 426
44 378 426
45 389 426
46 391 426
47 393 426
48 397 426
49 382 426
50 395 426
51 388 426
52 392 426
53 382 426
54 398 426
55 394 426
56 394 426
57 394 426
58 389 426
59 391 426
60 394 426
61 394 426
62 386 426
63 391 426
64 392 426
65 400 426
66 395 426
67 397 426
68 398 426
69 390 426
70 388 426
71 391 426
72 396 426
73 397 426
74 383 426
75 388 426
76 391 426
77 387 426
78 389 426
79 382 426
80 397 426
81 383 426
82 389 426
83 386 426
84 390 426
85 387 426
86 385 426
87 389 426
88 394 426
89 389 426
90 385 426
91 380 426
92 405 426
93 390 426
94 381 426
95 389 426
96 384 426
97 400 428
98 392 428
99 396 428
100 386 428
101 388 428
102 383 428
103 399 428
104 394 428
105 393 428
106 387 428
107 383 428
108 388 428
109 381 428
110 381 428
111 385 428
112 389 428
113 388 428
114 383 428
115 379 428
116 393 428
117 386 428
118 393 428
119 383 428
120 399 428
121 379 428
122 391 428
123 385 428
124 390 428
125 384 428
126 382 428
127 392 428
128 394 428
129 399 428
130 392 428
131 386 428
132 381 428
133 397 428
134 391 428
135 377 428
136 389 428
137 393 428
138 379 428
139 389 428
140 398 428
141 397 428
142 396 428
143 375 428
144 388 428
145 386 428
146 384 428
147 374 428
148 386 428
149 390 428
150 393 428
151 388 428
152 385 428
153 386 428
154 382 428
155 389 428
156 386 428
157 382 428
158 393 428
159 377 428
160 385 428
161 379 428
162 393 428
163 386 428
164 390 428
165 398 428
166 386 428
167 389 428
168 397 428
169 386 428
170 378 428
171 390 428
172 391 428
173 391 428
174 385 428
175 390 428
176 398 428
177 387 428
178 398 428
