iter "mejor iteracion actual" "mejor encontrado"
0 139 155
1 135 155
2 139 155
3 141 155
4 143 155
5 141 155
6 141 155
7 135 159
8 141 159
9 141 159
10 143 159
11 139 159
12 145 159
13 137 159
14 137 159
15 147 159
16 139 159
17 139 159
18 137 159
19 141 159
20 139 159
21 135 159
22 143 159
23 139 159
24 141 159
25 143 159
26 139 159
27 145 159
28 141 159
29 141 159
30 143 159
31 137 159
32 143 159
33 145 159
34 139 159
35 143 159
36 139 159
37 139 159
38 147 159
39 141 159
40 145 159
41 145 159
42 143 159
43 137 159
44 145 159
45 137 159
46 143 159
47 139 159
48 141 159
49 139 159
50 139 159
51 139 159
52 135 159
53 147 159
54 141 159
55 135 159
56 139 159
57 137 159
58 139 159
59 139 159
60 143 159
61 139 159
62 135 159
63 139 159
64 139 159
65 141 159
66 141 159
67 139 159
68 141 159
69 141 159
70 141 159
71 139 159
72 135 159
73 137 159
74 143 159
75 139 159
76 135 159
77 145 159
78 143 159
79 141 159
80 141 159
81 141 159
82 145 159
83 131 159
84 139 159
85 137 159
86 139 159
87 141 159
88 133 159
89 147 159
90 141 159
91 143 159
92 141 159
93 137 159
94 141 159
95 145 159
96 135 159
97 139 159
98 141 159
99 141 159
100 143 159
101 141 159
102 145 159
103 145 159
104 145 159
105 143 159
106 143 159
107 139 159
108 135 159
109 137 159
110 141 159
111 141 159
112 141 159
113 139 159
114 137 159
115 137 159
116 139 159
117 135 159
118 141 159
119 139 159
120 143 159
121 139 159
122 141 159
123 143 159
124 137 159
125 141 159
126 145 159
127 143 159
128 141 159
129 137 159
130 137 159
131 139 159
132 147 159
133 141 159
134 137 159
135 141 159
136 143 159
137 137 159
138 137 159
139 141 159
140 149 159
141 139 159
142 141 159
143 139 159
144 147 159
145 141 159
146 141 159
147 135 159
148 143 159
149 147 159
150 139 159
151 145 159
152 141 159
153 139 159
154 139 159
155 139 159
156 143 159
157 145 159
158 141 159
159 137 159
160 137 159
161 143 159
162 141 159
163 141 159
164 139 159
165 141 159
166 143 159
167 139 159
168 141 159
169 141 159
170 141 159
171 139 159
172 141 159
173 143 159
174 139 159
175 135 159
176 145 159
177 139 159
178 139 159
179 141 159
180 141 159
181 143 159
182 137 159
183 137 159
184 135 159
185 141 159
186 141 159
187 141 159
188 143 159
189 141 159
190 141 159
191 137 159
192 135 159
193 141 159
194 145 159
195 137 159
196 139 159
197 141 159
198 143 159
199 139 159
200 137 159
201 139 159
202 139 159
203 147 159
204 137 159
205 143 159
206 143 159
207 135 159
208 141 159
209 145 159
210 143 159
211 139 159
212 137 159
213 139 159
214 143 159
215 145 159
216 139 159
217 133 159
218 139 159
219 137 159
220 141 159
221 139 159
222 135 159
223 139 159
224 137 159
225 141 159
226 141 159
227 139 159
228 133 159
229 143 159
230 139 159
231 143 159
232 137 159
233 133 159
234 135 159
235 141 159
236 141 159
237 147 159
238 139 159
239 147 159
240 135 159
241 135 159
242 141 159
243 141 159
244 143 159
245 137 159
246 139 159
247 139 159
248 135 159
249 143 159
250 139 159
251 139 159
252 143 159
253 141 159
254 143 159
255 135 159
256 141 159
257 143 159
258 137 159
259 141 159
260 143 159
261 141 159
262 143 159
263 141 159
264 141 159
265 141 159
266 137 159
267 137 159
268 137 159
269 145 159
270 137 159
271 141 159
272 139 159
273 141 159
274 139 159
275 135 159
276 141 159
277 143 159
278 141 159
279 141 159
280 141 159
281 143 159
282 139 159
283 149 159
284 143 159
285 137 159
286 143 159
287 133 159
288 141 159
289 141 159
290 135 159
291 145 159
292 135 159
293 149 159
294 141 159
295 139 159
296 143 159
297 139 159
298 141 159
299 141 159
300 135 159
301 139 159
302 145 159
303 135 159
304 139 159
305 137 159
306 141 159
307 133 159
308 143 159
309 141 159
310 141 159
311 135 159
312 143 159
313 139 159
314 141 159
315 141 159
316 141 159
317 141 159
318 145 159
319 141 159
320 137 159
321 137 159
322 141 159
323 139 159
324 139 159
325 139 159
326 139 159
327 141 159
328 139 159
329 141 159
330 137 159
331 137 159
332 139 159
333 141 159
334 141 159
335 147 159
336 145 159
337 139 159
338 147 159
339 143 159
340 139 159
341 143 159
342 141 159
343 143 159
344 139 159
345 137 159
346 139 159
347 139 159
348 137 159
349 139 159
350 137 159
351 145 159
352 141 159
353 133 159
354 141 159
355 139 159
356 137 159
357 145 159
358 141 159
359 131 159
360 137 159
361 143 159
362 141 159
363 141 159
364 139 159
365 141 159
366 139 159
367 139 159
368 143 159
369 135 159
370 141 159
371 139 159
372 137 159
373 139 159
374 147 159
375 139 159
376 143 159
377 143 159
378 141 159
379 145 159
380 139 159
381 139 159
382 141 159
383 135 159
384 145 159
385 141 159
386 141 159
387 141 159
388 143 159
389 139 159
390 143 159
391 141 159
392 141 159
393 141 159
394 141 159
395 141 159
396 147 159
397 133 159
398 143 159
399 139 159
400 139 159
401 143 159
402 143 159
403 145 159
404 143 159
405 141 159
406 141 159
407 141 159
408 147 159
409 143 159
410 141 159
411 137 159
412 143 159
413 139 159
414 135 159
415 141 159
416 141 159
417 139 159
418 135 159
419 139 159
420 141 159
421 141 159
422 135 159
423 141 159
424 147 159
425 137 159
426 137 159
427 145 159
428 137 159
429 141 159
430 139 159
431 141 159
432 141 159
433 145 159
434 141 159
435 145 159
436 141 159
437 141 159
438 147 159
439 143 159
440 141 159
441 141 159
442 141 159
443 137 159
444 139 159
445 137 159
446 139 159
447 141 159
448 141 159
449 145 159
450 141 159
451 135 159
452 145 159
453 139 159
454 133 159
455 131 159
456 141 159
457 143 159
458 135 159
459 139 159
460 141 159
461 145 159
462 143 159
463 137 159
464 135 159
465 139 159
466 145 159
467 141 159
468 137 159
469 143 159
470 139 159
471 137 159
472 133 159
473 147 159
474 143 159
475 143 159
476 137 159
477 145 159
478 135 159
479 139 159
480 137 159
481 147 159
482 139 159
483 139 159
484 135 159
485 139 159
486 137 159
487 135 159
488 139 159
489 139 159
490 145 159
491 141 159
492 139 159
493 141 159
494 141 159
495 141 159
496 141 159
497 143 159
498 139 159
499 143 159
500 137 159
501 141 159
502 131 159
503 139 159
504 137 159
505 135 159
506 143 159
507 139 159
508 141 159
509 137 159
510 137 159
511 141 159
512 137 159
513 141 159
514 137 159
515 139 159
516 141 159
517 139 159
518 139 159
519 143 159
520 141 159
521 141 159
522 139 159
523 135 159
524 139 159
525 139 159
526 141 159
527 145 159
528 141 159
529 137 159
530 135 159
531 141 159
532 137 159
533 139 159
534 133 159
535 141 159
536 141 159
537 131 159
538 143 159
539 133 159
540 137 159
541 141 159
542 137 159
543 137 159
544 147 159
545 143 159
546 143 159
547 139 159
548 137 159
549 141 159
550 139 159
551 135 159
552 143 159
553 137 159
554 137 159
555 137 159
556 143 159
557 135 159
558 143 159
559 137 159
560 143 159
561 139 159
562 143 159
563 139 159
564 141 159
565 143 159
566 141 159
567 145 159
568 141 159
569 137 159
570 143 159
571 143 159
572 137 159
573 141 159
574 141 159
575 135 159
576 139 159
577 139 159
578 141 159
579 143 159
580 143 159
581 143 159
582 141 159
583 137 159
584 143 159
585 139 159
586 141 159
587 139 159
588 143 159
589 141 159
590 141 159
591 145 159
592 131 159
593 133 159
594 135 159
595 145 159
596 135 159
597 139 159
598 139 159
599 137 159
600 137 159
601 139 159
602 141 159
603 141 159
604 139 159
605 141 159
606 141 159
607 139 159
608 139 159
609 141 159
610 143 159
611 141 159
612 141 159
613 143 159
614 145 159
615 141 159
616 141 159
617 139 159
618 143 159
619 143 159
620 137 159
621 141 159
622 141 159
623 143 159
624 137 159
625 139 159
626 143 159
627 137 159
628 145 159
629 141 159
630 139 159
631 137 159
632 145 159
633 143 159
634 139 159
635 139 159
636 139 159
637 141 159
638 137 159
639 139 159
640 145 159
641 135 159
642 139 159
643 147 159
644 139 159
645 143 159
646 135 159
647 139 159
648 137 159
649 139 159
650 139 159
651 141 159
652 143 159
653 143 159
654 141 159
655 139 159
656 141 159
657 139 159
658 145 159
659 139 159
660 139 159
661 141 159
662 141 159
663 143 159
664 147 159
665 137 159
666 143 159
667 137 159
668 143 159
669 135 159
670 137 159
671 139 159
672 137 159
673 143 159
674 141 159
675 139 159
676 141 159
677 135 159
678 139 159
679 137 159
680 141 159
681 141 159
682 139 159
683 133 159
684 135 159
685 133 159
686 145 159
687 139 159
688 139 159
689 147 159
690 135 159
691 139 159
692 135 159
693 147 159
694 141 159
695 143 159
696 135 159
697 141 159
698 135 159
699 135 159
700 139 159
701 143 159
702 141 159
703 139 159
704 137 159
705 143 159
706 137 159
707 133 159
708 139 159
709 135 159
710 145 159
711 139 159
712 141 159
713 139 159
714 141 159
715 137 159
716 143 159
717 143 159
718 135 159
719 137 159
720 141 159
721 139 159
722 139 159
723 145 159
724 143 159
725 139 159
726 143 159
727 141 159
728 139 159
729 143 159
730 141 159
731 137 159
732 139 159
733 139 159
734 137 159
735 139 159
736 139 159
737 143 159
738 137 159
739 143 159
740 145 159
741 143 159
742 147 159
743 141 159
744 141 159
745 139 159
746 139 159
747 139 159
748 133 159
749 143 159
750 141 159
751 141 159
752 141 159
753 143 159
754 133 159
755 141 159
756 141 159
757 143 159
758 133 159
759 137 159
760 139 159
761 139 159
762 137 159
763 141 159
764 141 159
765 137 159
766 135 159
767 147 159
768 137 159
769 143 159
770 137 159
771 137 159
772 139 159
773 141 159
774 139 159
775 139 159
776 145 159
777 143 159
778 137 159
779 145 159
780 139 159
781 141 159
782 139 159
783 137 159
784 147 159
785 137 159
786 147 159
787 139 159
788 141 159
789 143 159
790 137 159
791 137 159
792 139 159
793 145 159
794 137 159
795 141 159
796 145 159
797 137 159
798 139 159
799 141 159
800 141 159
801 145 159
802 141 159
803 137 159
804 139 159
805 141 159
806 147 159
807 139 159
808 139 159
809 141 159
810 143 159
811 137 159
812 137 159
813 135 159
814 139 159
815 143 159
816 143 159
817 139 159
818 139 159
819 141 159
820 139 159
821 141 159
822 141 159
823 145 159
824 133 159
825 143 159
826 141 159
827 139 159
828 139 159
829 139 159
830 143 159
831 139 159
832 141 159
833 141 159
834 139 159
835 139 159
836 143 159
837 145 159
838 139 159
839 141 159
840 137 159
841 147 159
842 143 159
843 141 159
844 139 159
845 143 159
846 139 159
847 141 159
848 139 159
849 135 159
850 139 159
851 143 159
852 139 159
853 139 159
854 139 159
855 141 159
856 131 159
857 141 159
858 137 159
859 141 159
860 143 159
861 139 159
862 143 159
863 139 159
864 133 159
865 137 159
866 139 159
867 143 159
868 139 159
869 139 159
870 135 159
871 137 159
872 143 159
873 141 159
874 139 159
875 139 159
876 143 159
877 143 159
878 141 159
879 143 159
880 143 159
881 145 159
882 141 159
883 147 159
884 143 159
885 139 159
886 145 159
887 143 159
888 139 159
889 139 159
890 147 159
891 143 159
892 141 159
893 139 159
894 145 159
895 145 159
896 141 159
897 141 159
898 141 159
899 137 159
900 147 159
901 143 159
902 129 159
903 137 159
904 143 159
905 145 159
906 139 159
907 141 159
908 143 159
909 139 159
910 141 159
911 141 159
912 141 159
913 137 159
914 141 159
915 139 159
916 137 159
917 135 159
918 141 159
919 139 159
920 143 159
921 141 159
922 139 159
923 135 159
924 143 159
925 141 159
926 143 159
927 137 159
928 139 159
929 139 159
930 143 159
931 137 159
932 143 159
933 145 159
934 143 159
935 135 159
936 137 159
937 139 159
938 139 159
939 135 159
940 133 159
941 139 159
942 141 159
943 143 159
944 143 159
945 139 159
946 141 159
947 141 159
948 139 159
949 141 159
950 139 159
951 143 159
952 141 159
953 139 159
954 145 159
955 141 159
956 141 159
957 137 159
958 141 159
959 139 159
960 137 159
961 139 159
962 133 159
963 137 159
964 139 159
965 139 159
966 133 159
967 139 159
968 137 159
969 139 159
970 141 159
971 145 159
972 143 159
973 141 159
974 139 159
975 145 159
976 141 159
977 141 159
978 135 159
979 137 159
980 141 159
981 141 159
982 137 159
983 141 159
984 133 159
985 143 159
986 145 159
987 137 159
988 137 159
989 137 159
990 137 159
991 141 159
992 137 159
993 141 159
994 137 159
995 135 159
996 145 159
997 141 159
998 147 159
999 139 159
1000 141 159
1001 137 159
1002 139 159
1003 137 159
1004 137 159
1005 139 159
1006 139 159
1007 139 159
1008 143 159
1009 139 159
1010 139 159
1011 141 159
1012 145 159
1013 135 159
1014 145 159
1015 135 159
1016 137 159
1017 143 159
1018 139 159
1019 143 159
1020 141 159
1021 139 159
1022 139 159
1023 141 159
1024 141 159
1025 145 159
1026 143 159
1027 145 159
1028 143 159
1029 135 159
1030 137 159
1031 141 159
1032 143 159
1033 141 159
1034 139 159
1035 139 159
1036 139 159
1037 141 159
1038 143 159
1039 139 159
1040 139 159
1041 139 159
1042 145 159
1043 137 159
1044 145 159
1045 139 159
1046 137 159
1047 139 159
1048 139 159
1049 145 159
1050 141 159
1051 137 159
1052 141 159
1053 143 159
1054 139 159
1055 141 159
1056 143 159
1057 143 159
1058 137 159
1059 141 159
1060 141 159
1061 133 159
1062 139 159
1063 137 159
1064 137 159
1065 141 159
1066 143 159
1067 143 159
1068 141 159
1069 137 159
1070 135 159
1071 137 159
1072 139 159
1073 137 159
1074 139 159
1075 139 159
1076 141 159
1077 133 159
1078 139 159
1079 141 159
1080 145 159
1081 137 159
1082 137 159
1083 137 159
1084 145 159
1085 139 159
1086 143 159
1087 141 159
1088 145 159
1089 137 159
1090 141 159
1091 139 159
1092 139 159
1093 137 159
1094 143 159
1095 145 159
1096 135 159
1097 141 159
1098 137 159
1099 141 159
1100 139 159
1101 145 159
1102 139 159
1103 141 159
1104 143 159
1105 133 159
1106 141 159
1107 135 159
1108 139 159
1109 139 159
1110 141 159
1111 141 159
1112 143 159
1113 137 159
1114 139 159
1115 139 159
1116 139 159
1117 141 159
1118 139 159
1119 143 159
1120 147 159
1121 139 159
1122 143 159
1123 135 159
1124 137 159
1125 139 159
1126 137 159
1127 139 159
1128 141 159
1129 147 159
1130 141 159
1131 145 159
1132 143 159
1133 135 159
1134 137 159
1135 135 159
1136 141 159
1137 141 159
1138 137 159
1139 145 159
1140 137 159
1141 145 159
1142 141 159
1143 139 159
1144 139 159
1145 145 159
1146 137 159
1147 143 159
1148 141 159
1149 139 159
1150 141 159
1151 141 159
1152 139 159
1153 137 159
1154 141 159
1155 141 159
1156 135 159
1157 137 159
1158 141 159
1159 145 159
1160 139 159
1161 141 159
1162 141 159
1163 143 159
1164 145 159
1165 141 159
1166 143 159
1167 143 159
1168 143 159
1169 143 159
1170 145 159
1171 139 159
1172 143 159
1173 145 159
1174 141 159
1175 137 159
1176 137 159
1177 137 159
1178 139 159
1179 143 159
1180 141 159
1181 135 159
1182 143 159
1183 139 159
1184 145 159
1185 139 159
1186 141 159
1187 145 159
1188 145 159
1189 149 159
1190 139 159
1191 145 159
1192 137 159
1193 147 159
1194 141 159
1195 139 159
1196 135 159
1197 145 159
1198 139 159
1199 141 159
1200 133 159
1201 141 159
1202 137 159
1203 141 159
1204 137 159
1205 143 159
1206 143 159
1207 137 159
1208 139 159
1209 143 159
1210 135 159
1211 139 159
1212 145 159
1213 133 159
1214 137 159
1215 139 159
1216 139 159
1217 141 159
1218 139 159
1219 135 159
1220 137 159
1221 145 159
1222 137 159
1223 139 159
1224 141 159
1225 145 159
1226 145 159
1227 141 159
1228 141 159
1229 139 159
1230 137 159
1231 145 159
1232 139 159
1233 141 159
1234 145 159
1235 143 159
1236 139 159
1237 141 159
1238 135 159
1239 139 159
1240 143 159
1241 145 159
1242 135 159
1243 141 159
1244 139 159
1245 145 159
1246 141 159
1247 135 159
1248 133 159
1249 143 159
1250 141 159
1251 139 159
1252 141 159
1253 137 159
1254 143 159
1255 143 159
1256 145 159
1257 141 159
1258 141 159
1259 137 159
1260 141 159
1261 143 159
1262 137 159
1263 137 159
1264 141 159
1265 139 159
1266 137 159
1267 145 159
1268 141 159
1269 141 159
1270 141 159
1271 147 159
1272 141 159
1273 141 159
1274 139 159
1275 149 159
1276 141 159
1277 145 159
1278 139 159
1279 143 159
1280 133 159
1281 145 159
1282 145 159
1283 137 159
1284 141 159
1285 135 159
1286 143 159
1287 137 159
1288 139 159
1289 143 159
1290 143 159
1291 141 159
1292 141 159
1293 143 159
1294 143 159
1295 139 159
1296 135 159
1297 137 159
1298 135 159
1299 139 159
1300 135 159
1301 141 159
1302 143 159
1303 141 159
1304 141 159
1305 137 159
1306 137 159
1307 143 159
1308 143 159
1309 139 159
1310 139 159
1311 135 159
1312 143 159
1313 131 159
1314 143 159
1315 141 159
1316 137 159
1317 145 159
1318 135 159
1319 145 159
1320 139 159
1321 139 159
1322 143 159
1323 135 159
1324 145 159
1325 139 159
1326 139 159
1327 141 159
1328 141 159
1329 141 159
1330 141 159
1331 145 159
1332 137 159
1333 139 159
1334 139 159
1335 143 159
1336 133 159
1337 145 159
1338 139 159
1339 143 159
1340 141 159
1341 137 159
1342 143 159
1343 143 159
1344 145 159
1345 137 159
1346 137 159
1347 143 159
1348 141 159
1349 145 159
1350 139 159
1351 141 159
1352 135 159
1353 141 159
1354 137 159
1355 143 159
1356 143 159
1357 139 159
1358 141 159
1359 139 159
1360 145 159
1361 139 159
1362 135 159
1363 139 159
1364 141 159
1365 139 159
1366 137 159
1367 141 159
1368 137 159
1369 137 159
1370 141 159
1371 141 159
1372 143 159
1373 137 159
1374 141 159
1375 139 159
1376 139 159
1377 141 159
1378 135 159
1379 141 159
1380 143 159
1381 137 159
1382 141 159
1383 139 159
1384 139 159
1385 141 159
1386 145 159
1387 135 159
1388 141 159
1389 131 159
1390 139 159
1391 143 159
1392 147 159
1393 135 159
1394 139 159
1395 139 159
1396 141 159
1397 139 159
1398 147 159
1399 137 159
1400 139 159
1401 135 159
1402 133 159
1403 147 159
1404 145 159
1405 139 159
1406 143 159
1407 137 159
1408 137 159
1409 145 159
1410 141 159
1411 143 159
1412 137 159
1413 139 159
1414 143 159
1415 137 159
1416 139 159
1417 137 159
1418 139 159
1419 139 159
1420 135 159
1421 143 159
1422 143 159
1423 135 159
1424 141 159
1425 135 159
1426 137 159
1427 137 159
1428 139 159
1429 141 159
1430 141 159
1431 143 159
1432 143 159
1433 139 159
1434 137 159
1435 141 159
1436 137 159
1437 143 159
1438 139 159
1439 141 159
1440 145 159
1441 141 159
1442 139 159
1443 147 159
1444 145 159
1445 139 159
1446 137 159
1447 139 159
1448 141 159
1449 137 159
1450 143 159
1451 135 159
1452 143 159
1453 141 159
1454 137 159
1455 137 159
1456 137 159
1457 143 159
1458 143 159
1459 139 159
1460 139 159
1461 137 159
1462 141 159
1463 143 159
1464 143 159
1465 145 159
1466 139 159
1467 139 159
1468 143 159
1469 137 159
1470 141 159
1471 139 159
1472 137 159
1473 143 159
1474 143 159
1475 141 159
1476 141 159
1477 133 159
1478 139 159
1479 145 159
1480 139 159
1481 137 159
1482 133 159
1483 137 159
1484 139 159
1485 141 159
1486 145 159
1487 143 159
1488 141 159
1489 139 159
1490 139 159
1491 137 159
1492 139 159
1493 143 159
1494 137 159
1495 143 159
1496 137 159
1497 143 159
1498 141 159
1499 141 159
1500 137 159
1501 141 159
1502 139 159
1503 141 159
1504 141 159
1505 141 159
1506 145 159
1507 143 159
1508 137 159
1509 143 159
1510 135 159
1511 135 159
1512 147 159
1513 139 159
1514 143 159
1515 143 159
1516 137 159
1517 137 159
1518 143 159
1519 141 159
1520 139 159
1521 147 159
1522 139 159
1523 135 159
1524 135 159
1525 135 159
1526 145 159
1527 143 159
1528 137 159
1529 147 159
1530 143 159
1531 145 159
1532 141 159
1533 139 159
1534 141 159
1535 141 159
1536 137 159
1537 139 159
1538 143 159
1539 141 159
1540 139 159
1541 145 159
1542 143 159
1543 141 159
1544 139 159
1545 137 159
1546 137 159
1547 141 159
1548 141 159
1549 141 159
1550 143 159
1551 137 159
1552 137 159
1553 137 159
1554 143 159
1555 141 159
1556 137 159
1557 135 159
1558 139 159
1559 137 159
1560 139 159
1561 139 159
1562 145 159
1563 141 159
1564 147 159
1565 143 159
1566 145 159
1567 141 159
1568 139 159
1569 135 159
1570 141 159
1571 145 159
1572 139 159
1573 141 159
1574 141 159
1575 137 159
1576 139 159
1577 143 159
1578 137 159
1579 139 159
1580 141 159
1581 139 159
1582 139 159
1583 143 159
1584 141 159
1585 141 159
1586 143 159
1587 141 159
1588 143 159
1589 143 159
1590 139 159
1591 145 159
1592 133 159
1593 137 159
1594 143 159
1595 135 159
1596 139 159
1597 137 159
1598 141 159
1599 145 159
1600 141 159
1601 141 159
1602 135 159
1603 135 159
1604 141 159
1605 139 159
1606 145 159
1607 143 159
1608 139 159
1609 141 159
1610 141 159
1611 143 159
1612 145 159
1613 141 159
1614 141 159
1615 139 159
1616 137 159
1617 139 159
1618 143 159
1619 141 159
1620 141 159
1621 137 159
1622 145 159
1623 141 159
1624 143 159
1625 143 159
1626 139 159
1627 143 159
1628 139 159
1629 141 159
1630 137 159
1631 139 159
1632 139 159
1633 139 159
1634 139 159
1635 135 159
1636 141 159
1637 139 159
1638 141 159
1639 139 159
1640 139 159
1641 139 159
1642 139 159
1643 141 159
1644 137 159
1645 133 159
1646 141 159
1647 135 159
1648 133 159
1649 141 159
1650 141 159
1651 137 159
1652 143 159
1653 141 159
1654 135 159
1655 141 159
1656 137 159
1657 145 159
1658 141 159
1659 145 159
1660 143 159
1661 137 159
1662 143 159
1663 141 159
1664 139 159
1665 141 159
1666 139 159
1667 143 159
1668 141 159
1669 137 159
1670 139 159
1671 137 159
1672 141 159
1673 141 159
1674 143 159
1675 145 159
1676 137 159
1677 141 159
1678 141 159
1679 133 159
1680 137 159
1681 135 159
1682 137 159
1683 137 159
1684 143 159
1685 141 159
1686 143 159
1687 141 159
1688 137 159
1689 135 159
1690 137 159
1691 141 159
1692 145 159
1693 145 159
1694 137 159
1695 143 159
1696 143 159
1697 139 159
1698 143 159
1699 139 159
1700 139 159
1701 143 159
1702 141 159
1703 143 159
1704 141 159
1705 137 159
1706 135 159
1707 137 159
1708 135 159
1709 141 159
1710 141 159
1711 139 159
1712 141 159
1713 139 159
1714 137 159
1715 143 159
1716 141 159
1717 139 159
1718 139 159
1719 137 159
1720 133 159
1721 141 159
1722 137 159
1723 141 159
1724 141 159
1725 135 159
1726 137 159
1727 143 159
1728 141 159
1729 143 159
1730 141 159
1731 135 159
1732 137 159
1733 143 159
1734 139 159
1735 141 159
1736 147 159
1737 143 159
1738 137 159
1739 141 159
1740 139 159
1741 135 159
1742 141 159
1743 139 159
1744 139 159
1745 135 159
1746 143 159
1747 143 159
1748 137 159
1749 145 159
1750 139 159
1751 137 159
1752 143 159
1753 141 159
1754 135 159
1755 139 159
1756 141 159
1757 143 159
1758 143 159
1759 143 159
1760 139 159
1761 145 159
1762 137 159
1763 133 159
1764 143 159
1765 137 159
1766 143 159
1767 141 159
1768 143 159
1769 139 159
1770 137 159
1771 137 159
1772 139 159
1773 143 159
1774 143 159
1775 139 159
1776 143 159
1777 137 159
1778 141 159
1779 145 159
1780 141 159
1781 135 159
1782 139 159
1783 145 159
1784 133 159
1785 139 159
1786 145 159
1787 141 159
1788 141 159
1789 141 159
1790 139 159
1791 135 159
1792 141 159
1793 145 159
1794 143 159
1795 147 159
1796 139 159
