iter "mejor iteracion actual" "mejor encontrado"
0 417 417
1 421 421
2 419 421
3 422 422
4 424 424
5 423 424
6 420 424
7 424 424
8 422 424
9 416 424
10 416 424
11 422 424
12 425 425
13 421 425
14 423 425
15 424 425
16 420 425
17 423 425
18 424 425
19 422 425
20 421 425
21 417 425
22 420 425
23 424 425
24 425 425
25 421 425
26 420 425
27 424 425
28 422 425
29 418 425
30 423 425
31 423 425
32 421 425
33 418 425
34 423 425
35 419 425
36 426 426
37 422 426
38 415 426
39 422 426
40 420 426
41 425 426
42 423 426
43 420 426
44 415 426
45 423 426
46 416 426
47 424 426
48 419 426
49 422 426
50 421 426
51 423 426
52 420 426
53 422 426
54 421 426
55 422 426
56 415 426
57 420 426
58 424 426
59 421 426
60 426 426
61 424 426
62 421 426
63 421 426
64 422 426
65 424 426
66 423 426
67 425 426
68 420 426
69 415 426
70 423 426
71 420 426
72 419 426
73 425 426
74 425 426
75 422 426
76 423 426
77 424 426
78 422 426
79 417 426
80 423 426
81 422 426
82 418 426
83 419 426
84 422 426
85 421 426
86 425 426
87 422 426
88 423 426
89 418 426
90 426 426
91 417 426
92 416 426
93 423 426
94 425 426
95 413 426
96 422 426
97 421 426
98 422 426
99 419 426
100 424 426
101 425 426
102 423 426
103 418 426
104 419 426
105 422 426
106 415 426
107 425 426
108 419 426
109 422 426
110 420 426
111 420 426
112 424 426
113 420 426
114 423 426
115 420 426
116 425 426
117 419 426
118 422 426
119 423 426
120 423 426
121 420 426
122 424 426
123 423 426
124 422 426
125 419 426
126 427 427
127 424 427
128 422 427
129 417 427
130 423 427
131 421 427
132 422 427
133 423 427
134 419 427
135 420 427
136 423 427
137 418 427
138 417 427
139 419 427
140 424 427
141 418 427
142 423 427
143 415 427
144 420 427
145 422 427
146 425 427
147 415 427
148 424 427
149 417 427
150 421 427
151 426 427
152 423 427
153 415 427
154 423 427
155 422 427
156 425 427
157 419 427
158 422 427
159 415 427
160 418 427
161 427 427
162 422 427
163 421 427
164 425 427
165 411 427
166 419 427
167 420 427
168 414 427
169 422 427
170 418 427
171 424 427
172 422 427
173 426 427
174 416 427
175 422 427
176 421 427
177 419 427
