iter "mejor iteracion actual" "mejor encontrado"
0 418 418
1 416 418
2 424 424
3 420 424
4 417 424
5 420 424
6 414 424
7 417 424
8 421 424
9 422 424
10 420 424
11 415 424
12 422 424
13 418 424
14 423 424
15 420 424
16 425 425
17 413 425
18 420 425
19 421 425
20 419 425
21 415 425
22 417 425
23 415 425
24 419 425
25 419 425
26 420 425
27 417 425
28 414 425
29 422 425
30 421 425
31 416 425
32 419 425
33 419 425
34 417 425
35 423 425
36 413 425
37 417 425
38 417 425
39 421 425
40 424 425
41 417 425
42 425 425
43 417 425
44 412 425
45 420 425
46 416 425
47 416 425
48 424 425
49 420 425
50 420 425
51 421 425
52 412 425
53 422 425
54 419 425
55 416 425
56 418 425
57 419 425
58 417 425
59 417 425
60 421 425
61 417 425
62 421 425
63 419 425
64 421 425
65 420 425
66 418 425
67 418 425
68 417 425
69 418 425
70 425 425
71 415 425
72 424 425
73 417 425
