iter "mejor iteracion actual" "mejor encontrado"
0 373 373
1 373 373
2 373 373
3 373 373
4 373 373
5 373 373
6 373 373
7 373 373
8 373 373
9 373 373
10 373 373
11 373 373
12 373 373
13 373 373
14 373 373
15 375 375
16 375 375
17 375 375
18 375 375
19 375 375
20 375 375
21 375 375
22 375 375
23 375 375
24 375 375
25 375 375
26 375 375
27 375 375
28 375 375
29 375 375
30 375 375
31 375 375
32 375 375
33 375 375
34 375 375
35 375 375
36 375 375
37 375 375
38 375 375
39 375 375
40 375 375
41 375 375
42 375 375
43 375 375
44 375 375
45 375 375
46 375 375
47 375 375
48 375 375
49 375 375
50 375 375
51 375 375
52 375 375
53 375 375
54 375 375
55 375 375
56 375 375
57 375 375
58 375 375
59 375 375
60 375 375
61 375 375
62 375 375
63 375 375
64 375 375
65 375 375
66 375 375
67 375 375
68 375 375
69 375 375
70 375 375
71 375 375
72 375 375
73 375 375
74 375 375
75 375 375
76 375 375
77 375 375
78 375 375
79 375 375
80 375 375
81 375 375
82 375 375
83 375 375
84 375 375
85 375 375
86 375 375
87 375 375
88 375 375
89 375 375
90 375 375
91 375 375
92 375 375
93 375 375
94 375 375
95 375 375
96 375 375
97 375 375
98 375 375
99 375 375
100 375 375
101 375 375
102 375 375
103 375 375
104 375 375
105 375 375
106 375 375
107 375 375
108 375 375
109 375 375
110 375 375
111 375 375
112 377 377
113 377 377
114 377 377
115 377 377
116 377 377
117 377 377
118 377 377
119 377 377
120 377 377
121 377 377
122 377 377
123 377 377
124 377 377
125 377 377
126 377 377
127 377 377
128 377 377
129 377 377
130 378 378
131 378 378
132 378 378
133 378 378
134 378 378
135 378 378
136 378 378
137 378 378
138 378 378
139 378 378
140 378 378
141 378 378
142 378 378
143 378 378
144 378 378
145 378 378
146 378 378
147 378 378
148 378 378
149 378 378
150 378 378
151 378 378
152 378 378
153 378 378
154 378 378
155 378 378
156 378 378
157 378 378
158 378 378
159 378 378
160 378 378
161 378 378
162 378 378
163 378 378
164 378 378
165 378 378
166 378 378
167 378 378
168 378 378
169 378 378
170 378 378
171 378 378
172 378 378
173 378 378
174 378 378
175 378 378
176 378 378
177 378 378
178 378 378
179 378 378
180 378 378
181 378 378
182 378 378
183 378 378
184 378 378
185 378 378
186 378 378
187 378 378
188 378 378
189 378 378
190 378 378
191 378 378
192 378 378
193 378 378
194 378 378
195 378 378
196 378 378
197 378 378
198 378 378
199 378 378
200 378 378
201 378 378
202 378 378
203 378 378
204 378 378
205 378 378
206 378 378
207 378 378
208 378 378
209 378 378
210 378 378
211 378 378
212 378 378
213 378 378
214 378 378
215 378 378
216 378 378
217 378 378
218 378 378
219 378 378
220 378 378
221 378 378
222 378 378
223 378 378
224 378 378
225 378 378
226 378 378
227 378 378
228 378 378
229 378 378
230 378 378
231 378 378
232 378 378
233 378 378
234 378 378
235 378 378
236 378 378
237 378 378
238 378 378
239 378 378
240 378 378
241 378 378
242 378 378
243 378 378
244 378 378
245 378 378
246 378 378
247 378 378
248 378 378
249 378 378
250 378 378
251 378 378
252 378 378
253 378 378
254 378 378
255 378 378
256 378 378
257 378 378
258 378 378
259 378 378
260 378 378
261 378 378
262 378 378
263 378 378
264 378 378
265 378 378
266 378 378
267 378 378
268 378 378
269 378 378
270 378 378
271 378 378
272 378 378
273 378 378
274 378 378
275 378 378
276 378 378
277 378 378
278 378 378
279 378 378
280 378 378
281 378 378
282 378 378
283 378 378
284 378 378
285 378 378
286 378 378
287 378 378
288 378 378
289 378 378
290 378 378
291 378 378
292 378 378
293 378 378
294 378 378
295 378 378
296 378 378
297 378 378
298 378 378
299 378 378
300 378 378
301 378 378
302 378 378
303 378 378
304 378 378
305 378 378
306 378 378
307 378 378
308 378 378
309 378 378
310 378 378
311 378 378
312 378 378
313 378 378
314 378 378
315 378 378
316 378 378
317 378 378
318 378 378
319 378 378
320 378 378
321 378 378
322 378 378
323 378 378
324 378 378
325 378 378
326 378 378
327 378 378
328 378 378
329 378 378
330 378 378
331 378 378
332 378 378
333 378 378
334 378 378
335 378 378
336 378 378
337 378 378
338 378 378
339 378 378
340 378 378
341 378 378
342 378 378
343 378 378
344 378 378
345 378 378
346 378 378
347 378 378
348 378 378
349 378 378
350 378 378
351 378 378
352 378 378
353 378 378
354 378 378
355 378 378
356 378 378
357 378 378
358 378 378
359 378 378
360 378 378
361 378 378
362 378 378
363 378 378
364 378 378
365 378 378
366 378 378
367 378 378
368 378 378
369 378 378
370 378 378
371 378 378
372 378 378
373 378 378
374 378 378
375 378 378
376 378 378
377 378 378
378 378 378
379 378 378
380 378 378
381 378 378
382 378 378
383 378 378
384 378 378
385 378 378
386 378 378
387 378 378
388 378 378
389 378 378
390 378 378
391 378 378
392 378 378
393 378 378
394 378 378
395 378 378
396 378 378
397 378 378
398 378 378
399 378 378
400 378 378
401 378 378
402 378 378
403 378 378
404 378 378
405 378 378
406 378 378
407 378 378
408 378 378
409 378 378
410 378 378
411 378 378
412 378 378
413 378 378
414 378 378
415 378 378
416 378 378
417 378 378
418 378 378
419 378 378
420 378 378
421 378 378
422 378 378
423 378 378
424 378 378
425 378 378
426 378 378
427 378 378
428 378 378
429 378 378
430 378 378
431 378 378
432 378 378
433 378 378
434 378 378
435 378 378
436 378 378
437 378 378
438 378 378
439 378 378
440 378 378
441 378 378
442 378 378
443 378 378
444 378 378
445 378 378
446 378 378
447 378 378
448 378 378
449 378 378
450 378 378
451 378 378
452 378 378
453 378 378
454 378 378
455 378 378
456 378 378
457 378 378
458 378 378
459 378 378
460 378 378
461 378 378
462 378 378
463 378 378
464 378 378
465 378 378
466 378 378
467 378 378
468 378 378
469 378 378
470 378 378
471 378 378
472 378 378
473 378 378
474 378 378
475 378 378
476 378 378
477 378 378
478 378 378
479 378 378
480 378 378
481 378 378
482 378 378
483 378 378
484 378 378
485 378 378
486 378 378
487 378 378
488 378 378
489 378 378
490 378 378
491 378 378
492 378 378
493 378 378
494 378 378
495 378 378
496 378 378
497 378 378
498 378 378
499 378 378
500 378 378
501 378 378
502 378 378
503 378 378
504 378 378
505 378 378
506 378 378
507 378 378
508 378 378
509 378 378
510 378 378
511 378 378
512 378 378
513 378 378
514 378 378
515 378 378
516 378 378
517 378 378
518 378 378
519 378 378
520 378 378
521 378 378
522 378 378
523 378 378
524 378 378
525 378 378
526 378 378
527 378 378
528 378 378
529 378 378
530 378 378
531 378 378
532 378 378
533 378 378
534 378 378
535 378 378
536 378 378
537 378 378
538 378 378
539 378 378
540 378 378
541 378 378
542 378 378
543 378 378
544 378 378
545 378 378
546 378 378
547 378 378
548 378 378
549 378 378
550 378 378
551 378 378
552 378 378
553 378 378
554 378 378
555 378 378
556 378 378
557 378 378
558 378 378
559 378 378
560 378 378
561 378 378
562 378 378
563 378 378
564 378 378
565 378 378
566 378 378
567 378 378
568 378 378
569 378 378
570 378 378
571 378 378
572 378 378
573 378 378
574 378 378
575 378 378
576 378 378
577 378 378
578 378 378
579 378 378
580 378 378
581 378 378
582 378 378
583 378 378
584 378 378
585 378 378
586 378 378
587 378 378
588 378 378
589 378 378
590 378 378
591 378 378
592 378 378
593 378 378
594 378 378
595 378 378
596 378 378
597 378 378
598 378 378
599 378 378
600 378 378
601 378 378
602 378 378
603 378 378
604 378 378
605 378 378
606 378 378
607 378 378
608 378 378
609 378 378
610 378 378
611 378 378
612 378 378
613 378 378
614 378 378
615 378 378
616 378 378
617 378 378
618 378 378
619 378 378
620 378 378
621 378 378
622 378 378
623 378 378
624 378 378
625 378 378
626 378 378
627 378 378
628 378 378
629 378 378
630 378 378
631 378 378
632 378 378
633 378 378
634 378 378
635 378 378
636 378 378
637 378 378
638 378 378
639 378 378
640 378 378
641 378 378
642 378 378
643 378 378
644 378 378
645 378 378
646 378 378
647 378 378
648 378 378
649 378 378
650 378 378
651 378 378
652 378 378
653 378 378
654 378 378
655 378 378
656 378 378
657 378 378
658 378 378
659 378 378
660 378 378
661 378 378
662 378 378
663 378 378
664 378 378
665 378 378
666 378 378
667 378 378
668 378 378
669 378 378
670 378 378
671 378 378
672 378 378
673 378 378
674 378 378
675 378 378
676 378 378
677 378 378
678 378 378
679 378 378
680 378 378
681 378 378
682 378 378
683 378 378
684 378 378
685 378 378
686 378 378
687 378 378
688 378 378
689 378 378
690 378 378
691 378 378
692 378 378
693 378 378
694 378 378
695 378 378
696 378 378
697 378 378
698 378 378
699 378 378
700 378 378
701 378 378
702 378 378
703 378 378
704 378 378
705 378 378
706 378 378
707 378 378
708 378 378
709 378 378
710 378 378
711 378 378
712 378 378
713 378 378
714 378 378
715 378 378
716 378 378
717 378 378
718 378 378
719 378 378
720 378 378
721 378 378
722 378 378
723 378 378
724 378 378
725 378 378
726 378 378
727 378 378
728 378 378
729 378 378
730 378 378
731 378 378
732 378 378
733 378 378
734 378 378
735 378 378
736 378 378
737 378 378
738 378 378
739 378 378
740 378 378
741 378 378
742 378 378
743 378 378
744 378 378
745 378 378
746 378 378
747 378 378
748 378 378
749 378 378
750 378 378
751 378 378
752 378 378
753 378 378
754 378 378
755 378 378
756 378 378
757 378 378
758 378 378
759 378 378
760 378 378
761 378 378
762 378 378
763 378 378
764 378 378
765 378 378
766 378 378
767 378 378
768 378 378
769 378 378
770 378 378
771 378 378
772 378 378
773 378 378
774 378 378
775 378 378
776 378 378
777 378 378
778 378 378
779 378 378
780 378 378
781 378 378
782 378 378
783 378 378
784 378 378
785 378 378
786 378 378
787 378 378
788 378 378
789 378 378
790 378 378
791 378 378
792 378 378
793 378 378
794 378 378
795 378 378
796 378 378
797 378 378
798 378 378
799 378 378
800 378 378
801 378 378
802 378 378
803 378 378
804 378 378
805 378 378
806 378 378
807 378 378
808 378 378
809 378 378
810 378 378
811 378 378
812 378 378
813 378 378
814 378 378
815 378 378
816 378 378
817 378 378
818 378 378
819 378 378
820 378 378
821 378 378
822 378 378
823 378 378
824 378 378
825 378 378
826 378 378
827 378 378
828 378 378
829 378 378
830 378 378
831 378 378
832 378 378
833 378 378
834 378 378
835 378 378
836 378 378
837 378 378
838 378 378
839 378 378
840 378 378
841 378 378
842 378 378
843 378 378
844 378 378
845 378 378
846 378 378
847 378 378
848 378 378
849 378 378
850 378 378
851 378 378
852 378 378
853 378 378
854 378 378
855 378 378
856 378 378
857 378 378
858 378 378
859 378 378
860 378 378
861 378 378
862 378 378
863 378 378
864 378 378
865 378 378
866 378 378
867 378 378
868 378 378
869 378 378
870 378 378
871 378 378
872 378 378
873 378 378
874 378 378
875 378 378
876 378 378
877 378 378
878 378 378
879 378 378
880 378 378
881 378 378
882 378 378
883 378 378
884 378 378
885 378 378
886 378 378
887 378 378
888 378 378
889 378 378
890 378 378
891 378 378
892 378 378
893 378 378
894 378 378
895 378 378
896 378 378
897 378 378
898 378 378
899 378 378
900 378 378
901 378 378
902 378 378
903 378 378
904 378 378
905 378 378
906 378 378
907 378 378
908 378 378
909 378 378
910 378 378
911 378 378
912 378 378
913 378 378
914 378 378
915 378 378
916 378 378
917 378 378
918 378 378
919 378 378
920 378 378
921 378 378
922 378 378
923 378 378
924 378 378
925 378 378
926 378 378
927 378 378
928 378 378
929 378 378
930 378 378
931 378 378
932 378 378
933 378 378
934 378 378
935 378 378
936 378 378
937 378 378
938 378 378
939 378 378
940 378 378
941 378 378
942 378 378
943 378 378
944 378 378
945 378 378
946 378 378
947 378 378
948 378 378
949 378 378
950 378 378
951 378 378
952 378 378
953 378 378
954 378 378
955 378 378
956 378 378
957 378 378
958 378 378
959 378 378
960 378 378
961 378 378
962 378 378
963 378 378
964 378 378
965 378 378
966 378 378
967 378 378
968 378 378
969 378 378
970 378 378
971 378 378
972 378 378
973 378 378
974 378 378
975 378 378
976 378 378
977 378 378
978 378 378
979 378 378
980 378 378
981 378 378
982 378 378
983 378 378
984 378 378
985 378 378
986 378 378
987 378 378
988 378 378
989 378 378
990 378 378
991 378 378
992 378 378
993 378 378
994 378 378
995 378 378
996 378 378
997 378 378
998 378 378
999 378 378
1000 378 378
1001 378 378
1002 378 378
1003 378 378
1004 378 378
1005 378 378
1006 378 378
1007 378 378
1008 378 378
1009 378 378
1010 378 378
1011 378 378
1012 378 378
1013 378 378
1014 378 378
1015 378 378
1016 378 378
1017 378 378
1018 378 378
1019 378 378
1020 378 378
1021 378 378
1022 378 378
1023 378 378
1024 378 378
1025 378 378
1026 378 378
1027 378 378
1028 378 378
1029 378 378
1030 378 378
1031 378 378
1032 378 378
1033 378 378
1034 378 378
1035 378 378
1036 378 378
1037 378 378
1038 378 378
1039 378 378
1040 378 378
1041 378 378
1042 378 378
1043 378 378
1044 378 378
1045 378 378
1046 378 378
1047 378 378
1048 378 378
1049 378 378
1050 378 378
1051 378 378
1052 378 378
1053 378 378
1054 378 378
1055 378 378
1056 378 378
1057 378 378
1058 378 378
1059 378 378
1060 378 378
1061 378 378
1062 378 378
1063 378 378
1064 378 378
1065 378 378
1066 378 378
1067 378 378
1068 378 378
1069 378 378
1070 378 378
1071 378 378
1072 378 378
1073 378 378
1074 378 378
1075 378 378
1076 378 378
1077 378 378
1078 378 378
1079 378 378
1080 378 378
1081 378 378
1082 378 378
1083 378 378
1084 378 378
1085 378 378
1086 378 378
1087 378 378
1088 378 378
1089 378 378
1090 378 378
1091 378 378
1092 378 378
1093 378 378
1094 378 378
1095 378 378
1096 378 378
1097 378 378
1098 378 378
1099 378 378
1100 378 378
1101 378 378
1102 378 378
1103 378 378
1104 378 378
1105 378 378
1106 378 378
1107 378 378
1108 378 378
1109 378 378
1110 378 378
1111 378 378
1112 378 378
1113 378 378
1114 378 378
1115 378 378
1116 378 378
1117 378 378
1118 378 378
1119 378 378
1120 378 378
1121 378 378
1122 378 378
1123 378 378
1124 378 378
1125 378 378
1126 378 378
1127 378 378
1128 378 378
1129 378 378
1130 378 378
1131 378 378
1132 378 378
1133 378 378
1134 378 378
1135 378 378
1136 378 378
1137 378 378
1138 378 378
1139 378 378
1140 378 378
1141 378 378
1142 378 378
1143 378 378
1144 378 378
1145 378 378
1146 378 378
1147 378 378
1148 378 378
1149 378 378
1150 378 378
1151 378 378
1152 378 378
1153 378 378
1154 378 378
1155 378 378
1156 378 378
1157 378 378
1158 378 378
1159 378 378
1160 378 378
1161 378 378
1162 378 378
1163 378 378
1164 378 378
1165 378 378
1166 378 378
1167 378 378
1168 378 378
1169 378 378
1170 378 378
1171 378 378
1172 378 378
1173 378 378
1174 378 378
1175 378 378
1176 378 378
1177 378 378
1178 378 378
1179 378 378
1180 378 378
1181 378 378
1182 378 378
1183 378 378
1184 378 378
1185 378 378
1186 378 378
1187 378 378
1188 378 378
1189 378 378
1190 378 378
1191 378 378
1192 378 378
1193 378 378
1194 378 378
1195 378 378
1196 378 378
1197 378 378
1198 378 378
1199 378 378
1200 378 378
1201 378 378
1202 378 378
1203 378 378
1204 378 378
1205 378 378
1206 378 378
1207 378 378
1208 378 378
1209 378 378
1210 378 378
1211 378 378
1212 378 378
1213 378 378
1214 378 378
1215 378 378
1216 378 378
1217 378 378
1218 378 378
1219 378 378
1220 378 378
1221 380 380
1222 380 380
1223 380 380
1224 380 380
1225 380 380
1226 380 380
1227 380 380
1228 380 380
1229 380 380
1230 380 380
1231 380 380
1232 380 380
1233 380 380
1234 380 380
1235 380 380
1236 380 380
1237 380 380
1238 380 380
1239 380 380
1240 380 380
1241 380 380
1242 380 380
1243 380 380
1244 380 380
1245 380 380
1246 380 380
1247 380 380
1248 380 380
1249 380 380
1250 380 380
1251 380 380
1252 380 380
1253 380 380
1254 380 380
1255 380 380
1256 380 380
1257 380 380
1258 380 380
1259 380 380
1260 380 380
1261 380 380
1262 380 380
1263 380 380
1264 380 380
1265 380 380
1266 380 380
1267 380 380
1268 380 380
1269 380 380
1270 380 380
1271 380 380
1272 380 380
1273 380 380
1274 380 380
1275 380 380
1276 380 380
1277 380 380
1278 380 380
1279 380 380
1280 380 380
1281 380 380
1282 380 380
1283 380 380
1284 380 380
1285 380 380
1286 380 380
1287 380 380
1288 380 380
1289 380 380
1290 380 380
1291 380 380
1292 380 380
1293 380 380
1294 380 380
1295 380 380
1296 380 380
1297 380 380
1298 380 380
1299 380 380
1300 380 380
1301 380 380
1302 380 380
1303 380 380
1304 380 380
1305 380 380
1306 380 380
1307 380 380
1308 380 380
1309 380 380
1310 380 380
1311 380 380
1312 380 380
1313 380 380
1314 380 380
1315 380 380
1316 380 380
1317 380 380
1318 380 380
1319 380 380
1320 380 380
1321 380 380
1322 380 380
1323 380 380
1324 380 380
1325 380 380
1326 380 380
1327 380 380
1328 380 380
1329 380 380
1330 380 380
1331 380 380
1332 380 380
1333 380 380
1334 380 380
1335 380 380
1336 380 380
1337 380 380
1338 380 380
1339 380 380
1340 380 380
1341 380 380
1342 380 380
1343 380 380
1344 380 380
1345 380 380
1346 380 380
1347 380 380
1348 380 380
1349 380 380
1350 380 380
1351 380 380
1352 380 380
1353 380 380
1354 380 380
1355 380 380
1356 380 380
1357 380 380
1358 380 380
1359 380 380
1360 380 380
1361 380 380
1362 380 380
1363 380 380
1364 380 380
1365 380 380
1366 380 380
1367 380 380
1368 380 380
1369 380 380
1370 380 380
1371 380 380
1372 380 380
1373 380 380
1374 380 380
1375 380 380
1376 380 380
1377 380 380
1378 380 380
1379 380 380
1380 380 380
1381 380 380
1382 380 380
1383 380 380
1384 380 380
1385 380 380
1386 380 380
1387 380 380
1388 380 380
1389 380 380
1390 380 380
1391 380 380
1392 380 380
1393 380 380
1394 380 380
1395 380 380
1396 380 380
1397 380 380
1398 380 380
1399 380 380
1400 380 380
1401 380 380
1402 380 380
1403 380 380
1404 380 380
1405 380 380
1406 380 380
1407 380 380
1408 380 380
1409 380 380
1410 380 380
1411 380 380
1412 380 380
1413 380 380
1414 380 380
1415 380 380
1416 380 380
1417 380 380
1418 380 380
1419 380 380
1420 380 380
1421 380 380
1422 380 380
1423 380 380
1424 380 380
1425 380 380
1426 380 380
1427 380 380
1428 380 380
1429 380 380
1430 380 380
1431 380 380
1432 380 380
1433 380 380
1434 380 380
1435 380 380
1436 380 380
1437 380 380
1438 380 380
1439 380 380
1440 380 380
1441 380 380
1442 380 380
1443 380 380
1444 380 380
1445 380 380
1446 380 380
1447 380 380
1448 380 380
1449 380 380
1450 380 380
1451 380 380
1452 380 380
1453 380 380
1454 380 380
1455 380 380
1456 380 380
1457 380 380
1458 380 380
1459 380 380
1460 380 380
1461 380 380
1462 380 380
1463 380 380
1464 380 380
1465 380 380
1466 380 380
1467 380 380
1468 380 380
1469 380 380
1470 380 380
1471 380 380
1472 380 380
1473 380 380
1474 380 380
1475 380 380
1476 380 380
1477 380 380
1478 380 380
1479 380 380
1480 380 380
1481 380 380
1482 380 380
1483 380 380
1484 380 380
1485 380 380
1486 380 380
1487 380 380
1488 380 380
1489 380 380
1490 380 380
1491 380 380
1492 380 380
1493 380 380
1494 380 380
1495 380 380
1496 380 380
1497 380 380
1498 380 380
1499 380 380
1500 380 380
1501 380 380
1502 380 380
1503 380 380
1504 380 380
1505 380 380
1506 380 380
1507 380 380
1508 380 380
1509 380 380
1510 380 380
1511 380 380
1512 380 380
1513 380 380
1514 380 380
1515 380 380
1516 380 380
1517 380 380
1518 380 380
1519 380 380
1520 380 380
1521 380 380
1522 380 380
1523 380 380
1524 380 380
1525 380 380
1526 380 380
1527 380 380
1528 380 380
1529 380 380
1530 380 380
1531 380 380
1532 380 380
1533 380 380
1534 380 380
1535 380 380
1536 380 380
1537 380 380
1538 380 380
1539 380 380
1540 380 380
1541 380 380
1542 380 380
1543 380 380
1544 380 380
1545 380 380
1546 380 380
1547 380 380
1548 380 380
1549 380 380
1550 380 380
1551 380 380
1552 380 380
1553 380 380
1554 380 380
1555 380 380
1556 380 380
1557 380 380
1558 380 380
1559 380 380
1560 380 380
1561 380 380
1562 380 380
1563 380 380
1564 380 380
1565 380 380
1566 380 380
1567 380 380
1568 380 380
1569 380 380
1570 380 380
1571 380 380
1572 380 380
1573 380 380
1574 380 380
1575 380 380
1576 380 380
1577 380 380
1578 380 380
1579 380 380
1580 380 380
1581 380 380
1582 380 380
1583 380 380
1584 380 380
1585 380 380
1586 380 380
1587 380 380
1588 380 380
1589 380 380
1590 380 380
1591 380 380
1592 380 380
1593 380 380
1594 380 380
1595 380 380
1596 380 380
1597 380 380
1598 380 380
1599 380 380
1600 380 380
1601 380 380
1602 380 380
1603 380 380
1604 380 380
1605 380 380
1606 380 380
1607 380 380
1608 380 380
1609 380 380
1610 380 380
1611 380 380
1612 380 380
1613 380 380
1614 380 380
1615 380 380
1616 380 380
1617 380 380
1618 380 380
1619 380 380
1620 380 380
1621 380 380
1622 380 380
1623 380 380
1624 380 380
1625 380 380
1626 380 380
1627 380 380
1628 380 380
1629 380 380
1630 380 380
1631 380 380
1632 380 380
1633 380 380
1634 380 380
1635 380 380
1636 380 380
1637 380 380
1638 380 380
1639 380 380
1640 380 380
1641 380 380
1642 380 380
1643 380 380
1644 380 380
1645 380 380
1646 380 380
1647 380 380
1648 380 380
1649 380 380
1650 380 380
1651 380 380
1652 380 380
1653 380 380
1654 380 380
1655 380 380
1656 380 380
1657 380 380
1658 380 380
1659 380 380
1660 380 380
1661 380 380
1662 380 380
1663 380 380
1664 380 380
1665 380 380
1666 380 380
1667 380 380
1668 380 380
1669 380 380
1670 380 380
1671 380 380
1672 380 380
1673 380 380
1674 380 380
1675 380 380
1676 380 380
1677 380 380
1678 380 380
1679 380 380
1680 380 380
1681 380 380
1682 380 380
1683 380 380
1684 380 380
1685 380 380
1686 380 380
1687 380 380
1688 380 380
1689 380 380
1690 380 380
1691 380 380
1692 380 380
1693 380 380
1694 380 380
1695 380 380
1696 380 380
1697 380 380
1698 380 380
1699 380 380
1700 380 380
1701 380 380
1702 380 380
1703 380 380
1704 380 380
1705 380 380
1706 380 380
1707 380 380
1708 380 380
1709 380 380
1710 380 380
1711 380 380
1712 380 380
1713 380 380
1714 380 380
1715 380 380
1716 380 380
1717 380 380
1718 380 380
1719 380 380
1720 380 380
1721 380 380
1722 380 380
1723 380 380
1724 380 380
1725 380 380
1726 380 380
1727 380 380
1728 380 380
1729 380 380
1730 380 380
1731 380 380
1732 380 380
1733 380 380
1734 380 380
1735 380 380
1736 380 380
1737 380 380
1738 380 380
1739 380 380
1740 380 380
1741 380 380
1742 380 380
1743 380 380
1744 380 380
1745 380 380
1746 380 380
1747 380 380
1748 380 380
1749 380 380
1750 380 380
1751 380 380
1752 380 380
1753 380 380
1754 380 380
1755 380 380
1756 380 380
1757 380 380
1758 380 380
1759 380 380
1760 380 380
1761 380 380
1762 380 380
1763 380 380
1764 380 380
1765 380 380
1766 380 380
1767 380 380
1768 380 380
1769 380 380
1770 380 380
1771 380 380
1772 380 380
1773 380 380
1774 380 380
1775 380 380
1776 380 380
1777 380 380
1778 380 380
1779 380 380
1780 380 380
1781 380 380
1782 380 380
1783 380 380
1784 380 380
1785 380 380
1786 380 380
1787 380 380
1788 380 380
1789 380 380
1790 380 380
1791 380 380
1792 380 380
1793 380 380
1794 380 380
1795 380 380
1796 380 380
1797 380 380
1798 380 380
1799 380 380
1800 380 380
1801 380 380
1802 380 380
1803 380 380
1804 380 380
1805 380 380
1806 380 380
1807 380 380
1808 380 380
1809 380 380
1810 380 380
1811 380 380
1812 380 380
1813 380 380
1814 380 380
1815 380 380
1816 380 380
1817 380 380
1818 380 380
1819 380 380
1820 380 380
1821 380 380
1822 380 380
1823 380 380
1824 380 380
1825 380 380
1826 380 380
1827 380 380
1828 380 380
1829 380 380
1830 380 380
1831 380 380
1832 380 380
1833 380 380
1834 380 380
1835 380 380
1836 380 380
1837 380 380
1838 380 380
1839 380 380
1840 380 380
1841 380 380
1842 380 380
1843 380 380
1844 380 380
1845 380 380
1846 380 380
1847 380 380
1848 380 380
1849 380 380
1850 380 380
1851 380 380
1852 380 380
1853 380 380
1854 380 380
1855 380 380
1856 380 380
1857 380 380
1858 380 380
1859 380 380
1860 380 380
1861 380 380
1862 380 380
1863 380 380
1864 380 380
1865 380 380
1866 380 380
1867 380 380
1868 380 380
1869 380 380
1870 380 380
1871 380 380
1872 380 380
1873 380 380
1874 380 380
1875 380 380
1876 380 380
1877 380 380
1878 380 380
1879 380 380
1880 380 380
1881 380 380
1882 380 380
1883 380 380
1884 380 380
1885 380 380
1886 380 380
1887 380 380
1888 380 380
1889 380 380
1890 380 380
1891 380 380
1892 380 380
1893 380 380
1894 380 380
1895 380 380
1896 380 380
1897 380 380
1898 380 380
1899 380 380
1900 380 380
1901 380 380
1902 380 380
1903 380 380
1904 380 380
1905 380 380
1906 380 380
1907 380 380
1908 380 380
1909 380 380
1910 380 380
1911 380 380
1912 380 380
1913 380 380
1914 380 380
1915 380 380
1916 380 380
1917 380 380
1918 380 380
1919 380 380
1920 380 380
1921 380 380
1922 380 380
1923 380 380
1924 380 380
1925 380 380
1926 380 380
1927 380 380
1928 380 380
1929 380 380
1930 380 380
1931 380 380
1932 380 380
1933 380 380
1934 380 380
1935 380 380
1936 380 380
1937 380 380
1938 380 380
1939 380 380
1940 380 380
1941 380 380
1942 380 380
1943 380 380
1944 380 380
1945 380 380
1946 380 380
1947 380 380
1948 380 380
1949 380 380
1950 380 380
1951 380 380
1952 380 380
1953 380 380
1954 380 380
1955 380 380
1956 380 380
1957 380 380
1958 380 380
1959 380 380
1960 380 380
1961 380 380
1962 380 380
1963 380 380
1964 380 380
1965 380 380
1966 380 380
1967 380 380
1968 380 380
1969 380 380
1970 380 380
1971 380 380
1972 380 380
1973 380 380
1974 380 380
1975 380 380
1976 380 380
1977 380 380
1978 380 380
1979 380 380
1980 380 380
1981 380 380
1982 380 380
1983 380 380
1984 380 380
1985 380 380
1986 380 380
1987 380 380
1988 380 380
1989 380 380
1990 380 380
1991 380 380
1992 380 380
1993 380 380
1994 380 380
1995 380 380
1996 380 380
1997 380 380
1998 380 380
1999 380 380
2000 380 380
2001 380 380
2002 380 380
2003 380 380
2004 380 380
2005 380 380
2006 380 380
2007 380 380
2008 380 380
2009 380 380
2010 380 380
2011 380 380
2012 380 380
2013 380 380
2014 380 380
2015 380 380
2016 380 380
2017 380 380
2018 380 380
2019 380 380
2020 380 380
2021 380 380
2022 380 380
2023 380 380
2024 380 380
2025 380 380
2026 380 380
2027 380 380
2028 380 380
2029 380 380
2030 380 380
2031 380 380
2032 380 380
2033 380 380
2034 380 380
2035 380 380
2036 380 380
2037 380 380
2038 380 380
2039 380 380
2040 380 380
2041 380 380
2042 380 380
2043 380 380
2044 380 380
2045 380 380
2046 380 380
2047 380 380
2048 380 380
2049 380 380
2050 380 380
2051 380 380
2052 380 380
2053 380 380
2054 380 380
2055 380 380
2056 380 380
2057 380 380
2058 380 380
2059 380 380
2060 380 380
2061 380 380
2062 380 380
2063 380 380
2064 380 380
2065 380 380
2066 380 380
2067 380 380
2068 380 380
2069 380 380
2070 380 380
2071 380 380
2072 380 380
2073 380 380
2074 380 380
2075 380 380
2076 380 380
2077 380 380
2078 380 380
2079 380 380
2080 380 380
2081 380 380
2082 380 380
2083 380 380
2084 380 380
2085 380 380
2086 380 380
2087 380 380
2088 380 380
2089 380 380
2090 380 380
2091 380 380
2092 380 380
2093 380 380
2094 380 380
2095 380 380
2096 380 380
2097 380 380
2098 380 380
2099 380 380
2100 380 380
2101 380 380
2102 380 380
2103 380 380
2104 380 380
2105 380 380
2106 380 380
2107 380 380
2108 380 380
2109 380 380
2110 380 380
2111 380 380
2112 380 380
2113 380 380
2114 380 380
2115 380 380
2116 380 380
2117 380 380
2118 380 380
2119 380 380
2120 380 380
2121 380 380
2122 380 380
2123 380 380
2124 380 380
2125 380 380
2126 380 380
2127 380 380
2128 380 380
2129 380 380
2130 380 380
2131 380 380
2132 380 380
2133 380 380
2134 380 380
2135 380 380
2136 380 380
2137 380 380
2138 380 380
2139 380 380
2140 380 380
2141 380 380
2142 380 380
2143 380 380
2144 380 380
2145 380 380
2146 380 380
2147 380 380
2148 380 380
2149 380 380
2150 380 380
2151 380 380
2152 380 380
2153 380 380
2154 380 380
2155 380 380
2156 380 380
2157 380 380
2158 380 380
2159 380 380
2160 380 380
2161 380 380
2162 380 380
2163 380 380
2164 380 380
2165 380 380
2166 380 380
2167 380 380
2168 380 380
2169 380 380
2170 380 380
2171 380 380
2172 380 380
2173 380 380
2174 380 380
2175 380 380
2176 380 380
2177 380 380
2178 380 380
2179 380 380
2180 380 380
2181 380 380
2182 380 380
2183 380 380
2184 380 380
2185 380 380
2186 380 380
2187 380 380
2188 380 380
2189 380 380
2190 380 380
2191 380 380
2192 380 380
2193 380 380
2194 380 380
2195 380 380
2196 380 380
2197 380 380
2198 380 380
2199 380 380
2200 380 380
2201 381 381
2202 381 381
2203 381 381
2204 381 381
2205 381 381
2206 381 381
2207 381 381
2208 381 381
2209 381 381
2210 381 381
2211 381 381
2212 381 381
2213 381 381
2214 381 381
2215 381 381
2216 381 381
2217 381 381
2218 381 381
2219 381 381
2220 381 381
2221 381 381
2222 381 381
2223 381 381
2224 381 381
2225 381 381
2226 381 381
2227 381 381
2228 381 381
2229 381 381
2230 381 381
2231 381 381
2232 381 381
2233 381 381
2234 381 381
2235 381 381
2236 381 381
2237 381 381
2238 381 381
2239 381 381
2240 381 381
2241 381 381
2242 381 381
2243 381 381
2244 381 381
2245 381 381
2246 381 381
2247 381 381
2248 381 381
2249 381 381
2250 381 381
2251 381 381
2252 381 381
2253 381 381
2254 381 381
2255 381 381
2256 381 381
2257 381 381
2258 381 381
2259 381 381
2260 381 381
2261 381 381
2262 381 381
2263 381 381
2264 381 381
2265 381 381
2266 381 381
2267 381 381
2268 381 381
2269 381 381
2270 381 381
2271 381 381
2272 381 381
2273 381 381
2274 381 381
2275 381 381
2276 381 381
2277 381 381
2278 381 381
2279 381 381
2280 381 381
2281 381 381
2282 381 381
2283 381 381
2284 381 381
2285 381 381
2286 381 381
2287 381 381
2288 381 381
2289 381 381
2290 381 381
2291 381 381
2292 381 381
2293 381 381
2294 381 381
2295 381 381
2296 381 381
2297 381 381
2298 381 381
2299 381 381
2300 381 381
2301 381 381
2302 381 381
2303 381 381
2304 381 381
2305 381 381
2306 381 381
2307 381 381
2308 381 381
2309 381 381
2310 381 381
2311 381 381
2312 381 381
2313 381 381
2314 381 381
2315 381 381
2316 381 381
2317 381 381
2318 381 381
2319 381 381
2320 381 381
2321 381 381
2322 381 381
2323 381 381
2324 381 381
2325 381 381
2326 381 381
2327 381 381
2328 381 381
2329 381 381
2330 381 381
2331 381 381
2332 381 381
2333 381 381
2334 381 381
2335 381 381
2336 381 381
2337 381 381
2338 381 381
2339 381 381
2340 381 381
2341 381 381
2342 381 381
2343 381 381
2344 381 381
2345 381 381
2346 381 381
2347 381 381
2348 381 381
2349 381 381
2350 381 381
2351 381 381
2352 381 381
2353 381 381
2354 381 381
2355 381 381
2356 381 381
2357 381 381
2358 381 381
2359 381 381
2360 381 381
2361 381 381
2362 381 381
2363 381 381
2364 381 381
2365 381 381
2366 381 381
2367 381 381
2368 381 381
2369 381 381
2370 381 381
2371 381 381
2372 381 381
2373 381 381
2374 381 381
2375 381 381
2376 381 381
2377 381 381
2378 381 381
2379 381 381
2380 381 381
2381 381 381
2382 381 381
2383 381 381
2384 381 381
2385 381 381
2386 381 381
2387 381 381
2388 381 381
2389 381 381
2390 381 381
2391 381 381
2392 381 381
2393 381 381
2394 381 381
2395 381 381
2396 381 381
2397 381 381
2398 381 381
2399 381 381
2400 381 381
2401 381 381
2402 381 381
2403 381 381
2404 381 381
2405 381 381
2406 381 381
2407 381 381
2408 381 381
2409 381 381
2410 381 381
2411 381 381
2412 381 381
2413 381 381
2414 381 381
2415 381 381
2416 381 381
2417 381 381
2418 381 381
2419 381 381
2420 381 381
2421 381 381
2422 381 381
2423 381 381
2424 381 381
2425 381 381
2426 381 381
2427 381 381
2428 381 381
2429 381 381
2430 381 381
2431 381 381
2432 381 381
2433 381 381
2434 381 381
2435 381 381
2436 381 381
2437 381 381
2438 381 381
2439 381 381
2440 381 381
2441 381 381
2442 381 381
2443 381 381
2444 381 381
2445 381 381
2446 381 381
2447 381 381
2448 381 381
2449 381 381
2450 381 381
2451 381 381
2452 381 381
2453 381 381
2454 381 381
2455 381 381
2456 381 381
2457 381 381
2458 381 381
2459 381 381
2460 381 381
2461 381 381
2462 381 381
2463 381 381
2464 381 381
2465 381 381
2466 381 381
2467 381 381
2468 381 381
2469 381 381
2470 381 381
2471 381 381
2472 381 381
2473 381 381
2474 381 381
2475 381 381
2476 381 381
2477 381 381
2478 381 381
2479 381 381
2480 381 381
2481 381 381
2482 381 381
2483 381 381
2484 381 381
2485 381 381
2486 381 381
2487 381 381
2488 381 381
2489 381 381
2490 381 381
2491 381 381
2492 381 381
2493 381 381
2494 381 381
2495 381 381
2496 381 381
2497 381 381
2498 381 381
2499 381 381
2500 381 381
2501 381 381
2502 381 381
2503 381 381
2504 381 381
2505 381 381
2506 381 381
2507 381 381
2508 381 381
2509 381 381
2510 381 381
2511 381 381
2512 381 381
2513 381 381
2514 381 381
2515 381 381
2516 381 381
2517 381 381
2518 381 381
2519 381 381
2520 381 381
2521 381 381
2522 381 381
2523 381 381
2524 381 381
2525 381 381
2526 381 381
2527 381 381
2528 381 381
2529 381 381
2530 381 381
2531 381 381
2532 381 381
2533 381 381
2534 381 381
2535 381 381
2536 381 381
2537 381 381
2538 381 381
2539 381 381
2540 381 381
2541 381 381
2542 381 381
2543 381 381
2544 381 381
2545 381 381
2546 381 381
2547 381 381
2548 381 381
2549 381 381
2550 381 381
2551 381 381
2552 381 381
2553 381 381
2554 381 381
2555 381 381
2556 381 381
2557 381 381
2558 381 381
2559 381 381
2560 381 381
2561 381 381
2562 381 381
2563 381 381
2564 381 381
2565 381 381
2566 381 381
2567 381 381
2568 381 381
2569 381 381
2570 381 381
2571 381 381
2572 381 381
2573 381 381
2574 381 381
2575 381 381
2576 381 381
2577 381 381
2578 381 381
2579 381 381
2580 381 381
2581 381 381
2582 381 381
2583 381 381
2584 381 381
2585 381 381
2586 381 381
2587 381 381
2588 381 381
2589 381 381
2590 381 381
2591 381 381
2592 381 381
2593 381 381
2594 381 381
2595 381 381
2596 381 381
2597 381 381
2598 381 381
2599 381 381
2600 381 381
2601 381 381
2602 381 381
2603 381 381
2604 381 381
2605 381 381
2606 381 381
2607 381 381
2608 381 381
2609 381 381
2610 381 381
2611 381 381
2612 381 381
2613 381 381
2614 381 381
2615 381 381
2616 381 381
2617 381 381
2618 381 381
2619 381 381
2620 381 381
2621 381 381
2622 381 381
2623 381 381
2624 381 381
2625 381 381
2626 381 381
2627 381 381
2628 381 381
2629 381 381
2630 381 381
2631 381 381
2632 381 381
2633 381 381
2634 381 381
2635 381 381
2636 381 381
2637 381 381
2638 381 381
2639 381 381
2640 381 381
2641 381 381
2642 381 381
2643 381 381
2644 381 381
2645 381 381
2646 381 381
2647 381 381
2648 381 381
2649 381 381
2650 381 381
2651 381 381
2652 381 381
2653 381 381
2654 381 381
2655 381 381
2656 381 381
2657 381 381
2658 381 381
2659 381 381
2660 381 381
2661 381 381
2662 381 381
2663 381 381
2664 381 381
2665 381 381
2666 381 381
2667 381 381
2668 381 381
2669 381 381
2670 381 381
2671 381 381
2672 381 381
2673 381 381
2674 381 381
2675 381 381
2676 381 381
2677 381 381
2678 381 381
2679 381 381
2680 381 381
2681 381 381
2682 381 381
2683 381 381
2684 381 381
2685 381 381
2686 381 381
2687 381 381
2688 381 381
2689 381 381
2690 381 381
2691 381 381
2692 381 381
2693 381 381
2694 381 381
2695 381 381
2696 381 381
2697 381 381
2698 381 381
2699 381 381
2700 381 381
2701 381 381
2702 381 381
2703 381 381
2704 381 381
2705 381 381
2706 381 381
2707 381 381
2708 381 381
2709 381 381
2710 381 381
2711 381 381
2712 381 381
2713 381 381
2714 381 381
2715 381 381
2716 381 381
2717 381 381
2718 381 381
2719 381 381
2720 381 381
2721 381 381
2722 381 381
2723 381 381
2724 381 381
2725 381 381
2726 381 381
2727 381 381
2728 381 381
2729 381 381
2730 381 381
2731 381 381
2732 381 381
2733 381 381
2734 381 381
2735 381 381
2736 381 381
2737 381 381
2738 381 381
2739 381 381
2740 381 381
2741 381 381
2742 381 381
2743 381 381
2744 381 381
2745 381 381
2746 381 381
2747 381 381
2748 381 381
2749 381 381
2750 381 381
2751 381 381
2752 381 381
2753 381 381
2754 381 381
2755 381 381
2756 381 381
2757 381 381
2758 381 381
2759 381 381
2760 381 381
2761 381 381
2762 381 381
2763 381 381
2764 381 381
2765 381 381
2766 381 381
2767 381 381
2768 381 381
2769 381 381
2770 381 381
2771 381 381
2772 381 381
2773 381 381
2774 381 381
2775 381 381
2776 381 381
2777 381 381
2778 381 381
2779 381 381
2780 381 381
2781 381 381
2782 381 381
2783 381 381
2784 381 381
2785 381 381
2786 381 381
2787 381 381
2788 381 381
2789 381 381
2790 381 381
2791 381 381
2792 381 381
2793 381 381
2794 381 381
2795 381 381
2796 381 381
2797 381 381
2798 381 381
2799 381 381
2800 381 381
2801 381 381
2802 381 381
2803 381 381
2804 381 381
2805 381 381
2806 381 381
2807 381 381
2808 381 381
2809 381 381
2810 381 381
2811 381 381
2812 381 381
2813 381 381
2814 381 381
2815 381 381
2816 381 381
2817 381 381
2818 381 381
2819 381 381
2820 381 381
2821 381 381
2822 381 381
2823 381 381
2824 381 381
2825 381 381
2826 381 381
2827 381 381
2828 381 381
2829 381 381
2830 381 381
2831 381 381
2832 381 381
2833 381 381
2834 381 381
2835 381 381
2836 381 381
2837 381 381
2838 381 381
2839 381 381
2840 381 381
2841 381 381
2842 381 381
2843 381 381
2844 381 381
2845 381 381
2846 381 381
2847 381 381
2848 381 381
2849 381 381
2850 381 381
2851 381 381
2852 381 381
2853 381 381
2854 381 381
2855 381 381
2856 381 381
2857 381 381
2858 381 381
2859 381 381
2860 381 381
2861 381 381
2862 381 381
2863 381 381
2864 381 381
2865 381 381
2866 381 381
2867 381 381
2868 381 381
2869 381 381
2870 381 381
2871 381 381
2872 381 381
2873 381 381
2874 381 381
2875 381 381
2876 381 381
2877 381 381
2878 381 381
2879 381 381
2880 381 381
2881 381 381
2882 381 381
2883 381 381
2884 381 381
2885 381 381
2886 381 381
2887 381 381
2888 381 381
2889 381 381
2890 381 381
2891 381 381
2892 381 381
2893 381 381
2894 381 381
2895 381 381
2896 381 381
2897 381 381
2898 381 381
2899 381 381
2900 381 381
2901 381 381
2902 381 381
2903 381 381
2904 381 381
2905 381 381
2906 381 381
2907 381 381
2908 381 381
2909 381 381
2910 381 381
2911 381 381
2912 381 381
2913 381 381
2914 381 381
2915 381 381
2916 381 381
2917 381 381
2918 381 381
2919 381 381
2920 381 381
2921 381 381
2922 381 381
2923 381 381
2924 381 381
2925 381 381
2926 381 381
2927 381 381
2928 381 381
2929 381 381
2930 381 381
2931 381 381
2932 381 381
2933 381 381
2934 381 381
2935 381 381
2936 381 381
2937 381 381
2938 381 381
2939 381 381
2940 381 381
2941 381 381
2942 381 381
2943 381 381
2944 381 381
2945 381 381
2946 381 381
2947 381 381
2948 381 381
2949 381 381
2950 381 381
2951 381 381
2952 381 381
2953 381 381
2954 381 381
2955 381 381
2956 381 381
2957 381 381
2958 381 381
2959 381 381
2960 381 381
2961 381 381
2962 381 381
2963 381 381
2964 381 381
2965 381 381
2966 381 381
2967 381 381
2968 381 381
2969 381 381
2970 381 381
2971 381 381
2972 381 381
2973 381 381
2974 381 381
2975 381 381
2976 381 381
2977 381 381
2978 381 381
2979 381 381
2980 381 381
2981 381 381
2982 381 381
2983 381 381
2984 381 381
2985 381 381
2986 381 381
2987 381 381
2988 381 381
2989 381 381
2990 381 381
2991 381 381
2992 381 381
2993 381 381
2994 381 381
2995 381 381
2996 381 381
2997 381 381
2998 381 381
2999 381 381
3000 381 381
3001 381 381
3002 381 381
3003 381 381
3004 381 381
3005 381 381
3006 381 381
3007 381 381
3008 381 381
3009 381 381
3010 381 381
3011 381 381
3012 381 381
3013 381 381
3014 381 381
3015 381 381
3016 381 381
3017 381 381
3018 381 381
3019 381 381
3020 381 381
3021 381 381
3022 381 381
3023 381 381
3024 381 381
3025 381 381
3026 381 381
3027 381 381
3028 381 381
3029 381 381
3030 381 381
3031 381 381
3032 381 381
3033 381 381
3034 381 381
3035 381 381
3036 381 381
3037 381 381
3038 381 381
3039 381 381
3040 381 381
3041 381 381
3042 381 381
3043 381 381
3044 381 381
3045 381 381
3046 381 381
3047 381 381
3048 381 381
3049 381 381
3050 381 381
3051 381 381
3052 381 381
3053 381 381
3054 381 381
3055 381 381
3056 381 381
3057 381 381
3058 381 381
3059 381 381
3060 381 381
3061 381 381
3062 381 381
3063 381 381
3064 381 381
3065 381 381
3066 381 381
3067 381 381
3068 381 381
3069 381 381
3070 381 381
3071 381 381
3072 381 381
3073 381 381
3074 381 381
3075 381 381
3076 381 381
3077 381 381
3078 381 381
3079 381 381
3080 381 381
3081 381 381
3082 381 381
3083 381 381
3084 381 381
3085 381 381
3086 381 381
3087 381 381
3088 381 381
3089 381 381
3090 381 381
3091 381 381
3092 381 381
3093 381 381
3094 381 381
3095 381 381
3096 381 381
3097 381 381
3098 381 381
3099 381 381
3100 381 381
3101 381 381
3102 381 381
3103 381 381
3104 381 381
3105 381 381
3106 381 381
3107 381 381
3108 381 381
3109 381 381
3110 381 381
3111 381 381
3112 381 381
3113 381 381
3114 381 381
3115 381 381
3116 381 381
3117 381 381
3118 381 381
3119 381 381
3120 381 381
3121 381 381
3122 381 381
3123 381 381
3124 381 381
3125 381 381
3126 381 381
3127 381 381
3128 381 381
3129 381 381
3130 381 381
3131 381 381
3132 381 381
3133 381 381
3134 381 381
3135 381 381
3136 381 381
3137 381 381
3138 381 381
3139 381 381
3140 381 381
3141 381 381
3142 381 381
3143 381 381
3144 381 381
3145 381 381
3146 381 381
3147 381 381
3148 381 381
3149 381 381
3150 381 381
3151 381 381
3152 381 381
3153 381 381
3154 381 381
3155 381 381
3156 381 381
3157 381 381
3158 381 381
3159 381 381
3160 381 381
3161 381 381
3162 381 381
3163 381 381
3164 381 381
3165 381 381
3166 381 381
3167 381 381
3168 381 381
3169 381 381
3170 381 381
3171 381 381
3172 381 381
3173 381 381
3174 381 381
3175 381 381
3176 381 381
3177 381 381
3178 381 381
3179 381 381
3180 381 381
3181 381 381
3182 381 381
3183 381 381
3184 381 381
3185 381 381
3186 381 381
3187 381 381
3188 381 381
3189 381 381
3190 381 381
3191 381 381
3192 381 381
3193 381 381
3194 381 381
3195 381 381
3196 381 381
3197 381 381
3198 381 381
3199 381 381
3200 381 381
3201 381 381
3202 381 381
3203 381 381
3204 381 381
3205 381 381
3206 381 381
3207 381 381
3208 381 381
3209 381 381
3210 381 381
3211 381 381
3212 381 381
3213 381 381
3214 381 381
3215 381 381
3216 381 381
3217 381 381
3218 381 381
3219 381 381
3220 381 381
3221 381 381
3222 381 381
3223 381 381
3224 381 381
3225 381 381
3226 381 381
3227 381 381
3228 381 381
3229 381 381
3230 381 381
3231 381 381
3232 381 381
3233 381 381
3234 381 381
3235 381 381
3236 381 381
3237 381 381
3238 381 381
3239 381 381
3240 381 381
3241 381 381
3242 381 381
3243 381 381
3244 381 381
3245 381 381
3246 381 381
3247 381 381
3248 381 381
3249 381 381
3250 381 381
3251 381 381
3252 381 381
3253 381 381
3254 381 381
3255 381 381
3256 381 381
3257 381 381
3258 381 381
3259 381 381
3260 381 381
3261 381 381
3262 381 381
3263 381 381
3264 381 381
3265 381 381
3266 381 381
3267 381 381
3268 381 381
3269 381 381
3270 381 381
3271 381 381
3272 381 381
3273 381 381
3274 381 381
3275 381 381
3276 381 381
3277 381 381
3278 381 381
3279 381 381
3280 381 381
3281 381 381
3282 381 381
3283 381 381
3284 381 381
3285 381 381
3286 381 381
3287 381 381
3288 381 381
3289 381 381
3290 381 381
3291 381 381
3292 381 381
3293 381 381
3294 381 381
3295 381 381
3296 381 381
3297 381 381
3298 381 381
3299 381 381
3300 381 381
3301 381 381
3302 381 381
3303 381 381
3304 381 381
3305 381 381
3306 381 381
3307 381 381
3308 381 381
3309 381 381
3310 381 381
3311 381 381
3312 381 381
3313 381 381
3314 381 381
3315 381 381
3316 381 381
3317 381 381
3318 381 381
3319 381 381
3320 381 381
3321 381 381
3322 381 381
3323 381 381
3324 381 381
3325 381 381
3326 381 381
3327 381 381
3328 381 381
3329 381 381
3330 381 381
3331 381 381
3332 381 381
3333 381 381
3334 381 381
3335 381 381
3336 381 381
3337 381 381
3338 381 381
3339 381 381
3340 381 381
3341 381 381
3342 381 381
3343 381 381
3344 381 381
3345 381 381
3346 381 381
3347 381 381
3348 381 381
3349 381 381
3350 381 381
3351 381 381
3352 381 381
3353 381 381
3354 381 381
3355 381 381
3356 381 381
3357 381 381
3358 381 381
3359 381 381
3360 381 381
3361 381 381
3362 381 381
3363 381 381
3364 381 381
3365 381 381
3366 381 381
3367 381 381
3368 381 381
3369 381 381
3370 381 381
3371 381 381
3372 381 381
3373 381 381
3374 381 381
3375 381 381
3376 381 381
3377 381 381
3378 381 381
3379 381 381
3380 381 381
3381 381 381
3382 381 381
3383 381 381
3384 381 381
3385 381 381
3386 381 381
3387 381 381
3388 381 381
3389 381 381
3390 381 381
3391 381 381
3392 381 381
3393 381 381
3394 381 381
3395 381 381
3396 381 381
3397 381 381
3398 381 381
3399 381 381
3400 381 381
3401 381 381
3402 381 381
3403 381 381
3404 381 381
3405 381 381
3406 381 381
3407 381 381
3408 381 381
3409 381 381
3410 381 381
3411 381 381
3412 381 381
3413 381 381
3414 381 381
3415 381 381
3416 381 381
3417 381 381
3418 381 381
3419 381 381
3420 381 381
3421 381 381
3422 381 381
3423 381 381
3424 381 381
3425 381 381
3426 381 381
3427 381 381
3428 381 381
3429 381 381
3430 381 381
3431 381 381
3432 381 381
3433 381 381
3434 381 381
3435 381 381
3436 381 381
3437 381 381
3438 381 381
3439 381 381
3440 381 381
3441 381 381
3442 381 381
3443 381 381
3444 381 381
3445 381 381
3446 381 381
3447 381 381
3448 381 381
3449 381 381
3450 381 381
3451 381 381
3452 381 381
3453 381 381
3454 381 381
3455 381 381
3456 381 381
3457 381 381
3458 381 381
3459 381 381
3460 381 381
3461 381 381
3462 381 381
3463 381 381
3464 381 381
3465 381 381
3466 381 381
3467 381 381
3468 381 381
3469 381 381
3470 381 381
3471 381 381
3472 381 381
3473 381 381
3474 381 381
3475 381 381
3476 381 381
3477 381 381
3478 381 381
3479 381 381
3480 381 381
3481 381 381
3482 381 381
3483 381 381
3484 381 381
3485 381 381
3486 381 381
3487 381 381
3488 381 381
3489 381 381
3490 381 381
3491 381 381
3492 381 381
3493 381 381
3494 381 381
3495 381 381
3496 381 381
3497 381 381
3498 381 381
3499 381 381
3500 381 381
3501 381 381
3502 381 381
3503 381 381
3504 381 381
3505 381 381
3506 381 381
3507 381 381
3508 381 381
3509 381 381
3510 381 381
3511 381 381
3512 381 381
3513 381 381
3514 381 381
3515 381 381
3516 381 381
3517 381 381
3518 381 381
3519 381 381
3520 381 381
3521 381 381
3522 381 381
3523 381 381
3524 381 381
3525 381 381
3526 381 381
3527 381 381
3528 381 381
3529 381 381
3530 381 381
3531 381 381
3532 381 381
3533 381 381
3534 381 381
3535 381 381
3536 381 381
3537 381 381
3538 381 381
3539 381 381
3540 381 381
3541 381 381
3542 381 381
3543 381 381
3544 381 381
3545 381 381
3546 381 381
3547 381 381
3548 381 381
3549 381 381
3550 381 381
3551 381 381
3552 381 381
3553 381 381
3554 381 381
3555 381 381
3556 381 381
3557 381 381
3558 381 381
3559 381 381
3560 381 381
3561 381 381
3562 381 381
3563 381 381
3564 381 381
3565 381 381
3566 381 381
3567 381 381
3568 381 381
3569 381 381
3570 381 381
3571 381 381
3572 381 381
3573 381 381
3574 381 381
3575 381 381
3576 381 381
3577 381 381
3578 381 381
3579 381 381
3580 381 381
3581 381 381
3582 381 381
3583 381 381
3584 381 381
3585 381 381
3586 381 381
3587 381 381
3588 381 381
3589 381 381
3590 381 381
3591 381 381
3592 381 381
3593 381 381
3594 381 381
3595 381 381
3596 381 381
3597 381 381
3598 381 381
3599 381 381
3600 381 381
3601 381 381
3602 381 381
3603 381 381
3604 381 381
3605 381 381
3606 381 381
3607 381 381
3608 381 381
3609 381 381
3610 381 381
3611 381 381
3612 381 381
3613 381 381
3614 381 381
3615 381 381
3616 381 381
3617 381 381
3618 381 381
3619 381 381
3620 381 381
3621 381 381
3622 381 381
3623 381 381
3624 381 381
3625 381 381
3626 381 381
3627 381 381
3628 381 381
3629 381 381
3630 381 381
3631 381 381
3632 381 381
3633 381 381
3634 381 381
3635 381 381
3636 381 381
3637 381 381
3638 381 381
3639 381 381
3640 381 381
3641 381 381
3642 381 381
3643 381 381
3644 381 381
3645 381 381
3646 381 381
3647 381 381
3648 381 381
3649 381 381
3650 381 381
3651 381 381
3652 381 381
3653 381 381
3654 381 381
3655 381 381
3656 381 381
3657 381 381
3658 381 381
3659 381 381
3660 381 381
3661 381 381
3662 381 381
3663 381 381
3664 381 381
3665 381 381
3666 381 381
3667 381 381
3668 381 381
3669 381 381
3670 381 381
3671 381 381
3672 381 381
3673 381 381
3674 381 381
3675 381 381
3676 381 381
3677 381 381
3678 381 381
3679 381 381
3680 381 381
3681 381 381
3682 381 381
3683 381 381
3684 381 381
3685 381 381
3686 381 381
3687 381 381
3688 381 381
3689 381 381
3690 381 381
3691 381 381
3692 381 381
3693 381 381
3694 381 381
3695 381 381
3696 381 381
3697 381 381
3698 381 381
3699 381 381
3700 381 381
3701 381 381
3702 381 381
3703 381 381
3704 381 381
3705 381 381
3706 381 381
3707 381 381
3708 381 381
3709 381 381
3710 381 381
3711 381 381
3712 381 381
3713 381 381
3714 381 381
3715 381 381
3716 381 381
3717 381 381
3718 381 381
3719 381 381
3720 381 381
3721 381 381
3722 381 381
3723 381 381
3724 381 381
3725 381 381
3726 381 381
3727 381 381
3728 381 381
3729 381 381
3730 381 381
3731 381 381
3732 381 381
3733 381 381
3734 381 381
3735 381 381
3736 381 381
3737 381 381
3738 381 381
3739 381 381
3740 381 381
3741 381 381
3742 381 381
3743 381 381
3744 381 381
3745 381 381
3746 381 381
3747 381 381
3748 381 381
3749 381 381
3750 381 381
3751 381 381
3752 381 381
3753 381 381
3754 381 381
3755 381 381
3756 381 381
3757 381 381
3758 381 381
3759 381 381
3760 381 381
3761 381 381
3762 381 381
3763 381 381
3764 381 381
3765 381 381
3766 381 381
3767 381 381
3768 381 381
3769 381 381
3770 381 381
3771 381 381
3772 381 381
3773 381 381
3774 381 381
3775 381 381
3776 381 381
3777 381 381
3778 381 381
3779 381 381
3780 381 381
3781 381 381
3782 381 381
3783 381 381
3784 381 381
3785 381 381
3786 381 381
3787 381 381
3788 381 381
3789 381 381
3790 381 381
3791 381 381
3792 381 381
3793 381 381
3794 381 381
3795 381 381
3796 381 381
3797 381 381
3798 381 381
3799 381 381
3800 381 381
3801 381 381
3802 381 381
3803 381 381
3804 381 381
3805 381 381
3806 381 381
3807 381 381
3808 381 381
3809 381 381
3810 381 381
3811 381 381
3812 381 381
3813 381 381
3814 381 381
3815 381 381
3816 381 381
3817 381 381
3818 381 381
3819 381 381
3820 381 381
3821 381 381
3822 381 381
3823 381 381
3824 381 381
3825 381 381
3826 381 381
3827 381 381
3828 381 381
3829 381 381
3830 381 381
3831 381 381
3832 381 381
3833 381 381
3834 381 381
3835 381 381
3836 381 381
3837 381 381
3838 381 381
3839 381 381
3840 381 381
3841 381 381
3842 381 381
3843 381 381
3844 381 381
3845 381 381
3846 381 381
3847 381 381
3848 381 381
3849 381 381
3850 381 381
3851 381 381
3852 381 381
3853 381 381
3854 381 381
3855 381 381
3856 381 381
3857 381 381
3858 381 381
3859 381 381
3860 381 381
3861 381 381
3862 381 381
3863 381 381
3864 381 381
3865 381 381
3866 381 381
3867 381 381
3868 381 381
3869 381 381
3870 381 381
3871 381 381
3872 381 381
3873 381 381
3874 381 381
3875 381 381
3876 381 381
3877 381 381
3878 381 381
3879 381 381
3880 381 381
3881 381 381
3882 381 381
3883 381 381
3884 381 381
3885 381 381
3886 381 381
3887 381 381
3888 381 381
3889 381 381
3890 381 381
3891 381 381
3892 381 381
3893 381 381
3894 381 381
3895 381 381
3896 381 381
3897 381 381
3898 381 381
3899 381 381
3900 381 381
3901 381 381
3902 381 381
3903 381 381
3904 381 381
3905 381 381
3906 381 381
3907 381 381
3908 381 381
3909 381 381
3910 381 381
3911 381 381
3912 381 381
3913 381 381
3914 381 381
3915 381 381
3916 381 381
3917 381 381
3918 381 381
3919 381 381
3920 381 381
3921 381 381
3922 381 381
3923 381 381
3924 381 381
3925 381 381
3926 381 381
3927 381 381
3928 381 381
3929 381 381
3930 381 381
3931 381 381
3932 381 381
3933 381 381
3934 381 381
3935 381 381
3936 381 381
3937 381 381
3938 381 381
3939 381 381
3940 381 381
3941 381 381
3942 381 381
3943 381 381
3944 381 381
3945 381 381
3946 381 381
3947 381 381
3948 381 381
3949 381 381
3950 381 381
3951 381 381
3952 381 381
3953 381 381
3954 381 381
3955 381 381
3956 381 381
3957 381 381
3958 381 381
3959 381 381
3960 381 381
3961 381 381
3962 381 381
3963 381 381
3964 381 381
3965 381 381
3966 381 381
3967 381 381
3968 381 381
3969 381 381
3970 381 381
3971 381 381
3972 381 381
3973 381 381
3974 381 381
3975 381 381
3976 381 381
3977 381 381
3978 381 381
3979 381 381
3980 381 381
3981 381 381
3982 381 381
3983 381 381
3984 381 381
3985 381 381
3986 381 381
3987 381 381
3988 381 381
3989 381 381
3990 381 381
3991 381 381
3992 381 381
3993 381 381
3994 381 381
3995 381 381
3996 381 381
3997 381 381
3998 381 381
3999 381 381
4000 381 381
4001 381 381
4002 381 381
4003 381 381
4004 381 381
4005 381 381
4006 381 381
4007 381 381
4008 381 381
4009 381 381
4010 381 381
4011 381 381
4012 381 381
4013 381 381
4014 381 381
4015 381 381
4016 381 381
4017 381 381
4018 381 381
4019 381 381
4020 381 381
4021 381 381
4022 381 381
4023 381 381
4024 381 381
4025 381 381
4026 381 381
4027 381 381
4028 381 381
4029 381 381
4030 381 381
4031 381 381
4032 381 381
4033 381 381
4034 381 381
4035 381 381
4036 381 381
4037 381 381
4038 381 381
4039 381 381
4040 381 381
4041 381 381
4042 381 381
4043 381 381
4044 381 381
4045 381 381
4046 381 381
4047 381 381
4048 381 381
4049 381 381
4050 381 381
4051 381 381
4052 381 381
4053 381 381
4054 381 381
4055 381 381
4056 381 381
4057 381 381
4058 381 381
4059 381 381
4060 381 381
4061 381 381
4062 381 381
4063 381 381
4064 381 381
4065 381 381
4066 381 381
4067 381 381
4068 381 381
4069 381 381
4070 381 381
4071 381 381
4072 381 381
4073 381 381
4074 381 381
4075 381 381
4076 381 381
4077 381 381
4078 381 381
4079 381 381
4080 381 381
4081 381 381
4082 381 381
4083 381 381
4084 381 381
4085 381 381
4086 381 381
4087 381 381
4088 381 381
4089 381 381
4090 381 381
4091 381 381
4092 381 381
4093 381 381
4094 381 381
4095 381 381
4096 381 381
4097 381 381
4098 381 381
4099 381 381
4100 381 381
4101 381 381
4102 381 381
4103 381 381
4104 381 381
4105 381 381
4106 381 381
4107 381 381
4108 381 381
4109 381 381
4110 381 381
4111 381 381
4112 381 381
4113 381 381
4114 381 381
4115 381 381
4116 381 381
4117 381 381
4118 381 381
4119 381 381
4120 381 381
4121 381 381
4122 381 381
4123 381 381
4124 381 381
4125 381 381
4126 381 381
4127 381 381
4128 381 381
4129 381 381
4130 381 381
4131 381 381
4132 381 381
4133 381 381
4134 381 381
4135 381 381
4136 381 381
4137 381 381
4138 381 381
4139 381 381
4140 381 381
4141 381 381
4142 381 381
4143 381 381
4144 381 381
4145 381 381
4146 381 381
4147 381 381
4148 381 381
4149 381 381
4150 381 381
4151 381 381
4152 381 381
4153 381 381
4154 381 381
4155 381 381
4156 381 381
4157 381 381
4158 381 381
4159 381 381
4160 381 381
4161 381 381
4162 381 381
4163 381 381
4164 381 381
4165 381 381
4166 381 381
4167 381 381
4168 381 381
4169 381 381
4170 381 381
4171 381 381
4172 381 381
4173 381 381
4174 381 381
4175 381 381
4176 381 381
4177 381 381
4178 381 381
4179 381 381
4180 381 381
4181 381 381
4182 381 381
4183 381 381
4184 381 381
4185 381 381
4186 381 381
4187 381 381
4188 381 381
4189 381 381
4190 381 381
4191 381 381
4192 381 381
4193 381 381
4194 381 381
4195 381 381
4196 381 381
4197 381 381
4198 381 381
4199 381 381
4200 381 381
4201 381 381
4202 381 381
4203 381 381
4204 381 381
4205 381 381
4206 381 381
4207 381 381
4208 381 381
4209 381 381
4210 381 381
4211 381 381
4212 381 381
4213 381 381
4214 381 381
4215 381 381
4216 381 381
4217 381 381
4218 381 381
4219 381 381
4220 381 381
4221 381 381
4222 381 381
4223 381 381
4224 381 381
4225 381 381
4226 381 381
4227 381 381
4228 381 381
4229 381 381
4230 381 381
4231 381 381
4232 381 381
4233 381 381
4234 381 381
4235 381 381
4236 381 381
4237 381 381
4238 381 381
4239 381 381
4240 381 381
4241 381 381
4242 381 381
4243 381 381
4244 381 381
4245 381 381
4246 381 381
4247 381 381
4248 381 381
4249 381 381
4250 381 381
4251 381 381
4252 381 381
4253 381 381
4254 381 381
4255 381 381
4256 381 381
4257 381 381
4258 381 381
4259 381 381
4260 381 381
4261 381 381
4262 381 381
4263 381 381
4264 381 381
4265 381 381
4266 381 381
4267 381 381
4268 381 381
4269 381 381
4270 381 381
4271 381 381
4272 381 381
4273 381 381
4274 381 381
4275 381 381
4276 381 381
4277 381 381
4278 381 381
4279 381 381
4280 381 381
4281 381 381
4282 381 381
4283 381 381
4284 381 381
4285 381 381
4286 381 381
4287 381 381
4288 381 381
4289 381 381
4290 381 381
4291 381 381
4292 381 381
4293 381 381
4294 381 381
4295 381 381
4296 381 381
4297 381 381
4298 381 381
4299 381 381
4300 381 381
4301 381 381
4302 381 381
4303 381 381
4304 381 381
4305 381 381
4306 381 381
4307 381 381
4308 381 381
4309 381 381
4310 381 381
4311 381 381
4312 381 381
4313 381 381
4314 381 381
4315 381 381
4316 381 381
4317 381 381
4318 381 381
4319 381 381
4320 381 381
4321 381 381
4322 381 381
4323 381 381
4324 381 381
4325 381 381
4326 381 381
4327 381 381
4328 381 381
4329 381 381
4330 381 381
4331 381 381
4332 381 381
4333 381 381
4334 381 381
4335 381 381
4336 381 381
4337 381 381
4338 381 381
4339 381 381
4340 381 381
4341 381 381
4342 381 381
4343 381 381
4344 381 381
4345 381 381
4346 381 381
4347 381 381
4348 381 381
4349 381 381
4350 381 381
4351 381 381
4352 381 381
4353 381 381
4354 381 381
4355 381 381
4356 381 381
4357 381 381
4358 381 381
4359 381 381
4360 381 381
4361 381 381
4362 381 381
4363 381 381
4364 381 381
4365 381 381
4366 381 381
4367 381 381
4368 381 381
4369 381 381
4370 381 381
4371 381 381
4372 381 381
4373 381 381
4374 381 381
4375 381 381
4376 381 381
4377 381 381
4378 381 381
4379 381 381
4380 381 381
4381 381 381
4382 381 381
4383 381 381
4384 381 381
4385 381 381
4386 381 381
4387 381 381
4388 381 381
4389 381 381
4390 381 381
4391 381 381
4392 381 381
4393 381 381
4394 381 381
4395 381 381
4396 381 381
4397 381 381
4398 381 381
4399 381 381
4400 381 381
4401 381 381
4402 381 381
4403 381 381
4404 381 381
4405 381 381
4406 381 381
4407 381 381
4408 381 381
4409 381 381
4410 381 381
4411 381 381
4412 381 381
4413 381 381
4414 381 381
4415 381 381
4416 381 381
4417 381 381
4418 381 381
4419 381 381
4420 381 381
4421 381 381
4422 381 381
4423 381 381
4424 381 381
4425 381 381
4426 381 381
4427 381 381
4428 381 381
4429 381 381
4430 381 381
4431 381 381
4432 381 381
4433 381 381
4434 381 381
4435 381 381
4436 381 381
4437 381 381
4438 381 381
4439 381 381
4440 381 381
4441 381 381
4442 381 381
4443 381 381
4444 381 381
4445 381 381
4446 381 381
4447 381 381
4448 381 381
4449 381 381
4450 381 381
4451 381 381
4452 381 381
4453 381 381
4454 381 381
4455 381 381
4456 381 381
4457 381 381
4458 381 381
4459 381 381
4460 381 381
4461 381 381
4462 381 381
4463 381 381
4464 381 381
4465 381 381
4466 381 381
4467 381 381
4468 381 381
4469 381 381
4470 381 381
4471 381 381
4472 381 381
4473 381 381
4474 381 381
4475 381 381
4476 381 381
4477 381 381
4478 381 381
4479 381 381
4480 381 381
4481 381 381
4482 381 381
4483 381 381
4484 381 381
4485 381 381
4486 381 381
4487 381 381
4488 381 381
4489 381 381
4490 381 381
4491 381 381
4492 381 381
4493 381 381
4494 381 381
4495 381 381
4496 381 381
4497 381 381
4498 381 381
4499 381 381
4500 381 381
4501 381 381
4502 381 381
4503 381 381
4504 381 381
4505 381 381
4506 381 381
4507 381 381
4508 381 381
4509 381 381
4510 381 381
4511 381 381
4512 381 381
4513 381 381
4514 381 381
4515 381 381
4516 381 381
4517 381 381
4518 381 381
4519 381 381
4520 381 381
4521 381 381
4522 381 381
4523 381 381
4524 381 381
4525 381 381
4526 381 381
4527 381 381
4528 381 381
4529 381 381
4530 381 381
4531 381 381
4532 381 381
4533 381 381
4534 381 381
4535 381 381
4536 381 381
4537 381 381
4538 381 381
4539 381 381
4540 381 381
4541 381 381
4542 381 381
4543 381 381
4544 381 381
4545 381 381
4546 381 381
4547 381 381
4548 381 381
4549 381 381
4550 381 381
4551 381 381
4552 381 381
4553 381 381
4554 381 381
4555 381 381
4556 381 381
4557 381 381
4558 381 381
4559 381 381
4560 381 381
4561 381 381
4562 381 381
4563 381 381
4564 381 381
4565 381 381
4566 381 381
4567 381 381
4568 381 381
4569 381 381
4570 381 381
4571 381 381
4572 381 381
4573 381 381
4574 381 381
4575 381 381
4576 381 381
4577 381 381
4578 381 381
4579 381 381
4580 381 381
4581 381 381
4582 381 381
4583 381 381
4584 381 381
4585 381 381
4586 381 381
4587 381 381
4588 381 381
4589 381 381
4590 381 381
4591 381 381
4592 381 381
4593 381 381
4594 381 381
4595 381 381
4596 381 381
4597 381 381
4598 381 381
4599 381 381
4600 381 381
4601 381 381
4602 381 381
4603 381 381
4604 381 381
4605 381 381
4606 381 381
4607 381 381
4608 381 381
4609 381 381
4610 381 381
4611 381 381
4612 381 381
4613 381 381
4614 381 381
4615 381 381
4616 381 381
4617 381 381
4618 381 381
4619 381 381
4620 381 381
4621 381 381
4622 381 381
4623 381 381
4624 381 381
4625 381 381
4626 381 381
4627 381 381
4628 381 381
4629 381 381
4630 381 381
4631 381 381
4632 381 381
4633 381 381
4634 381 381
4635 381 381
4636 381 381
4637 381 381
4638 381 381
4639 381 381
4640 381 381
4641 381 381
4642 381 381
4643 381 381
4644 381 381
4645 381 381
4646 381 381
4647 381 381
4648 381 381
4649 381 381
4650 381 381
4651 381 381
4652 381 381
4653 381 381
4654 381 381
4655 381 381
4656 381 381
4657 381 381
4658 381 381
4659 381 381
4660 381 381
4661 381 381
4662 381 381
4663 381 381
4664 381 381
4665 381 381
4666 381 381
4667 381 381
4668 381 381
4669 381 381
4670 381 381
4671 381 381
4672 381 381
4673 381 381
4674 381 381
4675 381 381
4676 381 381
4677 381 381
4678 381 381
4679 381 381
4680 381 381
4681 381 381
4682 381 381
4683 381 381
4684 381 381
4685 381 381
4686 381 381
4687 381 381
4688 381 381
4689 381 381
4690 381 381
4691 381 381
4692 381 381
4693 381 381
4694 381 381
4695 381 381
4696 381 381
4697 381 381
4698 381 381
4699 381 381
4700 381 381
4701 381 381
4702 381 381
4703 381 381
4704 381 381
4705 381 381
4706 381 381
4707 381 381
4708 381 381
4709 381 381
4710 381 381
4711 381 381
4712 381 381
4713 381 381
4714 381 381
4715 381 381
4716 381 381
4717 381 381
4718 381 381
4719 381 381
4720 381 381
4721 381 381
4722 381 381
4723 381 381
4724 381 381
4725 381 381
4726 381 381
4727 381 381
4728 381 381
4729 381 381
4730 381 381
4731 381 381
4732 381 381
4733 381 381
4734 381 381
4735 381 381
4736 381 381
4737 381 381
4738 381 381
4739 381 381
4740 381 381
4741 381 381
4742 381 381
4743 381 381
4744 381 381
4745 381 381
4746 381 381
4747 381 381
4748 381 381
4749 381 381
4750 381 381
4751 381 381
4752 381 381
4753 381 381
4754 381 381
4755 381 381
4756 381 381
4757 381 381
4758 381 381
4759 381 381
4760 381 381
4761 381 381
4762 381 381
4763 381 381
4764 381 381
4765 381 381
4766 381 381
4767 381 381
4768 381 381
4769 381 381
4770 381 381
4771 381 381
4772 381 381
4773 381 381
4774 381 381
4775 381 381
4776 381 381
4777 381 381
4778 381 381
4779 381 381
4780 381 381
4781 381 381
4782 381 381
4783 381 381
4784 381 381
4785 381 381
4786 381 381
4787 381 381
4788 381 381
4789 381 381
4790 381 381
4791 381 381
4792 381 381
4793 381 381
4794 381 381
4795 381 381
4796 381 381
4797 381 381
4798 381 381
4799 381 381
4800 381 381
4801 381 381
4802 381 381
4803 381 381
4804 381 381
4805 381 381
4806 381 381
4807 381 381
4808 381 381
4809 381 381
4810 381 381
4811 381 381
4812 381 381
4813 381 381
4814 381 381
4815 381 381
4816 381 381
4817 381 381
4818 381 381
4819 381 381
4820 381 381
4821 381 381
4822 381 381
4823 381 381
4824 381 381
4825 381 381
4826 381 381
4827 381 381
4828 381 381
4829 381 381
4830 381 381
4831 381 381
4832 381 381
4833 381 381
4834 381 381
4835 381 381
4836 381 381
4837 381 381
4838 381 381
4839 381 381
4840 381 381
4841 381 381
4842 381 381
4843 381 381
4844 381 381
4845 381 381
4846 381 381
4847 381 381
4848 381 381
4849 381 381
4850 381 381
4851 381 381
4852 381 381
4853 381 381
4854 381 381
4855 381 381
4856 381 381
4857 381 381
4858 381 381
4859 381 381
4860 381 381
4861 381 381
4862 381 381
4863 381 381
4864 381 381
4865 381 381
4866 381 381
4867 381 381
4868 381 381
4869 381 381
4870 381 381
4871 381 381
4872 381 381
4873 381 381
4874 381 381
4875 381 381
4876 381 381
4877 381 381
4878 381 381
4879 381 381
4880 381 381
4881 381 381
4882 381 381
4883 381 381
4884 381 381
4885 381 381
4886 381 381
4887 381 381
4888 381 381
4889 381 381
4890 381 381
4891 381 381
4892 381 381
4893 381 381
4894 381 381
4895 381 381
4896 381 381
4897 381 381
4898 381 381
4899 381 381
4900 381 381
4901 381 381
4902 381 381
4903 381 381
4904 381 381
4905 381 381
4906 381 381
4907 381 381
4908 381 381
4909 381 381
4910 381 381
4911 381 381
4912 381 381
4913 381 381
4914 381 381
4915 381 381
4916 381 381
4917 381 381
4918 381 381
4919 381 381
4920 381 381
4921 381 381
4922 381 381
4923 381 381
4924 381 381
4925 381 381
4926 381 381
4927 381 381
4928 381 381
4929 381 381
4930 381 381
4931 381 381
4932 381 381
4933 381 381
4934 381 381
4935 381 381
4936 381 381
4937 381 381
4938 381 381
4939 381 381
4940 381 381
4941 381 381
4942 381 381
4943 381 381
4944 381 381
4945 381 381
4946 381 381
4947 381 381
4948 381 381
4949 381 381
4950 381 381
4951 381 381
4952 381 381
4953 381 381
4954 381 381
4955 381 381
4956 381 381
4957 381 381
4958 381 381
4959 381 381
4960 381 381
4961 381 381
4962 381 381
4963 381 381
4964 381 381
4965 381 381
4966 381 381
4967 381 381
4968 381 381
4969 381 381
4970 381 381
4971 381 381
4972 381 381
4973 381 381
4974 381 381
4975 381 381
4976 381 381
4977 381 381
4978 381 381
4979 381 381
4980 381 381
4981 381 381
4982 381 381
4983 381 381
4984 381 381
4985 381 381
4986 381 381
4987 381 381
4988 381 381
4989 381 381
4990 381 381
4991 381 381
4992 381 381
4993 381 381
4994 381 381
4995 381 381
4996 381 381
4997 381 381
4998 381 381
4999 381 381
5000 381 381
5001 381 381
5002 381 381
5003 381 381
5004 381 381
5005 381 381
5006 381 381
5007 381 381
5008 381 381
5009 381 381
5010 381 381
5011 381 381
5012 381 381
5013 381 381
5014 381 381
5015 381 381
5016 381 381
5017 381 381
5018 381 381
5019 381 381
5020 381 381
5021 381 381
5022 381 381
5023 381 381
5024 381 381
5025 381 381
5026 381 381
5027 381 381
5028 381 381
5029 381 381
5030 381 381
5031 381 381
5032 381 381
5033 381 381
5034 381 381
5035 381 381
5036 381 381
5037 381 381
5038 381 381
5039 381 381
5040 381 381
5041 381 381
5042 381 381
5043 381 381
5044 381 381
5045 381 381
5046 381 381
5047 381 381
5048 381 381
5049 381 381
5050 381 381
5051 381 381
5052 381 381
5053 381 381
5054 381 381
5055 381 381
5056 381 381
5057 381 381
5058 381 381
5059 381 381
5060 381 381
5061 381 381
5062 381 381
5063 381 381
5064 381 381
5065 381 381
5066 381 381
5067 381 381
5068 381 381
5069 381 381
5070 381 381
5071 381 381
5072 381 381
5073 381 381
5074 381 381
5075 381 381
5076 381 381
5077 381 381
5078 381 381
5079 381 381
5080 381 381
5081 381 381
5082 381 381
5083 381 381
5084 381 381
5085 381 381
5086 381 381
5087 381 381
5088 381 381
5089 381 381
5090 381 381
5091 381 381
5092 381 381
5093 381 381
5094 381 381
5095 381 381
5096 381 381
5097 381 381
5098 381 381
5099 381 381
5100 381 381
5101 381 381
5102 381 381
5103 381 381
5104 381 381
5105 381 381
5106 381 381
5107 381 381
5108 381 381
5109 381 381
5110 381 381
5111 381 381
5112 381 381
5113 381 381
5114 381 381
5115 381 381
5116 381 381
5117 381 381
5118 381 381
5119 381 381
5120 381 381
5121 381 381
5122 381 381
5123 381 381
5124 381 381
5125 381 381
5126 381 381
5127 381 381
5128 381 381
5129 381 381
5130 381 381
5131 381 381
5132 381 381
5133 381 381
5134 381 381
5135 381 381
5136 381 381
5137 381 381
5138 381 381
5139 381 381
5140 381 381
5141 381 381
5142 381 381
5143 381 381
5144 381 381
5145 381 381
5146 381 381
5147 381 381
5148 381 381
5149 381 381
5150 381 381
5151 381 381
5152 381 381
5153 381 381
5154 381 381
5155 381 381
5156 381 381
5157 381 381
5158 381 381
5159 381 381
5160 381 381
5161 381 381
5162 381 381
5163 381 381
5164 381 381
5165 381 381
5166 381 381
5167 381 381
5168 381 381
5169 381 381
5170 381 381
5171 381 381
5172 381 381
5173 381 381
5174 381 381
5175 381 381
5176 381 381
5177 381 381
5178 381 381
5179 381 381
5180 381 381
5181 381 381
5182 381 381
5183 381 381
5184 381 381
5185 381 381
5186 381 381
5187 381 381
5188 381 381
5189 381 381
5190 381 381
5191 381 381
5192 381 381
5193 381 381
5194 381 381
5195 381 381
5196 381 381
5197 381 381
5198 381 381
5199 381 381
5200 381 381
5201 381 381
5202 381 381
5203 381 381
5204 381 381
5205 381 381
5206 381 381
5207 381 381
5208 381 381
5209 381 381
5210 381 381
5211 381 381
5212 381 381
5213 381 381
5214 381 381
5215 381 381
5216 381 381
5217 381 381
5218 381 381
5219 381 381
5220 381 381
5221 381 381
5222 381 381
5223 381 381
5224 381 381
5225 381 381
5226 381 381
5227 381 381
5228 381 381
5229 381 381
5230 381 381
5231 381 381
5232 381 381
5233 381 381
5234 381 381
5235 381 381
5236 381 381
5237 381 381
5238 381 381
5239 381 381
5240 381 381
5241 381 381
5242 381 381
5243 381 381
5244 381 381
5245 381 381
5246 381 381
5247 381 381
5248 381 381
5249 381 381
5250 381 381
5251 381 381
5252 381 381
5253 381 381
5254 381 381
5255 381 381
5256 381 381
5257 381 381
5258 381 381
5259 381 381
5260 381 381
5261 381 381
5262 381 381
5263 381 381
5264 381 381
5265 381 381
5266 381 381
5267 381 381
5268 381 381
5269 381 381
5270 381 381
5271 381 381
5272 381 381
5273 381 381
5274 381 381
5275 381 381
5276 381 381
5277 381 381
5278 381 381
5279 381 381
5280 381 381
5281 381 381
5282 381 381
5283 381 381
5284 381 381
5285 381 381
5286 381 381
5287 381 381
5288 381 381
5289 381 381
5290 381 381
5291 381 381
5292 381 381
5293 381 381
5294 381 381
5295 381 381
5296 381 381
5297 381 381
5298 381 381
5299 381 381
5300 381 381
5301 381 381
5302 381 381
5303 381 381
5304 381 381
5305 381 381
5306 381 381
5307 381 381
5308 381 381
5309 381 381
5310 381 381
5311 381 381
5312 381 381
5313 381 381
5314 381 381
5315 381 381
5316 381 381
5317 381 381
5318 381 381
5319 381 381
5320 381 381
5321 381 381
5322 381 381
5323 381 381
5324 381 381
5325 381 381
5326 381 381
5327 381 381
5328 381 381
5329 381 381
5330 381 381
5331 381 381
5332 381 381
5333 381 381
5334 381 381
5335 381 381
5336 381 381
5337 381 381
5338 381 381
5339 381 381
5340 381 381
5341 381 381
5342 381 381
5343 381 381
5344 381 381
5345 381 381
5346 381 381
5347 381 381
5348 381 381
5349 381 381
5350 381 381
5351 381 381
5352 381 381
5353 381 381
5354 381 381
5355 381 381
5356 381 381
5357 381 381
5358 381 381
5359 381 381
5360 381 381
5361 381 381
5362 381 381
5363 381 381
5364 381 381
5365 381 381
5366 381 381
5367 381 381
5368 381 381
5369 381 381
5370 381 381
5371 381 381
5372 381 381
5373 381 381
5374 381 381
5375 381 381
5376 381 381
5377 381 381
5378 381 381
5379 381 381
5380 381 381
5381 381 381
5382 381 381
5383 381 381
5384 381 381
5385 381 381
5386 381 381
5387 381 381
5388 381 381
5389 381 381
5390 381 381
5391 381 381
5392 381 381
5393 381 381
5394 381 381
5395 381 381
5396 381 381
5397 381 381
5398 381 381
5399 381 381
5400 381 381
5401 381 381
5402 381 381
5403 381 381
5404 381 381
5405 381 381
5406 381 381
5407 381 381
5408 381 381
5409 381 381
5410 381 381
5411 381 381
5412 381 381
5413 381 381
5414 381 381
5415 381 381
5416 381 381
5417 381 381
5418 381 381
5419 381 381
5420 381 381
5421 381 381
5422 381 381
5423 381 381
5424 381 381
5425 381 381
5426 381 381
5427 381 381
5428 381 381
5429 381 381
5430 381 381
5431 381 381
5432 381 381
5433 381 381
5434 381 381
5435 381 381
5436 381 381
5437 381 381
5438 381 381
5439 381 381
5440 381 381
5441 381 381
5442 381 381
5443 381 381
5444 381 381
5445 381 381
5446 381 381
5447 381 381
5448 381 381
5449 381 381
5450 381 381
5451 381 381
5452 381 381
5453 381 381
5454 381 381
5455 381 381
5456 381 381
5457 381 381
5458 381 381
5459 381 381
5460 381 381
5461 381 381
5462 381 381
5463 381 381
5464 381 381
5465 381 381
5466 381 381
5467 381 381
5468 381 381
5469 381 381
5470 381 381
5471 381 381
5472 381 381
5473 381 381
5474 381 381
5475 381 381
5476 381 381
5477 381 381
5478 381 381
5479 381 381
5480 381 381
5481 381 381
5482 381 381
5483 381 381
5484 381 381
5485 381 381
5486 381 381
5487 381 381
5488 381 381
5489 381 381
5490 381 381
5491 381 381
5492 381 381
5493 381 381
5494 381 381
5495 381 381
5496 381 381
5497 381 381
5498 381 381
5499 381 381
5500 381 381
5501 381 381
5502 381 381
5503 381 381
5504 381 381
5505 381 381
5506 381 381
5507 381 381
5508 381 381
5509 381 381
5510 381 381
5511 381 381
5512 381 381
5513 381 381
5514 381 381
5515 381 381
5516 381 381
5517 381 381
5518 381 381
5519 381 381
5520 381 381
5521 381 381
5522 381 381
5523 381 381
5524 381 381
5525 381 381
5526 381 381
5527 381 381
5528 381 381
5529 381 381
5530 381 381
5531 381 381
5532 381 381
5533 381 381
5534 381 381
5535 381 381
5536 381 381
5537 381 381
5538 381 381
5539 381 381
5540 381 381
5541 381 381
5542 381 381
5543 381 381
5544 381 381
5545 381 381
5546 381 381
5547 381 381
5548 381 381
5549 381 381
5550 381 381
5551 381 381
5552 381 381
5553 381 381
5554 381 381
5555 381 381
5556 381 381
5557 381 381
5558 381 381
5559 381 381
5560 381 381
5561 381 381
5562 381 381
5563 381 381
5564 381 381
5565 381 381
5566 381 381
5567 381 381
5568 381 381
5569 381 381
5570 381 381
5571 381 381
5572 381 381
5573 381 381
5574 381 381
5575 381 381
5576 381 381
5577 381 381
5578 381 381
5579 381 381
5580 381 381
5581 381 381
5582 381 381
5583 381 381
5584 381 381
5585 381 381
5586 381 381
5587 381 381
5588 381 381
5589 381 381
5590 381 381
5591 381 381
5592 381 381
5593 381 381
5594 381 381
5595 381 381
5596 381 381
5597 381 381
5598 381 381
5599 381 381
5600 381 381
5601 381 381
5602 381 381
5603 381 381
5604 381 381
5605 381 381
5606 381 381
5607 381 381
5608 381 381
5609 381 381
5610 381 381
5611 381 381
5612 381 381
5613 381 381
5614 381 381
5615 381 381
5616 381 381
5617 381 381
5618 381 381
5619 381 381
5620 381 381
5621 381 381
5622 381 381
5623 381 381
5624 381 381
5625 381 381
5626 381 381
5627 381 381
5628 381 381
5629 381 381
5630 381 381
5631 381 381
5632 381 381
5633 381 381
5634 381 381
5635 381 381
5636 381 381
5637 381 381
5638 381 381
5639 381 381
5640 381 381
5641 381 381
5642 381 381
5643 381 381
5644 381 381
5645 381 381
5646 381 381
5647 381 381
5648 381 381
5649 381 381
5650 381 381
5651 381 381
5652 381 381
5653 381 381
5654 381 381
5655 381 381
5656 381 381
5657 381 381
5658 381 381
5659 381 381
5660 381 381
5661 381 381
5662 381 381
5663 381 381
5664 381 381
5665 381 381
5666 381 381
5667 381 381
5668 381 381
5669 381 381
5670 381 381
5671 381 381
5672 381 381
5673 381 381
5674 381 381
5675 381 381
5676 381 381
5677 381 381
5678 381 381
5679 381 381
5680 381 381
5681 381 381
5682 381 381
5683 381 381
5684 381 381
5685 381 381
5686 381 381
5687 381 381
5688 381 381
5689 381 381
5690 381 381
5691 381 381
5692 381 381
5693 381 381
5694 381 381
5695 381 381
5696 381 381
5697 381 381
5698 381 381
5699 381 381
5700 381 381
5701 381 381
5702 381 381
5703 381 381
5704 381 381
5705 381 381
5706 381 381
5707 381 381
5708 381 381
5709 381 381
5710 381 381
5711 381 381
5712 381 381
5713 381 381
5714 381 381
5715 381 381
5716 381 381
5717 381 381
5718 381 381
5719 381 381
5720 381 381
5721 381 381
5722 381 381
5723 381 381
5724 381 381
5725 381 381
5726 381 381
5727 381 381
5728 381 381
5729 381 381
5730 381 381
5731 381 381
5732 381 381
5733 381 381
5734 381 381
5735 381 381
5736 381 381
5737 381 381
5738 381 381
5739 381 381
5740 381 381
5741 381 381
5742 381 381
5743 381 381
5744 381 381
5745 381 381
5746 381 381
5747 381 381
5748 381 381
5749 381 381
5750 381 381
5751 381 381
5752 381 381
5753 381 381
5754 381 381
5755 381 381
5756 381 381
5757 381 381
5758 381 381
5759 381 381
5760 381 381
5761 381 381
5762 381 381
5763 381 381
5764 381 381
5765 381 381
5766 381 381
5767 381 381
5768 381 381
5769 381 381
5770 381 381
5771 381 381
5772 381 381
5773 381 381
5774 381 381
5775 381 381
5776 381 381
5777 381 381
5778 381 381
5779 381 381
5780 381 381
5781 381 381
5782 381 381
5783 381 381
5784 381 381
5785 381 381
5786 381 381
5787 381 381
5788 381 381
5789 381 381
5790 381 381
5791 381 381
5792 381 381
5793 381 381
5794 381 381
5795 381 381
5796 381 381
5797 381 381
5798 381 381
5799 381 381
5800 381 381
5801 381 381
5802 381 381
5803 381 381
5804 381 381
5805 381 381
5806 381 381
5807 381 381
5808 381 381
5809 381 381
5810 381 381
5811 381 381
5812 381 381
5813 381 381
5814 381 381
5815 381 381
5816 381 381
5817 381 381
5818 381 381
5819 381 381
5820 381 381
5821 381 381
5822 381 381
5823 381 381
5824 381 381
5825 381 381
5826 381 381
5827 381 381
5828 381 381
5829 381 381
5830 381 381
5831 381 381
5832 381 381
5833 381 381
5834 381 381
5835 381 381
5836 381 381
5837 381 381
5838 381 381
5839 381 381
5840 381 381
5841 381 381
5842 381 381
5843 381 381
5844 381 381
5845 381 381
5846 381 381
5847 381 381
5848 381 381
5849 381 381
5850 381 381
5851 381 381
5852 381 381
5853 381 381
5854 381 381
5855 381 381
5856 381 381
5857 381 381
5858 381 381
5859 381 381
5860 381 381
5861 381 381
5862 381 381
5863 381 381
5864 381 381
5865 381 381
5866 381 381
5867 381 381
5868 381 381
5869 381 381
5870 381 381
5871 381 381
5872 381 381
5873 381 381
5874 381 381
5875 381 381
5876 381 381
5877 381 381
5878 381 381
5879 381 381
5880 381 381
5881 381 381
5882 381 381
5883 381 381
5884 381 381
5885 381 381
5886 381 381
5887 381 381
5888 381 381
5889 381 381
5890 381 381
5891 381 381
5892 381 381
5893 381 381
5894 381 381
5895 381 381
5896 381 381
5897 381 381
5898 381 381
5899 381 381
5900 381 381
5901 381 381
5902 381 381
5903 381 381
5904 381 381
5905 381 381
5906 381 381
5907 381 381
5908 381 381
5909 381 381
5910 381 381
5911 381 381
5912 381 381
5913 381 381
5914 381 381
5915 381 381
5916 381 381
5917 381 381
5918 381 381
5919 381 381
5920 381 381
5921 381 381
5922 381 381
5923 381 381
5924 381 381
5925 381 381
5926 381 381
5927 381 381
5928 381 381
5929 381 381
5930 381 381
5931 381 381
5932 381 381
5933 381 381
5934 381 381
5935 381 381
5936 381 381
5937 381 381
5938 381 381
5939 381 381
5940 381 381
5941 381 381
5942 381 381
5943 381 381
5944 381 381
5945 381 381
5946 381 381
5947 381 381
5948 381 381
5949 381 381
5950 381 381
5951 381 381
5952 381 381
5953 381 381
5954 381 381
5955 381 381
5956 381 381
5957 381 381
5958 381 381
5959 381 381
5960 381 381
5961 381 381
5962 381 381
5963 381 381
5964 381 381
5965 381 381
5966 381 381
5967 381 381
5968 381 381
5969 381 381
5970 381 381
5971 381 381
5972 381 381
5973 381 381
5974 381 381
5975 381 381
5976 381 381
5977 381 381
5978 381 381
5979 381 381
5980 381 381
5981 381 381
5982 381 381
5983 381 381
5984 381 381
5985 381 381
5986 381 381
5987 381 381
5988 381 381
5989 381 381
5990 381 381
5991 381 381
5992 381 381
5993 381 381
5994 381 381
5995 381 381
5996 381 381
5997 381 381
5998 381 381
5999 381 381
6000 381 381
6001 381 381
6002 381 381
6003 381 381
6004 381 381
6005 381 381
6006 381 381
6007 381 381
6008 381 381
6009 381 381
6010 381 381
6011 381 381
6012 381 381
6013 381 381
6014 381 381
6015 381 381
6016 381 381
6017 381 381
6018 381 381
6019 381 381
6020 381 381
6021 381 381
6022 381 381
6023 381 381
6024 381 381
6025 381 381
6026 381 381
6027 381 381
6028 381 381
6029 381 381
6030 381 381
6031 381 381
6032 381 381
6033 381 381
6034 381 381
6035 381 381
6036 381 381
6037 381 381
6038 381 381
6039 381 381
6040 381 381
6041 381 381
6042 381 381
6043 381 381
6044 381 381
6045 381 381
6046 381 381
6047 381 381
6048 381 381
6049 381 381
6050 381 381
6051 381 381
6052 381 381
6053 381 381
6054 381 381
6055 381 381
6056 381 381
6057 381 381
6058 381 381
6059 381 381
6060 381 381
6061 381 381
6062 381 381
6063 381 381
6064 381 381
6065 381 381
6066 381 381
6067 381 381
6068 381 381
6069 381 381
6070 381 381
6071 381 381
6072 381 381
6073 381 381
6074 381 381
6075 381 381
6076 381 381
6077 381 381
6078 381 381
6079 381 381
6080 381 381
6081 381 381
6082 381 381
6083 381 381
6084 381 381
6085 381 381
6086 381 381
6087 381 381
6088 381 381
6089 381 381
6090 381 381
6091 381 381
6092 381 381
6093 381 381
6094 381 381
6095 381 381
6096 381 381
6097 381 381
6098 381 381
6099 381 381
6100 381 381
6101 381 381
6102 381 381
6103 381 381
6104 381 381
6105 381 381
6106 381 381
6107 381 381
6108 381 381
6109 381 381
6110 381 381
6111 381 381
6112 381 381
6113 381 381
6114 381 381
6115 381 381
6116 381 381
6117 381 381
6118 381 381
6119 381 381
6120 381 381
6121 381 381
6122 381 381
6123 381 381
6124 381 381
6125 381 381
6126 381 381
6127 381 381
6128 381 381
6129 381 381
6130 381 381
6131 381 381
6132 381 381
6133 381 381
6134 381 381
6135 381 381
6136 381 381
6137 381 381
6138 381 381
6139 381 381
6140 381 381
6141 381 381
6142 381 381
6143 381 381
6144 381 381
6145 381 381
6146 381 381
6147 381 381
6148 381 381
6149 381 381
6150 381 381
6151 381 381
6152 381 381
6153 381 381
6154 381 381
6155 381 381
6156 381 381
6157 381 381
6158 381 381
6159 381 381
