0 398 398
1 398 398
2 398 398
3 398 398
4 399 399
5 399 399
6 402 402
7 402 402
8 405 405
9 405 405
10 405 405
11 405 405
12 405 405
13 411 411
14 411 411
15 411 411
16 411 411
17 411 411
18 411 411
19 411 411
20 411 411
21 412 412
22 416 416
23 416 416
24 416 416
25 416 416
26 416 416
27 416 416
28 416 416
29 418 418
30 418 418
31 420 420
32 420 420
33 420 420
34 420 420
35 420 420
36 420 420
37 420 420
38 421 421
39 421 421
40 421 421
41 421 421
42 421 421
43 422 422
44 422 422
45 422 422
46 422 422
47 422 422
48 422 422
49 423 423
50 424 424
51 424 424
52 424 424
53 424 424
54 424 424
55 424 424
56 424 424
57 425 425
58 425 425
59 425 425
60 425 425
61 425 425
62 425 425
63 425 425
64 425 425
65 425 425
66 426 426
67 426 426
68 426 426
69 426 426
70 426 426
71 426 426
72 426 426
73 426 426
74 426 426
75 426 426
76 426 426
77 426 426
78 426 426
79 426 426
80 426 426
81 426 426
82 426 426
83 426 426
84 426 426
85 426 426
86 426 426
87 426 426
88 426 426
89 426 426
90 426 426
91 426 426
92 426 426
93 426 426
94 426 426
95 426 426
96 426 426
97 426 426
98 426 426
99 426 426
100 426 426
101 426 426
102 426 426
103 426 426
104 426 426
105 426 426
106 426 426
107 426 426
108 426 426
109 426 426
110 426 426
111 426 426
112 426 426
113 426 426
114 426 426
115 426 426
116 426 426
117 426 426
118 426 426
119 426 426
120 426 426
121 426 426
122 426 426
123 426 426
124 426 426
125 426 426
126 426 426
127 426 426
128 426 426
129 426 426
130 426 426
131 426 426
132 426 426
133 426 426
134 426 426
135 426 426
136 426 426
137 426 426
138 426 426
139 426 426
140 426 426
141 426 426
142 426 426
143 426 426
144 426 426
145 426 426
146 426 426
147 426 426
148 426 426
149 426 426
150 426 426
151 426 426
152 426 426
153 426 426
154 426 426
155 426 426
156 426 426
157 426 426
158 426 426
159 426 426
160 426 426
161 426 426
162 426 426
163 426 426
164 426 426
165 426 426
166 426 426
167 426 426
168 426 426
169 426 426
170 426 426
171 426 426
172 426 426
173 426 426
174 426 426
175 426 426
176 426 426
177 426 426
178 426 426
179 426 426
180 426 426
181 426 426
182 426 426
183 426 426
184 426 426
185 426 426
186 426 426
187 426 426
188 426 426
189 426 426
190 426 426
191 426 426
192 426 426
193 426 426
194 426 426
195 426 426
196 426 426
197 426 426
198 426 426
199 426 426
200 426 426
201 426 426
202 426 426
203 426 426
204 426 426
205 426 426
206 426 426
207 426 426
208 426 426
209 426 426
210 426 426
211 426 426
212 426 426
213 426 426
214 426 426
215 426 426
216 426 426
217 426 426
218 426 426
219 426 426
220 426 426
221 426 426
222 426 426
223 426 426
224 426 426
225 426 426
226 426 426
227 426 426
228 426 426
229 426 426
230 426 426
231 426 426
232 426 426
233 426 426
234 426 426
235 426 426
236 426 426
237 426 426
238 426 426
239 426 426
240 426 426
241 426 426
242 426 426
243 426 426
244 426 426
245 426 426
246 426 426
247 426 426
248 426 426
249 426 426
250 426 426
251 426 426
252 426 426
253 426 426
254 426 426
255 426 426
256 426 426
257 426 426
258 426 426
259 426 426
260 426 426
261 426 426
262 426 426
263 426 426
264 426 426
265 426 426
266 426 426
267 426 426
268 426 426
269 426 426
270 426 426
271 426 426
272 426 426
273 426 426
274 426 426
275 426 426
276 426 426
277 426 426
278 426 426
279 426 426
280 426 426
281 426 426
282 426 426
283 426 426
284 426 426
285 426 426
286 426 426
287 426 426
288 426 426
289 426 426
290 426 426
291 426 426
292 426 426
293 426 426
294 426 426
295 426 426
296 426 426
297 426 426
298 426 426
299 426 426
300 426 426
301 426 426
302 426 426
303 426 426
304 426 426
305 426 426
306 426 426
307 426 426
308 426 426
309 426 426
310 426 426
311 426 426
312 426 426
313 426 426
314 426 426
315 426 426
316 426 426
317 426 426
318 426 426
319 426 426
320 426 426
321 426 426
322 426 426
323 426 426
324 426 426
325 426 426
326 426 426
327 426 426
328 426 426
329 426 426
330 426 426
331 426 426
332 426 426
333 426 426
334 426 426
335 426 426
336 426 426
337 426 426
338 426 426
339 426 426
340 426 426
341 426 426
342 426 426
343 426 426
344 426 426
345 426 426
346 426 426
347 426 426
348 426 426
349 426 426
350 426 426
351 426 426
352 426 426
353 426 426
354 426 426
355 426 426
356 426 426
357 426 426
358 426 426
359 426 426
360 426 426
361 426 426
362 426 426
363 426 426
364 426 426
365 426 426
366 426 426
367 426 426
368 426 426
369 426 426
370 426 426
371 426 426
372 426 426
373 426 426
374 426 426
375 426 426
376 426 426
377 426 426
378 426 426
379 426 426
380 426 426
381 426 426
382 426 426
383 426 426
384 426 426
385 426 426
386 426 426
387 426 426
388 426 426
389 426 426
390 426 426
391 426 426
392 426 426
393 426 426
394 426 426
395 426 426
396 426 426
397 426 426
398 426 426
399 426 426
400 426 426
401 426 426
402 426 426
403 426 426
404 426 426
405 426 426
406 426 426
407 426 426
408 426 426
409 426 426
410 426 426
411 426 426
412 426 426
413 426 426
414 426 426
415 426 426
416 426 426
417 426 426
418 426 426
419 426 426
420 426 426
421 426 426
422 426 426
423 426 426
424 426 426
425 426 426
426 426 426
427 426 426
428 426 426
429 426 426
430 426 426
431 426 426
432 426 426
433 426 426
434 426 426
435 426 426
436 426 426
437 426 426
438 426 426
439 426 426
440 426 426
441 426 426
442 426 426
443 426 426
444 426 426
445 426 426
446 426 426
447 426 426
448 426 426
449 426 426
450 426 426
451 426 426
452 426 426
453 426 426
454 426 426
455 426 426
456 426 426
457 426 426
458 426 426
459 426 426
460 426 426
461 426 426
462 426 426
463 426 426
464 426 426
465 426 426
466 426 426
467 426 426
468 426 426
469 426 426
470 426 426
471 426 426
472 426 426
473 426 426
474 426 426
475 426 426
476 426 426
477 426 426
478 426 426
479 426 426
480 426 426
481 426 426
482 426 426
483 426 426
484 426 426
485 426 426
486 426 426
487 426 426
488 426 426
489 426 426
490 426 426
491 426 426
492 426 426
493 426 426
494 426 426
495 426 426
496 426 426
497 426 426
498 426 426
499 426 426
500 426 426
501 426 426
502 426 426
503 426 426
504 426 426
505 426 426
506 426 426
507 426 426
508 426 426
509 426 426
510 426 426
511 426 426
512 426 426
513 426 426
514 426 426
515 426 426
516 426 426
517 426 426
518 426 426
519 426 426
520 426 426
521 426 426
522 426 426
523 426 426
524 426 426
525 426 426
526 426 426
527 426 426
528 426 426
529 426 426
530 426 426
531 426 426
532 426 426
533 426 426
534 426 426
535 426 426
536 426 426
537 426 426
538 426 426
539 426 426
540 426 426
541 426 426
542 426 426
543 426 426
544 426 426
545 426 426
546 426 426
547 426 426
548 426 426
549 426 426
550 426 426
551 426 426
552 426 426
553 426 426
554 426 426
555 426 426
556 426 426
557 426 426
558 426 426
559 426 426
560 426 426
561 426 426
562 426 426
563 426 426
564 426 426
565 426 426
566 426 426
567 426 426
568 426 426
569 426 426
570 426 426
571 426 426
572 426 426
573 426 426
574 426 426
575 426 426
576 426 426
577 426 426
578 426 426
579 426 426
580 426 426
581 426 426
582 426 426
583 426 426
584 426 426
585 426 426
586 426 426
587 426 426
588 426 426
589 426 426
590 426 426
591 426 426
592 426 426
593 426 426
594 426 426
595 426 426
596 426 426
597 426 426
598 426 426
599 426 426
600 426 426
601 426 426
602 426 426
603 426 426
604 426 426
605 426 426
606 426 426
607 426 426
608 426 426
609 426 426
610 426 426
611 426 426
612 426 426
613 426 426
614 426 426
615 426 426
616 426 426
617 426 426
618 426 426
619 426 426
620 426 426
621 426 426
622 426 426
623 426 426
624 426 426
625 426 426
626 426 426
627 426 426
628 426 426
629 426 426
630 426 426
631 426 426
632 426 426
633 426 426
634 426 426
635 426 426
636 426 426
637 426 426
638 426 426
639 426 426
640 426 426
641 426 426
642 426 426
643 426 426
644 426 426
645 426 426
646 426 426
647 426 426
648 426 426
649 426 426
650 426 426
651 426 426
652 426 426
653 426 426
654 426 426
655 426 426
656 426 426
657 426 426
658 426 426
659 426 426
660 426 426
661 426 426
662 426 426
663 426 426
664 426 426
665 426 426
666 426 426
667 426 426
668 426 426
669 426 426
670 426 426
671 426 426
672 426 426
673 426 426
674 426 426
675 426 426
676 426 426
677 426 426
678 426 426
679 426 426
680 426 426
681 426 426
682 426 426
683 426 426
684 426 426
685 426 426
686 426 426
687 426 426
688 426 426
689 426 426
690 426 426
691 426 426
692 426 426
693 426 426
694 426 426
695 426 426
696 426 426
697 426 426
698 426 426
699 426 426
700 426 426
701 426 426
702 426 426
703 426 426
704 426 426
705 426 426
706 426 426
707 426 426
708 426 426
709 426 426
710 426 426
711 426 426
712 426 426
713 426 426
714 426 426
715 426 426
716 426 426
717 426 426
718 426 426
719 426 426
720 426 426
721 426 426
722 426 426
723 426 426
724 426 426
725 426 426
726 426 426
727 426 426
728 426 426
729 426 426
730 426 426
731 426 426
732 426 426
733 426 426
734 426 426
735 426 426
736 426 426
737 426 426
738 426 426
739 426 426
740 426 426
741 426 426
742 426 426
743 426 426
744 426 426
745 426 426
746 426 426
747 426 426
748 426 426
749 426 426
750 426 426
751 426 426
752 426 426
753 426 426
754 426 426
755 426 426
756 426 426
757 426 426
758 426 426
759 426 426
760 426 426
761 426 426
762 426 426
763 426 426
764 426 426
765 426 426
766 426 426
767 426 426
768 426 426
769 426 426
770 426 426
771 426 426
772 426 426
773 426 426
774 426 426
775 426 426
776 426 426
777 426 426
778 426 426
779 426 426
780 426 426
781 426 426
782 426 426
783 426 426
784 426 426
785 426 426
786 426 426
787 426 426
788 426 426
789 426 426
790 426 426
791 426 426
792 426 426
793 426 426
794 426 426
795 426 426
796 426 426
797 426 426
798 426 426
799 426 426
800 426 426
801 426 426
802 426 426
803 426 426
804 426 426
805 426 426
806 426 426
807 426 426
808 426 426
809 426 426
810 426 426
811 426 426
812 426 426
813 426 426
814 426 426
815 426 426
816 426 426
817 426 426
818 426 426
819 426 426
820 426 426
821 426 426
822 426 426
823 426 426
824 426 426
825 426 426
826 426 426
827 426 426
828 426 426
829 426 426
830 426 426
831 426 426
832 426 426
833 426 426
834 426 426
835 426 426
836 426 426
837 426 426
838 426 426
839 426 426
840 426 426
841 426 426
842 426 426
843 426 426
844 426 426
845 426 426
846 426 426
847 426 426
848 426 426
849 426 426
850 426 426
851 426 426
852 426 426
853 426 426
854 426 426
855 426 426
856 426 426
857 426 426
858 426 426
859 426 426
860 426 426
861 426 426
862 426 426
863 426 426
864 426 426
865 426 426
866 426 426
867 426 426
868 426 426
869 426 426
870 426 426
871 426 426
872 426 426
873 426 426
874 426 426
875 426 426
876 426 426
877 426 426
878 426 426
879 426 426
880 426 426
881 426 426
882 426 426
883 426 426
884 426 426
885 426 426
886 426 426
887 426 426
888 426 426
889 426 426
890 426 426
891 426 426
892 426 426
893 426 426
894 426 426
895 426 426
896 426 426
897 426 426
898 426 426
899 426 426
900 426 426
901 426 426
902 426 426
903 426 426
904 426 426
905 426 426
906 426 426
907 426 426
908 426 426
909 426 426
910 426 426
911 426 426
912 426 426
913 426 426
914 426 426
915 426 426
916 426 426
917 426 426
918 426 426
919 426 426
920 426 426
921 426 426
922 426 426
923 426 426
924 426 426
925 426 426
926 426 426
927 426 426
928 426 426
929 426 426
930 426 426
931 426 426
932 426 426
933 426 426
934 426 426
935 426 426
936 426 426
937 426 426
938 426 426
939 426 426
940 426 426
941 426 426
942 426 426
943 426 426
944 426 426
945 426 426
946 426 426
947 426 426
948 426 426
949 426 426
950 426 426
951 426 426
952 426 426
953 426 426
954 426 426
955 426 426
956 426 426
957 426 426
958 426 426
959 426 426
960 426 426
961 426 426
962 426 426
963 426 426
964 426 426
965 426 426
966 426 426
967 426 426
968 426 426
969 426 426
970 426 426
971 426 426
972 426 426
973 426 426
974 426 426
975 426 426
976 426 426
977 426 426
978 426 426
979 426 426
980 426 426
981 426 426
982 426 426
983 426 426
984 426 426
985 426 426
986 426 426
987 426 426
988 426 426
989 426 426
990 426 426
991 426 426
992 426 426
993 426 426
994 426 426
995 426 426
996 426 426
997 426 426
998 426 426
999 426 426
1000 426 426
1001 426 426
1002 426 426
1003 426 426
1004 426 426
1005 426 426
1006 426 426
1007 426 426
1008 426 426
1009 426 426
1010 426 426
1011 426 426
1012 426 426
1013 426 426
1014 426 426
1015 426 426
1016 426 426
1017 426 426
1018 426 426
1019 426 426
1020 426 426
1021 426 426
1022 426 426
1023 426 426
1024 426 426
1025 426 426
1026 426 426
1027 426 426
1028 426 426
1029 426 426
1030 426 426
1031 426 426
1032 426 426
1033 426 426
1034 426 426
1035 426 426
1036 426 426
1037 426 426
1038 426 426
1039 426 426
1040 426 426
1041 426 426
1042 426 426
1043 426 426
1044 426 426
1045 426 426
1046 426 426
1047 426 426
1048 426 426
1049 426 426
1050 426 426
1051 426 426
1052 426 426
1053 426 426
1054 426 426
1055 426 426
1056 426 426
1057 426 426
1058 426 426
1059 426 426
1060 426 426
1061 426 426
1062 426 426
1063 426 426
1064 426 426
1065 426 426
1066 426 426
1067 426 426
1068 426 426
1069 426 426
1070 426 426
1071 426 426
1072 426 426
1073 426 426
1074 426 426
1075 426 426
1076 426 426
1077 426 426
1078 426 426
1079 426 426
1080 426 426
1081 426 426
1082 426 426
1083 426 426
1084 426 426
1085 426 426
1086 426 426
1087 426 426
1088 426 426
1089 426 426
1090 426 426
1091 426 426
1092 426 426
1093 426 426
1094 426 426
1095 426 426
1096 426 426
1097 426 426
1098 426 426
1099 426 426
1100 426 426
1101 426 426
1102 426 426
1103 426 426
1104 426 426
1105 426 426
1106 426 426
1107 426 426
1108 426 426
1109 426 426
1110 426 426
1111 426 426
1112 426 426
1113 426 426
1114 426 426
1115 426 426
1116 426 426
1117 426 426
1118 426 426
1119 426 426
1120 426 426
1121 426 426
1122 426 426
1123 426 426
1124 426 426
1125 426 426
1126 426 426
1127 426 426
1128 426 426
1129 426 426
1130 426 426
1131 426 426
1132 426 426
1133 426 426
1134 426 426
1135 426 426
1136 426 426
1137 426 426
1138 426 426
1139 426 426
1140 426 426
1141 426 426
1142 426 426
1143 426 426
1144 426 426
1145 426 426
1146 426 426
1147 426 426
1148 426 426
1149 426 426
1150 426 426
1151 426 426
1152 426 426
1153 426 426
1154 426 426
1155 426 426
1156 426 426
1157 426 426
1158 426 426
1159 426 426
1160 426 426
1161 426 426
1162 426 426
1163 426 426
1164 426 426
1165 426 426
1166 426 426
1167 426 426
1168 426 426
1169 426 426
1170 426 426
1171 426 426
1172 426 426
1173 426 426
1174 426 426
1175 426 426
1176 426 426
1177 426 426
1178 426 426
1179 426 426
1180 426 426
1181 426 426
1182 426 426
1183 426 426
1184 426 426
1185 426 426
1186 426 426
1187 426 426
1188 426 426
1189 426 426
1190 426 426
1191 426 426
1192 426 426
1193 426 426
1194 426 426
1195 426 426
1196 426 426
1197 426 426
1198 426 426
1199 426 426
1200 426 426
1201 426 426
1202 426 426
1203 426 426
1204 426 426
1205 426 426
1206 426 426
1207 426 426
1208 426 426
1209 426 426
1210 426 426
1211 426 426
1212 426 426
1213 426 426
1214 426 426
1215 426 426
1216 426 426
1217 426 426
1218 426 426
1219 426 426
1220 426 426
1221 426 426
1222 426 426
1223 426 426
1224 426 426
1225 426 426
1226 426 426
1227 426 426
1228 426 426
1229 426 426
1230 426 426
1231 426 426
1232 426 426
1233 426 426
1234 426 426
1235 426 426
1236 426 426
1237 426 426
1238 426 426
1239 426 426
1240 426 426
1241 426 426
1242 426 426
1243 426 426
1244 426 426
1245 426 426
1246 426 426
1247 426 426
1248 426 426
1249 426 426
1250 426 426
1251 426 426
1252 426 426
1253 426 426
1254 426 426
1255 426 426
1256 426 426
1257 426 426
1258 426 426
1259 426 426
1260 426 426
1261 426 426
1262 426 426
1263 426 426
1264 426 426
1265 426 426
1266 426 426
1267 426 426
1268 426 426
1269 426 426
1270 426 426
1271 426 426
1272 426 426
1273 426 426
1274 426 426
1275 426 426
1276 426 426
1277 426 426
1278 426 426
1279 426 426
1280 426 426
1281 426 426
1282 426 426
1283 426 426
1284 426 426
1285 426 426
1286 426 426
1287 426 426
1288 426 426
1289 426 426
1290 426 426
1291 426 426
1292 426 426
1293 426 426
1294 426 426
1295 426 426
1296 426 426
1297 426 426
1298 426 426
1299 426 426
1300 426 426
1301 426 426
1302 426 426
1303 426 426
1304 426 426
1305 426 426
1306 426 426
1307 426 426
1308 426 426
1309 426 426
1310 426 426
1311 426 426
1312 426 426
1313 426 426
1314 426 426
1315 426 426
1316 426 426
1317 426 426
1318 426 426
1319 426 426
1320 426 426
1321 426 426
1322 426 426
1323 426 426
1324 426 426
1325 426 426
1326 426 426
1327 426 426
1328 426 426
1329 426 426
1330 426 426
1331 426 426
1332 426 426
1333 426 426
1334 426 426
1335 426 426
1336 426 426
1337 426 426
1338 426 426
1339 426 426
1340 426 426
1341 426 426
1342 426 426
1343 426 426
1344 426 426
1345 426 426
1346 426 426
1347 426 426
1348 426 426
1349 426 426
1350 426 426
1351 426 426
1352 426 426
1353 426 426
1354 426 426
1355 426 426
1356 426 426
1357 426 426
1358 426 426
1359 426 426
1360 426 426
1361 426 426
1362 426 426
1363 426 426
1364 426 426
1365 426 426
1366 426 426
1367 426 426
1368 426 426
1369 426 426
1370 426 426
1371 426 426
1372 426 426
1373 426 426
1374 426 426
1375 426 426
1376 426 426
1377 426 426
1378 426 426
1379 426 426
1380 426 426
1381 426 426
1382 426 426
1383 426 426
1384 426 426
1385 426 426
1386 426 426
1387 426 426
1388 426 426
1389 426 426
1390 426 426
1391 426 426
1392 426 426
1393 426 426
1394 426 426
1395 426 426
1396 426 426
1397 426 426
1398 426 426
1399 426 426
1400 426 426
1401 426 426
1402 426 426
1403 426 426
1404 426 426
1405 426 426
1406 426 426
1407 426 426
1408 426 426
1409 426 426
1410 426 426
1411 426 426
1412 426 426
1413 426 426
1414 426 426
1415 426 426
1416 426 426
1417 426 426
1418 426 426
1419 426 426
1420 426 426
1421 426 426
1422 426 426
1423 426 426
1424 426 426
1425 426 426
1426 426 426
1427 426 426
1428 426 426
1429 426 426
1430 426 426
1431 426 426
1432 426 426
1433 426 426
1434 426 426
1435 426 426
1436 426 426
1437 426 426
1438 426 426
1439 426 426
1440 426 426
1441 426 426
1442 426 426
1443 426 426
1444 426 426
1445 426 426
1446 426 426
1447 426 426
1448 426 426
1449 426 426
1450 426 426
1451 426 426
1452 426 426
1453 426 426
1454 426 426
1455 426 426
1456 426 426
1457 426 426
1458 426 426
1459 426 426
1460 426 426
1461 426 426
1462 426 426
1463 426 426
1464 426 426
1465 426 426
1466 426 426
1467 426 426
1468 426 426
1469 426 426
1470 426 426
1471 426 426
1472 426 426
1473 426 426
1474 426 426
1475 426 426
1476 426 426
1477 426 426
1478 426 426
1479 426 426
1480 426 426
1481 426 426
1482 426 426
1483 426 426
1484 426 426
1485 426 426
1486 426 426
1487 426 426
1488 426 426
1489 426 426
1490 426 426
1491 426 426
1492 426 426
1493 426 426
1494 426 426
1495 426 426
1496 426 426
1497 426 426
1498 426 426
1499 426 426
1500 426 426
1501 426 426
1502 426 426
1503 426 426
1504 426 426
1505 426 426
1506 426 426
1507 426 426
1508 426 426
1509 426 426
1510 426 426
1511 426 426
1512 426 426
1513 426 426
1514 426 426
1515 426 426
1516 426 426
1517 426 426
1518 426 426
1519 426 426
1520 426 426
1521 426 426
1522 426 426
1523 426 426
1524 426 426
1525 426 426
1526 426 426
1527 426 426
1528 426 426
1529 426 426
1530 426 426
1531 426 426
1532 426 426
1533 426 426
1534 426 426
1535 426 426
1536 426 426
1537 426 426
1538 426 426
1539 426 426
1540 426 426
1541 426 426
1542 426 426
1543 426 426
1544 426 426
1545 426 426
1546 426 426
1547 426 426
1548 426 426
1549 426 426
1550 426 426
1551 426 426
1552 426 426
1553 426 426
1554 426 426
1555 426 426
1556 426 426
1557 426 426
1558 426 426
1559 426 426
1560 426 426
1561 426 426
1562 426 426
1563 426 426
1564 426 426
1565 426 426
1566 426 426
1567 426 426
1568 426 426
1569 426 426
1570 426 426
1571 426 426
1572 426 426
1573 426 426
1574 426 426
1575 426 426
1576 426 426
1577 426 426
1578 426 426
1579 426 426
1580 426 426
1581 426 426
1582 426 426
1583 426 426
1584 426 426
1585 426 426
1586 426 426
1587 426 426
1588 426 426
1589 426 426
1590 426 426
1591 426 426
1592 426 426
1593 426 426
1594 426 426
1595 426 426
1596 426 426
1597 426 426
1598 426 426
1599 426 426
1600 426 426
1601 426 426
1602 426 426
1603 426 426
1604 426 426
1605 426 426
1606 426 426
1607 426 426
1608 426 426
1609 426 426
1610 426 426
1611 426 426
1612 426 426
1613 426 426
1614 426 426
1615 426 426
1616 426 426
1617 426 426
1618 426 426
1619 426 426
1620 426 426
1621 426 426
1622 426 426
1623 426 426
1624 426 426
1625 426 426
1626 426 426
1627 426 426
1628 426 426
1629 426 426
1630 426 426
1631 426 426
1632 426 426
1633 426 426
1634 426 426
1635 426 426
1636 426 426
1637 426 426
1638 426 426
1639 426 426
1640 426 426
1641 426 426
1642 426 426
1643 426 426
1644 426 426
1645 426 426
1646 426 426
1647 426 426
1648 426 426
1649 426 426
1650 426 426
1651 426 426
1652 426 426
1653 426 426
1654 426 426
1655 426 426
1656 426 426
1657 426 426
1658 426 426
1659 426 426
1660 426 426
1661 426 426
1662 426 426
1663 426 426
1664 426 426
1665 426 426
1666 426 426
1667 426 426
1668 426 426
1669 426 426
1670 426 426
1671 426 426
1672 426 426
1673 426 426
1674 426 426
1675 426 426
1676 426 426
1677 426 426
1678 426 426
1679 426 426
1680 426 426
1681 426 426
1682 426 426
1683 426 426
1684 426 426
1685 426 426
1686 426 426
1687 426 426
1688 426 426
1689 426 426
1690 426 426
1691 426 426
1692 426 426
1693 426 426
1694 426 426
1695 426 426
1696 426 426
1697 426 426
1698 426 426
1699 426 426
1700 426 426
1701 426 426
1702 426 426
1703 426 426
1704 426 426
1705 426 426
1706 426 426
1707 426 426
1708 426 426
1709 426 426
1710 426 426
1711 426 426
1712 426 426
1713 426 426
1714 426 426
1715 426 426
1716 426 426
1717 426 426
1718 426 426
1719 426 426
1720 426 426
1721 426 426
1722 426 426
1723 426 426
1724 426 426
1725 426 426
1726 426 426
1727 426 426
1728 426 426
1729 426 426
1730 426 426
1731 426 426
1732 426 426
1733 426 426
1734 426 426
1735 426 426
1736 426 426
1737 426 426
1738 426 426
1739 426 426
1740 426 426
1741 426 426
1742 426 426
1743 426 426
1744 426 426
1745 426 426
1746 426 426
1747 426 426
1748 426 426
1749 426 426
1750 426 426
1751 426 426
1752 426 426
1753 426 426
1754 426 426
1755 426 426
1756 426 426
1757 426 426
1758 426 426
1759 426 426
1760 426 426
1761 426 426
1762 426 426
1763 426 426
1764 426 426
1765 426 426
1766 426 426
1767 426 426
1768 426 426
1769 426 426
1770 426 426
1771 426 426
1772 426 426
1773 426 426
1774 426 426
1775 426 426
1776 426 426
1777 426 426
1778 426 426
1779 426 426
1780 426 426
1781 426 426
1782 426 426
1783 426 426
1784 426 426
1785 426 426
1786 426 426
1787 426 426
1788 426 426
1789 426 426
1790 426 426
1791 426 426
1792 426 426
1793 426 426
1794 426 426
1795 426 426
1796 426 426
1797 426 426
1798 426 426
1799 426 426
1800 426 426
1801 426 426
1802 426 426
1803 426 426
1804 426 426
1805 426 426
1806 426 426
1807 426 426
1808 426 426
1809 426 426
1810 426 426
1811 426 426
1812 426 426
1813 426 426
1814 426 426
1815 426 426
1816 426 426
1817 426 426
1818 426 426
1819 426 426
1820 426 426
1821 426 426
1822 426 426
1823 426 426
1824 426 426
1825 426 426
1826 426 426
1827 426 426
1828 426 426
1829 426 426
1830 426 426
1831 426 426
1832 426 426
1833 426 426
1834 426 426
1835 426 426
1836 426 426
1837 426 426
1838 426 426
1839 426 426
1840 426 426
1841 426 426
1842 426 426
1843 426 426
1844 426 426
1845 426 426
1846 426 426
1847 426 426
1848 426 426
1849 426 426
1850 426 426
1851 426 426
1852 426 426
1853 426 426
1854 426 426
1855 426 426
1856 426 426
1857 426 426
1858 426 426
1859 426 426
1860 426 426
1861 426 426
1862 426 426
1863 426 426
1864 426 426
1865 426 426
1866 426 426
1867 426 426
1868 426 426
1869 426 426
1870 426 426
1871 426 426
1872 426 426
1873 426 426
1874 426 426
1875 426 426
1876 426 426
1877 426 426
1878 426 426
1879 426 426
1880 426 426
1881 426 426
1882 426 426
1883 426 426
1884 426 426
1885 426 426
1886 426 426
1887 426 426
1888 426 426
1889 426 426
1890 426 426
1891 426 426
1892 426 426
1893 426 426
1894 426 426
1895 426 426
1896 426 426
1897 426 426
1898 426 426
1899 426 426
1900 426 426
1901 426 426
1902 426 426
1903 426 426
1904 426 426
1905 426 426
1906 426 426
1907 426 426
1908 426 426
1909 426 426
1910 426 426
1911 426 426
1912 426 426
1913 426 426
1914 426 426
1915 426 426
1916 426 426
1917 426 426
1918 426 426
1919 426 426
1920 426 426
1921 426 426
1922 426 426
1923 426 426
1924 426 426
1925 426 426
1926 426 426
1927 426 426
1928 426 426
1929 426 426
1930 426 426
1931 426 426
1932 426 426
1933 426 426
1934 426 426
1935 426 426
1936 426 426
1937 426 426
1938 426 426
1939 426 426
1940 426 426
1941 426 426
1942 426 426
1943 426 426
1944 426 426
1945 426 426
1946 426 426
1947 426 426
1948 426 426
1949 426 426
1950 426 426
1951 426 426
1952 426 426
1953 426 426
1954 426 426
1955 426 426
1956 426 426
1957 426 426
1958 426 426
1959 426 426
1960 426 426
1961 426 426
1962 426 426
1963 426 426
1964 426 426
1965 426 426
1966 426 426
1967 426 426
1968 426 426
1969 426 426
1970 426 426
1971 426 426
1972 426 426
1973 426 426
1974 426 426
1975 426 426
1976 426 426
1977 426 426
1978 426 426
1979 426 426
1980 426 426
1981 426 426
1982 426 426
1983 426 426
1984 426 426
1985 426 426
1986 426 426
1987 426 426
1988 426 426
1989 426 426
1990 426 426
1991 426 426
1992 426 426
1993 426 426
1994 426 426
1995 426 426
1996 426 426
1997 426 426
1998 426 426
1999 426 426
2000 426 426
2001 426 426
2002 426 426
2003 426 426
2004 426 426
2005 426 426
2006 426 426
2007 426 426
2008 426 426
2009 426 426
2010 426 426
2011 426 426
2012 426 426
2013 426 426
2014 426 426
2015 426 426
2016 426 426
2017 426 426
2018 426 426
2019 426 426
2020 426 426
2021 426 426
2022 426 426
2023 426 426
2024 426 426
2025 426 426
2026 426 426
2027 426 426
2028 426 426
2029 426 426
2030 426 426
2031 426 426
2032 426 426
2033 426 426
2034 426 426
2035 426 426
2036 426 426
2037 426 426
2038 426 426
2039 426 426
2040 426 426
2041 426 426
2042 426 426
2043 426 426
2044 426 426
2045 426 426
2046 426 426
2047 426 426
2048 426 426
2049 426 426
2050 426 426
2051 426 426
2052 426 426
2053 426 426
2054 426 426
2055 426 426
2056 426 426
2057 426 426
2058 426 426
2059 426 426
2060 426 426
2061 426 426
2062 426 426
2063 426 426
2064 426 426
2065 426 426
2066 426 426
2067 426 426
2068 426 426
2069 426 426
2070 426 426
2071 426 426
2072 426 426
2073 426 426
2074 426 426
2075 426 426
2076 426 426
2077 426 426
2078 426 426
2079 426 426
2080 426 426
2081 426 426
2082 426 426
2083 426 426
2084 426 426
2085 426 426
2086 426 426
2087 426 426
2088 426 426
2089 426 426
2090 426 426
2091 426 426
2092 426 426
2093 426 426
2094 426 426
2095 426 426
2096 426 426
2097 426 426
2098 426 426
2099 426 426
2100 426 426
2101 426 426
2102 426 426
2103 426 426
2104 426 426
2105 426 426
2106 426 426
2107 426 426
2108 426 426
2109 426 426
2110 426 426
2111 426 426
2112 426 426
2113 426 426
2114 426 426
2115 426 426
2116 426 426
2117 426 426
2118 426 426
2119 426 426
2120 426 426
2121 426 426
2122 426 426
2123 426 426
2124 426 426
2125 426 426
2126 426 426
2127 426 426
2128 426 426
2129 426 426
2130 426 426
2131 426 426
2132 426 426
2133 426 426
2134 426 426
2135 426 426
2136 426 426
2137 426 426
2138 426 426
2139 426 426
2140 426 426
2141 426 426
2142 426 426
2143 426 426
2144 426 426
2145 426 426
2146 426 426
2147 426 426
2148 426 426
2149 426 426
2150 426 426
2151 426 426
2152 426 426
2153 426 426
2154 426 426
2155 426 426
2156 426 426
2157 426 426
2158 426 426
2159 426 426
2160 426 426
2161 426 426
2162 426 426
2163 426 426
2164 426 426
2165 426 426
2166 426 426
2167 426 426
2168 426 426
2169 426 426
2170 426 426
2171 426 426
2172 426 426
2173 426 426
2174 426 426
2175 426 426
2176 426 426
2177 426 426
2178 426 426
2179 426 426
2180 426 426
2181 426 426
2182 426 426
2183 426 426
2184 426 426
2185 426 426
2186 426 426
2187 426 426
2188 426 426
2189 426 426
2190 426 426
2191 426 426
2192 426 426
2193 426 426
2194 426 426
2195 426 426
2196 426 426
2197 426 426
2198 426 426
2199 426 426
2200 426 426
2201 426 426
2202 426 426
2203 426 426
2204 426 426
2205 426 426
2206 426 426
2207 426 426
2208 426 426
2209 426 426
2210 426 426
2211 426 426
2212 426 426
2213 426 426
2214 426 426
2215 426 426
2216 426 426
2217 426 426
2218 426 426
2219 426 426
2220 426 426
2221 426 426
2222 426 426
2223 426 426
2224 426 426
2225 426 426
2226 426 426
2227 426 426
2228 426 426
2229 426 426
2230 426 426
2231 426 426
2232 426 426
2233 426 426
2234 426 426
2235 426 426
2236 426 426
2237 426 426
2238 426 426
2239 426 426
2240 426 426
2241 426 426
2242 426 426
2243 426 426
2244 426 426
2245 426 426
2246 426 426
2247 426 426
2248 426 426
2249 426 426
2250 426 426
2251 426 426
2252 426 426
2253 426 426
2254 426 426
2255 426 426
2256 426 426
2257 426 426
2258 426 426
2259 426 426
2260 426 426
2261 426 426
2262 426 426
2263 426 426
2264 426 426
2265 426 426
2266 426 426
2267 426 426
2268 426 426
2269 426 426
2270 426 426
2271 426 426
2272 426 426
2273 426 426
2274 426 426
2275 426 426
2276 426 426
2277 426 426
2278 426 426
2279 426 426
2280 426 426
2281 426 426
2282 426 426
2283 426 426
2284 426 426
2285 426 426
2286 426 426
2287 426 426
2288 426 426
2289 426 426
2290 426 426
2291 426 426
2292 426 426
2293 426 426
2294 426 426
2295 426 426
2296 426 426
2297 426 426
2298 426 426
2299 426 426
2300 426 426
2301 426 426
2302 426 426
2303 426 426
2304 426 426
2305 426 426
2306 426 426
2307 426 426
2308 426 426
2309 426 426
2310 426 426
2311 426 426
2312 426 426
2313 426 426
2314 426 426
2315 426 426
2316 426 426
2317 426 426
2318 426 426
2319 426 426
2320 426 426
2321 426 426
2322 426 426
2323 426 426
2324 426 426
2325 426 426
2326 426 426
2327 426 426
2328 426 426
2329 426 426
2330 426 426
2331 426 426
2332 426 426
2333 426 426
2334 426 426
2335 426 426
2336 426 426
2337 426 426
2338 426 426
2339 426 426
2340 426 426
2341 426 426
2342 426 426
2343 426 426
2344 426 426
2345 426 426
2346 426 426
2347 426 426
2348 426 426
2349 426 426
2350 426 426
2351 426 426
2352 426 426
2353 426 426
2354 426 426
2355 426 426
2356 426 426
2357 426 426
2358 426 426
2359 426 426
2360 426 426
2361 426 426
2362 426 426
2363 426 426
2364 426 426
2365 426 426
2366 426 426
2367 426 426
2368 426 426
2369 426 426
2370 426 426
2371 426 426
2372 426 426
2373 426 426
2374 426 426
2375 426 426
2376 426 426
2377 426 426
2378 426 426
2379 426 426
2380 426 426
2381 426 426
2382 426 426
2383 426 426
2384 426 426
2385 426 426
2386 426 426
2387 426 426
2388 426 426
2389 426 426
2390 426 426
2391 426 426
2392 426 426
2393 426 426
2394 426 426
2395 426 426
2396 426 426
2397 426 426
2398 426 426
2399 426 426
2400 426 426
2401 426 426
2402 426 426
2403 426 426
2404 426 426
2405 426 426
2406 426 426
2407 426 426
2408 426 426
2409 426 426
2410 426 426
2411 426 426
2412 426 426
2413 426 426
2414 426 426
2415 426 426
2416 426 426
2417 426 426
2418 426 426
2419 426 426
2420 426 426
2421 426 426
2422 426 426
2423 426 426
2424 426 426
2425 426 426
2426 426 426
2427 426 426
2428 426 426
2429 426 426
2430 426 426
2431 426 426
2432 426 426
2433 426 426
2434 426 426
2435 426 426
2436 426 426
2437 426 426
2438 426 426
2439 426 426
2440 426 426
2441 426 426
2442 426 426
2443 426 426
2444 426 426
2445 426 426
2446 426 426
2447 426 426
2448 426 426
2449 426 426
2450 426 426
2451 426 426
2452 426 426
2453 426 426
2454 426 426
2455 426 426
2456 426 426
2457 426 426
2458 426 426
2459 426 426
2460 426 426
2461 426 426
2462 426 426
2463 426 426
2464 426 426
2465 426 426
2466 426 426
2467 426 426
2468 426 426
2469 426 426
2470 426 426
2471 426 426
2472 426 426
2473 426 426
2474 426 426
2475 426 426
2476 426 426
2477 426 426
2478 426 426
2479 426 426
2480 426 426
2481 426 426
2482 426 426
2483 426 426
2484 426 426
2485 426 426
2486 426 426
2487 426 426
2488 426 426
2489 426 426
2490 426 426
2491 426 426
2492 426 426
2493 426 426
2494 426 426
2495 426 426
2496 426 426
2497 426 426
2498 426 426
2499 426 426
2500 426 426
2501 426 426
2502 426 426
2503 426 426
2504 426 426
2505 426 426
2506 426 426
2507 426 426
2508 426 426
2509 426 426
2510 426 426
2511 426 426
2512 426 426
2513 426 426
2514 426 426
2515 426 426
2516 426 426
2517 426 426
2518 426 426
2519 426 426
2520 426 426
2521 426 426
2522 426 426
2523 426 426
2524 426 426
2525 426 426
2526 426 426
2527 426 426
2528 426 426
2529 426 426
2530 426 426
2531 426 426
2532 426 426
2533 426 426
2534 426 426
2535 426 426
2536 426 426
2537 426 426
2538 426 426
2539 426 426
2540 426 426
2541 426 426
2542 426 426
2543 426 426
2544 426 426
2545 426 426
2546 426 426
2547 426 426
2548 426 426
2549 426 426
2550 426 426
2551 426 426
2552 426 426
2553 426 426
2554 426 426
2555 426 426
2556 426 426
2557 426 426
2558 426 426
2559 426 426
2560 426 426
2561 426 426
2562 426 426
2563 426 426
2564 426 426
2565 426 426
2566 426 426
2567 426 426
2568 426 426
2569 426 426
2570 426 426
2571 426 426
2572 426 426
2573 426 426
2574 426 426
2575 426 426
2576 426 426
2577 426 426
2578 426 426
2579 426 426
2580 426 426
2581 426 426
2582 426 426
2583 426 426
2584 426 426
2585 426 426
2586 426 426
2587 426 426
2588 426 426
2589 426 426
2590 426 426
2591 426 426
2592 426 426
2593 426 426
2594 426 426
2595 426 426
2596 426 426
2597 426 426
2598 426 426
2599 426 426
2600 426 426
2601 426 426
2602 426 426
2603 426 426
2604 426 426
2605 426 426
2606 426 426
2607 426 426
2608 426 426
2609 426 426
2610 426 426
2611 426 426
2612 426 426
2613 426 426
2614 426 426
2615 426 426
2616 426 426
2617 426 426
2618 426 426
2619 426 426
2620 426 426
2621 426 426
2622 426 426
2623 426 426
2624 426 426
2625 426 426
2626 426 426
2627 426 426
2628 426 426
2629 426 426
2630 426 426
2631 426 426
2632 426 426
2633 426 426
2634 426 426
2635 426 426
2636 426 426
2637 426 426
2638 426 426
2639 426 426
2640 426 426
2641 426 426
2642 426 426
2643 426 426
2644 426 426
2645 426 426
2646 426 426
2647 426 426
2648 426 426
2649 426 426
2650 426 426
2651 426 426
2652 426 426
2653 426 426
2654 426 426
2655 426 426
2656 426 426
2657 426 426
2658 426 426
2659 426 426
2660 426 426
2661 426 426
2662 426 426
2663 426 426
2664 426 426
2665 426 426
2666 426 426
2667 426 426
2668 426 426
2669 426 426
2670 426 426
2671 426 426
2672 426 426
2673 426 426
2674 426 426
2675 426 426
2676 426 426
2677 426 426
2678 426 426
2679 426 426
2680 426 426
2681 426 426
2682 426 426
2683 426 426
2684 426 426
2685 426 426
2686 426 426
2687 426 426
2688 426 426
2689 426 426
2690 426 426
2691 426 426
2692 426 426
2693 426 426
2694 426 426
2695 426 426
2696 426 426
2697 426 426
2698 426 426
2699 426 426
2700 426 426
2701 426 426
2702 426 426
2703 426 426
2704 426 426
2705 426 426
2706 426 426
2707 426 426
2708 426 426
2709 426 426
2710 426 426
2711 426 426
2712 426 426
2713 426 426
2714 426 426
2715 426 426
2716 426 426
2717 426 426
2718 426 426
2719 426 426
2720 426 426
2721 426 426
2722 426 426
2723 426 426
2724 426 426
2725 426 426
2726 426 426
2727 426 426
2728 426 426
2729 426 426
2730 426 426
2731 426 426
2732 426 426
2733 426 426
2734 426 426
2735 426 426
2736 426 426
2737 426 426
2738 426 426
2739 426 426
2740 426 426
2741 426 426
2742 426 426
2743 426 426
2744 426 426
2745 426 426
2746 426 426
2747 426 426
2748 426 426
2749 426 426
2750 426 426
2751 426 426
2752 426 426
2753 426 426
2754 426 426
2755 426 426
2756 426 426
2757 426 426
2758 426 426
2759 426 426
2760 426 426
2761 426 426
2762 426 426
2763 426 426
2764 426 426
2765 426 426
2766 426 426
2767 426 426
2768 426 426
2769 426 426
2770 426 426
2771 426 426
2772 426 426
2773 426 426
2774 426 426
2775 426 426
2776 426 426
2777 426 426
2778 426 426
2779 426 426
2780 426 426
2781 426 426
2782 426 426
2783 426 426
2784 426 426
2785 426 426
2786 426 426
2787 426 426
2788 426 426
2789 426 426
2790 426 426
2791 426 426
2792 426 426
2793 426 426
2794 426 426
2795 426 426
2796 426 426
2797 426 426
2798 426 426
2799 426 426
2800 426 426
2801 426 426
2802 426 426
2803 426 426
2804 426 426
2805 426 426
2806 426 426
2807 426 426
2808 426 426
2809 426 426
2810 426 426
2811 426 426
2812 426 426
2813 426 426
2814 426 426
2815 426 426
2816 426 426
2817 426 426
2818 426 426
2819 426 426
2820 426 426
2821 426 426
2822 426 426
2823 426 426
2824 426 426
2825 426 426
2826 426 426
2827 426 426
2828 426 426
2829 426 426
2830 426 426
2831 426 426
2832 426 426
2833 426 426
2834 426 426
2835 426 426
2836 426 426
2837 426 426
2838 426 426
2839 426 426
2840 426 426
2841 426 426
2842 426 426
2843 426 426
2844 426 426
2845 426 426
2846 426 426
2847 426 426
2848 426 426
2849 426 426
2850 426 426
2851 426 426
2852 426 426
2853 426 426
2854 426 426
2855 426 426
2856 426 426
2857 426 426
2858 426 426
2859 426 426
2860 426 426
2861 426 426
2862 426 426
2863 426 426
2864 426 426
2865 426 426
2866 426 426
2867 426 426
2868 426 426
2869 426 426
2870 426 426
2871 426 426
2872 426 426
2873 426 426
2874 426 426
2875 426 426
2876 426 426
2877 426 426
2878 426 426
2879 426 426
2880 426 426
2881 426 426
2882 426 426
2883 426 426
2884 426 426
2885 426 426
2886 426 426
2887 426 426
2888 426 426
2889 426 426
2890 426 426
2891 426 426
2892 426 426
2893 426 426
2894 426 426
2895 426 426
2896 426 426
2897 426 426
2898 426 426
2899 426 426
2900 426 426
2901 426 426
2902 426 426
2903 426 426
2904 426 426
2905 426 426
2906 426 426
2907 426 426
2908 426 426
2909 426 426
2910 426 426
2911 426 426
2912 426 426
2913 426 426
2914 426 426
2915 426 426
2916 426 426
2917 426 426
2918 426 426
2919 426 426
2920 426 426
2921 426 426
2922 426 426
2923 426 426
2924 426 426
2925 426 426
2926 426 426
2927 426 426
2928 426 426
2929 426 426
2930 426 426
2931 426 426
2932 426 426
2933 426 426
2934 426 426
2935 426 426
2936 426 426
2937 426 426
2938 426 426
2939 426 426
2940 426 426
2941 426 426
2942 426 426
2943 426 426
2944 426 426
2945 426 426
2946 426 426
2947 426 426
2948 426 426
2949 426 426
2950 426 426
2951 426 426
2952 426 426
2953 426 426
2954 426 426
2955 426 426
2956 426 426
2957 426 426
2958 426 426
2959 426 426
2960 426 426
2961 426 426
2962 426 426
2963 426 426
2964 426 426
2965 426 426
2966 426 426
2967 426 426
2968 426 426
2969 426 426
2970 426 426
2971 426 426
2972 426 426
2973 426 426
2974 426 426
2975 426 426
2976 426 426
2977 426 426
2978 426 426
2979 426 426
2980 426 426
2981 426 426
2982 426 426
2983 426 426
2984 426 426
2985 426 426
2986 426 426
2987 426 426
2988 426 426
2989 426 426
2990 426 426
2991 426 426
2992 426 426
2993 426 426
2994 426 426
2995 426 426
2996 426 426
2997 426 426
2998 426 426
2999 426 426
3000 426 426
3001 426 426
3002 426 426
3003 426 426
3004 426 426
3005 426 426
3006 426 426
3007 426 426
3008 426 426
3009 426 426
3010 426 426
3011 426 426
3012 426 426
3013 426 426
3014 426 426
3015 426 426
3016 426 426
3017 426 426
3018 426 426
3019 426 426
3020 426 426
3021 426 426
3022 426 426
3023 426 426
3024 426 426
3025 426 426
3026 426 426
3027 426 426
3028 426 426
3029 426 426
3030 426 426
3031 426 426
3032 426 426
3033 426 426
3034 426 426
3035 426 426
3036 426 426
3037 426 426
3038 426 426
3039 426 426
3040 426 426
3041 426 426
3042 426 426
3043 426 426
3044 426 426
3045 426 426
3046 426 426
3047 426 426
3048 426 426
3049 426 426
3050 426 426
3051 426 426
3052 426 426
3053 426 426
3054 426 426
3055 426 426
3056 426 426
3057 426 426
3058 426 426
3059 426 426
3060 426 426
3061 426 426
3062 426 426
3063 426 426
3064 426 426
3065 426 426
3066 426 426
3067 426 426
3068 426 426
3069 426 426
3070 426 426
3071 426 426
3072 426 426
3073 426 426
3074 426 426
3075 426 426
3076 426 426
3077 426 426
3078 426 426
3079 426 426
3080 426 426
3081 426 426
3082 426 426
3083 426 426
3084 426 426
3085 426 426
3086 426 426
3087 426 426
3088 426 426
3089 426 426
3090 426 426
3091 426 426
3092 426 426
3093 426 426
3094 426 426
3095 426 426
3096 426 426
3097 426 426
3098 426 426
3099 426 426
3100 426 426
3101 426 426
3102 426 426
3103 426 426
3104 426 426
3105 426 426
3106 426 426
3107 426 426
3108 426 426
3109 426 426
3110 426 426
3111 426 426
3112 426 426
3113 426 426
3114 426 426
3115 426 426
3116 426 426
3117 426 426
3118 426 426
3119 426 426
3120 426 426
3121 426 426
3122 426 426
3123 426 426
3124 426 426
3125 426 426
3126 426 426
3127 426 426
3128 426 426
3129 426 426
3130 426 426
3131 426 426
3132 426 426
3133 426 426
3134 426 426
3135 426 426
3136 426 426
3137 426 426
3138 426 426
3139 426 426
3140 426 426
3141 426 426
3142 426 426
3143 426 426
3144 426 426
3145 426 426
3146 426 426
3147 426 426
3148 426 426
3149 426 426
3150 426 426
3151 426 426
3152 426 426
3153 426 426
3154 426 426
3155 426 426
3156 426 426
3157 426 426
3158 426 426
3159 426 426
3160 426 426
3161 426 426
3162 426 426
3163 426 426
3164 426 426
3165 426 426
3166 426 426
3167 426 426
3168 426 426
3169 426 426
3170 426 426
3171 426 426
3172 426 426
3173 426 426
3174 426 426
3175 426 426
3176 426 426
3177 426 426
3178 426 426
3179 426 426
3180 426 426
3181 426 426
3182 426 426
3183 426 426
3184 426 426
3185 426 426
3186 426 426
3187 426 426
3188 426 426
3189 426 426
3190 426 426
3191 426 426
3192 426 426
3193 426 426
3194 426 426
3195 426 426
3196 426 426
3197 426 426
3198 426 426
3199 426 426
3200 426 426
3201 426 426
3202 426 426
3203 426 426
3204 426 426
3205 426 426
3206 426 426
3207 426 426
3208 426 426
3209 426 426
3210 426 426
3211 426 426
3212 426 426
3213 426 426
3214 426 426
3215 426 426
3216 426 426
3217 426 426
3218 426 426
3219 426 426
3220 426 426
3221 426 426
3222 426 426
3223 426 426
3224 426 426
3225 426 426
3226 426 426
3227 426 426
3228 426 426
3229 426 426
3230 426 426
3231 426 426
3232 426 426
3233 426 426
3234 426 426
3235 426 426
3236 426 426
3237 426 426
3238 426 426
3239 426 426
3240 426 426
3241 426 426
3242 426 426
3243 426 426
3244 426 426
3245 426 426
3246 426 426
3247 426 426
3248 426 426
3249 426 426
3250 426 426
3251 426 426
3252 426 426
3253 426 426
3254 426 426
3255 426 426
3256 426 426
3257 426 426
3258 426 426
3259 426 426
3260 426 426
3261 426 426
3262 426 426
3263 426 426
3264 426 426
3265 426 426
3266 426 426
3267 426 426
3268 426 426
3269 426 426
3270 426 426
3271 426 426
3272 426 426
3273 426 426
3274 426 426
3275 426 426
3276 426 426
3277 426 426
3278 426 426
3279 426 426
3280 426 426
3281 426 426
3282 426 426
3283 426 426
3284 426 426
3285 426 426
3286 426 426
3287 426 426
3288 426 426
3289 426 426
3290 426 426
3291 426 426
3292 426 426
3293 426 426
3294 426 426
3295 426 426
3296 426 426
3297 426 426
3298 426 426
3299 426 426
3300 426 426
3301 426 426
3302 426 426
3303 426 426
3304 426 426
3305 426 426
3306 426 426
3307 426 426
3308 426 426
3309 426 426
3310 426 426
3311 426 426
3312 426 426
3313 426 426
3314 426 426
3315 426 426
3316 426 426
3317 426 426
3318 426 426
3319 426 426
3320 426 426
3321 426 426
3322 426 426
3323 426 426
3324 426 426
3325 426 426
3326 426 426
3327 426 426
3328 426 426
3329 426 426
3330 426 426
3331 426 426
3332 426 426
3333 426 426
3334 426 426
3335 426 426
3336 426 426
3337 426 426
3338 426 426
3339 426 426
3340 426 426
3341 426 426
3342 426 426
3343 426 426
3344 426 426
3345 426 426
3346 426 426
3347 426 426
3348 426 426
3349 426 426
3350 426 426
3351 426 426
3352 426 426
3353 426 426
3354 426 426
3355 426 426
3356 426 426
3357 426 426
3358 426 426
3359 426 426
3360 426 426
3361 426 426
3362 426 426
3363 426 426
3364 426 426
3365 426 426
3366 426 426
3367 426 426
3368 426 426
3369 426 426
3370 426 426
3371 426 426
3372 426 426
3373 426 426
3374 426 426
3375 426 426
3376 426 426
3377 426 426
3378 426 426
3379 426 426
3380 426 426
3381 426 426
3382 426 426
3383 426 426
3384 426 426
3385 426 426
3386 426 426
3387 426 426
3388 426 426
3389 426 426
3390 426 426
3391 426 426
3392 426 426
3393 426 426
3394 426 426
3395 426 426
3396 426 426
3397 426 426
3398 426 426
3399 426 426
3400 426 426
3401 426 426
3402 426 426
3403 426 426
3404 426 426
3405 426 426
3406 426 426
3407 426 426
3408 426 426
3409 426 426
3410 426 426
3411 426 426
3412 426 426
3413 426 426
3414 426 426
3415 426 426
3416 426 426
3417 426 426
3418 426 426
3419 426 426
3420 426 426
3421 426 426
3422 426 426
3423 426 426
3424 426 426
3425 426 426
3426 426 426
3427 426 426
3428 426 426
3429 426 426
3430 426 426
3431 426 426
3432 426 426
3433 426 426
3434 426 426
3435 426 426
3436 426 426
3437 426 426
3438 426 426
3439 426 426
3440 426 426
3441 426 426
3442 426 426
3443 426 426
3444 426 426
3445 426 426
3446 426 426
3447 426 426
3448 426 426
3449 426 426
3450 426 426
3451 426 426
3452 426 426
3453 426 426
3454 426 426
3455 426 426
3456 426 426
3457 426 426
3458 426 426
3459 426 426
3460 426 426
3461 426 426
3462 426 426
3463 426 426
3464 426 426
3465 426 426
3466 426 426
3467 426 426
3468 426 426
3469 426 426
3470 426 426
3471 426 426
3472 426 426
3473 426 426
3474 426 426
3475 426 426
3476 426 426
3477 426 426
3478 426 426
3479 426 426
3480 426 426
3481 426 426
3482 426 426
3483 426 426
3484 426 426
3485 426 426
3486 426 426
3487 426 426
3488 426 426
3489 426 426
3490 426 426
3491 426 426
3492 426 426
3493 426 426
3494 426 426
3495 426 426
3496 426 426
3497 426 426
3498 426 426
3499 426 426
3500 426 426
3501 426 426
3502 426 426
3503 426 426
3504 426 426
3505 426 426
3506 426 426
3507 426 426
3508 426 426
3509 426 426
3510 426 426
3511 426 426
3512 426 426
3513 426 426
3514 426 426
3515 426 426
3516 426 426
3517 426 426
3518 426 426
3519 426 426
3520 426 426
3521 426 426
3522 426 426
3523 426 426
3524 426 426
3525 426 426
3526 426 426
3527 426 426
3528 426 426
3529 426 426
3530 426 426
3531 426 426
3532 426 426
3533 426 426
3534 426 426
3535 426 426
3536 426 426
3537 426 426
3538 426 426
3539 426 426
3540 426 426
3541 426 426
3542 426 426
3543 426 426
3544 426 426
3545 426 426
3546 426 426
3547 426 426
3548 426 426
3549 426 426
3550 426 426
3551 426 426
3552 426 426
3553 426 426
3554 426 426
3555 426 426
3556 426 426
3557 426 426
3558 426 426
3559 426 426
3560 426 426
3561 426 426
3562 426 426
3563 426 426
3564 426 426
3565 426 426
3566 426 426
3567 426 426
3568 426 426
3569 426 426
3570 426 426
3571 426 426
3572 426 426
3573 426 426
3574 426 426
3575 426 426
3576 426 426
3577 426 426
3578 426 426
3579 426 426
3580 426 426
3581 426 426
3582 426 426
3583 426 426
3584 426 426
3585 426 426
3586 426 426
3587 426 426
3588 426 426
3589 426 426
3590 426 426
3591 426 426
3592 426 426
3593 426 426
3594 426 426
3595 426 426
3596 426 426
3597 426 426
3598 426 426
3599 426 426
3600 426 426
3601 426 426
3602 426 426
3603 426 426
3604 426 426
3605 426 426
3606 426 426
3607 426 426
3608 426 426
3609 426 426
3610 426 426
3611 426 426
3612 426 426
3613 426 426
3614 426 426
3615 426 426
3616 426 426
3617 426 426
3618 426 426
3619 426 426
3620 426 426
3621 426 426
3622 426 426
3623 426 426
3624 426 426
3625 426 426
3626 426 426
3627 426 426
3628 426 426
3629 426 426
3630 426 426
3631 426 426
3632 426 426
3633 426 426
3634 426 426
3635 426 426
3636 426 426
3637 426 426
3638 426 426
3639 426 426
3640 426 426
3641 426 426
3642 426 426
3643 426 426
3644 426 426
3645 426 426
3646 426 426
3647 426 426
3648 426 426
3649 426 426
3650 426 426
3651 426 426
3652 426 426
3653 426 426
3654 426 426
3655 426 426
3656 426 426
3657 426 426
3658 426 426
3659 426 426
3660 426 426
3661 426 426
3662 426 426
3663 426 426
3664 426 426
3665 426 426
3666 426 426
3667 426 426
3668 426 426
3669 426 426
3670 426 426
3671 426 426
3672 426 426
3673 426 426
3674 426 426
3675 426 426
3676 426 426
3677 426 426
3678 426 426
3679 426 426
3680 426 426
3681 426 426
3682 426 426
3683 426 426
3684 426 426
3685 426 426
3686 426 426
3687 426 426
3688 426 426
3689 426 426
3690 426 426
3691 426 426
3692 426 426
3693 426 426
3694 426 426
3695 426 426
3696 426 426
3697 426 426
3698 426 426
3699 426 426
3700 426 426
3701 426 426
3702 426 426
3703 426 426
3704 426 426
3705 426 426
3706 426 426
3707 426 426
3708 426 426
3709 426 426
3710 426 426
3711 426 426
3712 426 426
3713 426 426
3714 426 426
3715 426 426
3716 426 426
3717 426 426
3718 426 426
3719 426 426
3720 426 426
3721 426 426
3722 426 426
3723 426 426
3724 426 426
3725 426 426
3726 426 426
3727 426 426
3728 426 426
3729 426 426
3730 426 426
3731 426 426
3732 426 426
3733 426 426
3734 426 426
3735 426 426
3736 426 426
3737 426 426
3738 426 426
3739 426 426
3740 426 426
3741 426 426
3742 426 426
3743 426 426
3744 426 426
3745 426 426
3746 426 426
3747 426 426
3748 426 426
3749 426 426
3750 426 426
3751 426 426
3752 426 426
3753 426 426
3754 426 426
3755 426 426
3756 426 426
3757 426 426
3758 426 426
3759 426 426
3760 426 426
3761 426 426
3762 426 426
3763 426 426
3764 426 426
3765 426 426
3766 426 426
3767 426 426
3768 426 426
3769 426 426
3770 426 426
3771 426 426
3772 426 426
3773 426 426
3774 426 426
3775 426 426
3776 426 426
3777 426 426
3778 426 426
3779 426 426
3780 426 426
3781 426 426
3782 426 426
3783 426 426
3784 426 426
3785 426 426
3786 426 426
3787 426 426
3788 426 426
3789 426 426
3790 426 426
3791 426 426
3792 426 426
3793 426 426
3794 426 426
3795 426 426
3796 426 426
3797 426 426
3798 426 426
3799 426 426
3800 426 426
3801 426 426
3802 426 426
3803 426 426
3804 426 426
3805 426 426
3806 426 426
3807 426 426
3808 426 426
3809 426 426
3810 426 426
3811 426 426
3812 426 426
3813 426 426
3814 426 426
3815 426 426
3816 426 426
3817 426 426
3818 426 426
3819 426 426
3820 426 426
3821 426 426
3822 426 426
3823 426 426
3824 426 426
3825 426 426
3826 426 426
3827 426 426
3828 426 426
3829 426 426
3830 426 426
3831 426 426
3832 426 426
3833 426 426
3834 426 426
3835 426 426
3836 426 426
3837 426 426
3838 426 426
3839 426 426
3840 426 426
3841 426 426
3842 426 426
3843 426 426
3844 426 426
3845 426 426
3846 426 426
3847 426 426
3848 426 426
3849 426 426
3850 426 426
3851 426 426
3852 426 426
3853 426 426
3854 426 426
3855 426 426
3856 426 426
3857 426 426
3858 426 426
3859 426 426
3860 426 426
3861 426 426
3862 426 426
3863 426 426
3864 426 426
3865 426 426
3866 426 426
3867 426 426
3868 426 426
3869 426 426
3870 426 426
3871 426 426
3872 426 426
3873 426 426
3874 426 426
3875 426 426
3876 426 426
3877 426 426
3878 426 426
3879 426 426
3880 426 426
3881 426 426
3882 426 426
3883 426 426
3884 426 426
3885 426 426
3886 426 426
3887 426 426
3888 426 426
3889 426 426
3890 426 426
3891 426 426
3892 426 426
3893 426 426
3894 426 426
3895 426 426
3896 426 426
3897 426 426
3898 426 426
3899 426 426
3900 426 426
3901 426 426
3902 426 426
3903 426 426
3904 426 426
3905 426 426
3906 426 426
3907 426 426
3908 426 426
3909 426 426
3910 426 426
3911 426 426
3912 426 426
3913 426 426
3914 426 426
3915 426 426
3916 426 426
3917 426 426
3918 426 426
3919 426 426
3920 426 426
3921 426 426
3922 426 426
3923 426 426
3924 426 426
3925 426 426
3926 426 426
3927 426 426
3928 426 426
3929 426 426
3930 426 426
3931 426 426
3932 426 426
3933 426 426
3934 426 426
3935 426 426
3936 426 426
3937 426 426
3938 426 426
3939 426 426
3940 426 426
3941 426 426
3942 426 426
3943 426 426
3944 426 426
3945 426 426
3946 426 426
3947 426 426
3948 426 426
3949 426 426
3950 426 426
3951 426 426
3952 426 426
3953 426 426
3954 426 426
3955 426 426
3956 426 426
3957 426 426
3958 426 426
3959 426 426
3960 426 426
3961 426 426
3962 426 426
3963 426 426
3964 426 426
3965 426 426
3966 426 426
3967 426 426
3968 426 426
3969 426 426
3970 426 426
3971 426 426
3972 426 426
3973 426 426
3974 426 426
3975 426 426
3976 426 426
3977 426 426
3978 426 426
3979 426 426
3980 426 426
3981 426 426
3982 426 426
3983 426 426
3984 426 426
3985 426 426
3986 426 426
3987 426 426
3988 426 426
3989 426 426
3990 426 426
3991 426 426
3992 426 426
3993 426 426
3994 426 426
3995 426 426
3996 426 426
3997 426 426
3998 426 426
3999 426 426
4000 426 426
4001 426 426
4002 426 426
4003 426 426
4004 426 426
4005 426 426
4006 426 426
4007 426 426
4008 426 426
4009 426 426
4010 426 426
4011 426 426
4012 426 426
4013 426 426
4014 426 426
4015 426 426
4016 426 426
4017 426 426
4018 426 426
4019 426 426
4020 426 426
4021 426 426
4022 426 426
4023 426 426
4024 426 426
4025 426 426
4026 426 426
4027 426 426
4028 426 426
4029 426 426
4030 426 426
4031 426 426
4032 426 426
4033 426 426
4034 426 426
4035 426 426
4036 426 426
4037 426 426
4038 426 426
4039 426 426
4040 426 426
4041 426 426
4042 426 426
4043 426 426
4044 426 426
4045 426 426
4046 426 426
4047 426 426
4048 426 426
4049 426 426
4050 426 426
4051 426 426
4052 426 426
4053 426 426
4054 426 426
4055 426 426
4056 426 426
4057 426 426
4058 426 426
4059 426 426
4060 426 426
4061 426 426
4062 426 426
4063 426 426
4064 426 426
4065 426 426
4066 426 426
4067 426 426
4068 426 426
4069 426 426
4070 426 426
4071 426 426
4072 426 426
4073 426 426
4074 426 426
4075 426 426
4076 426 426
4077 426 426
4078 426 426
4079 426 426
4080 426 426
4081 426 426
4082 426 426
4083 426 426
4084 426 426
4085 426 426
4086 426 426
4087 426 426
4088 426 426
4089 426 426
4090 426 426
4091 426 426
4092 426 426
4093 426 426
4094 426 426
4095 426 426
4096 426 426
4097 426 426
4098 426 426
4099 426 426
4100 426 426
4101 426 426
4102 426 426
4103 426 426
4104 426 426
4105 426 426
4106 426 426
4107 426 426
4108 426 426
4109 426 426
4110 426 426
4111 426 426
4112 426 426
4113 426 426
4114 426 426
4115 426 426
4116 426 426
4117 426 426
4118 426 426
4119 426 426
4120 426 426
4121 426 426
4122 426 426
4123 426 426
4124 426 426
4125 426 426
4126 426 426
4127 426 426
4128 426 426
4129 426 426
4130 426 426
4131 426 426
4132 426 426
4133 426 426
4134 426 426
4135 426 426
4136 426 426
4137 426 426
4138 426 426
4139 426 426
4140 426 426
4141 426 426
4142 426 426
4143 426 426
4144 426 426
4145 426 426
4146 426 426
4147 426 426
4148 426 426
4149 426 426
4150 426 426
4151 426 426
4152 426 426
4153 426 426
4154 426 426
4155 426 426
4156 426 426
4157 426 426
4158 426 426
4159 426 426
4160 426 426
4161 426 426
4162 426 426
4163 426 426
4164 426 426
4165 426 426
4166 426 426
4167 426 426
4168 426 426
4169 426 426
4170 426 426
4171 426 426
4172 426 426
4173 426 426
4174 426 426
4175 426 426
4176 426 426
4177 426 426
4178 426 426
4179 426 426
4180 426 426
4181 426 426
4182 426 426
4183 426 426
4184 426 426
4185 426 426
4186 426 426
4187 426 426
4188 426 426
4189 426 426
4190 426 426
4191 426 426
4192 426 426
4193 426 426
4194 426 426
4195 426 426
4196 426 426
4197 426 426
4198 426 426
4199 426 426
4200 426 426
4201 426 426
4202 426 426
4203 426 426
4204 426 426
4205 426 426
4206 426 426
4207 426 426
4208 426 426
4209 426 426
4210 426 426
4211 426 426
4212 426 426
4213 426 426
4214 426 426
4215 426 426
4216 426 426
4217 426 426
4218 426 426
4219 426 426
4220 426 426
4221 426 426
4222 426 426
4223 426 426
4224 426 426
4225 426 426
4226 426 426
4227 426 426
4228 426 426
4229 426 426
4230 426 426
4231 426 426
4232 426 426
4233 426 426
4234 426 426
4235 426 426
4236 426 426
4237 426 426
4238 426 426
4239 426 426
4240 426 426
4241 426 426
4242 426 426
4243 426 426
4244 426 426
4245 426 426
4246 426 426
4247 426 426
4248 426 426
4249 426 426
4250 426 426
4251 426 426
4252 426 426
4253 426 426
4254 426 426
4255 426 426
4256 426 426
4257 426 426
4258 426 426
4259 426 426
4260 426 426
4261 426 426
4262 426 426
4263 426 426
4264 426 426
4265 426 426
4266 426 426
4267 426 426
4268 426 426
4269 426 426
4270 426 426
4271 426 426
4272 426 426
4273 426 426
4274 426 426
4275 426 426
4276 426 426
4277 426 426
4278 426 426
4279 426 426
4280 426 426
4281 426 426
4282 426 426
4283 426 426
4284 426 426
4285 426 426
4286 426 426
4287 426 426
4288 426 426
4289 426 426
4290 426 426
4291 426 426
4292 426 426
4293 426 426
4294 426 426
4295 426 426
4296 426 426
4297 426 426
4298 426 426
4299 426 426
4300 426 426
4301 426 426
4302 426 426
4303 426 426
4304 426 426
4305 426 426
4306 426 426
4307 426 426
4308 426 426
4309 426 426
4310 426 426
4311 426 426
4312 426 426
4313 426 426
4314 426 426
4315 426 426
4316 426 426
4317 426 426
4318 426 426
4319 426 426
4320 426 426
4321 426 426
4322 426 426
4323 426 426
4324 426 426
4325 426 426
4326 426 426
4327 426 426
4328 426 426
4329 426 426
4330 426 426
4331 426 426
4332 426 426
4333 426 426
4334 426 426
4335 426 426
4336 426 426
4337 426 426
4338 426 426
4339 426 426
4340 426 426
4341 426 426
4342 426 426
4343 426 426
4344 426 426
4345 426 426
4346 426 426
4347 426 426
4348 426 426
4349 426 426
4350 426 426
4351 426 426
4352 426 426
4353 426 426
4354 426 426
4355 426 426
4356 426 426
4357 426 426
4358 426 426
4359 426 426
4360 426 426
4361 426 426
4362 426 426
4363 426 426
4364 426 426
4365 426 426
4366 426 426
4367 426 426
4368 426 426
4369 426 426
4370 426 426
4371 426 426
4372 426 426
4373 426 426
4374 426 426
4375 426 426
4376 426 426
4377 426 426
4378 426 426
4379 426 426
4380 426 426
4381 426 426
4382 426 426
4383 426 426
4384 426 426
4385 426 426
4386 426 426
4387 426 426
4388 426 426
4389 426 426
4390 426 426
4391 426 426
4392 426 426
4393 426 426
4394 426 426
4395 426 426
4396 426 426
4397 426 426
4398 426 426
4399 426 426
4400 426 426
4401 426 426
4402 426 426
4403 426 426
4404 426 426
4405 426 426
4406 426 426
4407 426 426
4408 426 426
4409 426 426
4410 426 426
4411 426 426
4412 426 426
4413 426 426
4414 426 426
4415 426 426
4416 426 426
4417 426 426
4418 426 426
4419 426 426
4420 426 426
4421 426 426
4422 426 426
4423 426 426
4424 426 426
4425 426 426
4426 426 426
4427 426 426
4428 426 426
4429 426 426
4430 426 426
4431 426 426
4432 426 426
4433 426 426
4434 426 426
4435 426 426
4436 426 426
4437 426 426
4438 426 426
4439 426 426
4440 426 426
4441 426 426
4442 426 426
4443 426 426
4444 426 426
4445 426 426
4446 426 426
4447 426 426
4448 426 426
4449 426 426
4450 426 426
4451 426 426
4452 426 426
4453 426 426
4454 426 426
4455 426 426
4456 426 426
4457 426 426
4458 426 426
4459 426 426
4460 426 426
4461 426 426
4462 426 426
4463 426 426
4464 426 426
4465 426 426
4466 426 426
4467 426 426
4468 426 426
4469 426 426
4470 426 426
4471 426 426
4472 426 426
4473 426 426
4474 426 426
4475 426 426
4476 426 426
4477 426 426
4478 426 426
4479 426 426
4480 426 426
4481 426 426
4482 426 426
4483 426 426
4484 426 426
4485 426 426
4486 426 426
4487 426 426
4488 426 426
4489 426 426
4490 426 426
4491 426 426
4492 426 426
4493 426 426
4494 426 426
4495 426 426
4496 426 426
4497 426 426
4498 426 426
4499 426 426
4500 426 426
4501 426 426
4502 426 426
4503 426 426
4504 426 426
4505 426 426
4506 426 426
4507 426 426
4508 426 426
4509 426 426
4510 426 426
4511 426 426
4512 426 426
4513 426 426
4514 426 426
4515 426 426
4516 426 426
4517 426 426
4518 426 426
4519 426 426
4520 426 426
4521 426 426
4522 426 426
4523 426 426
4524 426 426
4525 426 426
4526 426 426
4527 426 426
4528 426 426
4529 426 426
4530 426 426
4531 426 426
4532 426 426
4533 426 426
4534 426 426
4535 426 426
4536 426 426
4537 426 426
4538 426 426
4539 426 426
4540 426 426
4541 426 426
4542 426 426
4543 426 426
4544 426 426
4545 426 426
4546 426 426
4547 426 426
4548 426 426
4549 426 426
4550 426 426
4551 426 426
4552 426 426
4553 426 426
4554 426 426
4555 426 426
4556 426 426
4557 426 426
4558 426 426
4559 426 426
4560 426 426
4561 426 426
4562 426 426
4563 426 426
4564 426 426
4565 426 426
4566 426 426
4567 426 426
4568 426 426
4569 426 426
4570 426 426
4571 426 426
4572 426 426
4573 426 426
4574 426 426
4575 426 426
4576 426 426
4577 426 426
4578 426 426
4579 426 426
4580 426 426
4581 426 426
4582 426 426
4583 426 426
4584 426 426
4585 426 426
4586 426 426
4587 426 426
4588 426 426
4589 426 426
4590 426 426
4591 426 426
4592 426 426
4593 426 426
4594 426 426
4595 426 426
4596 426 426
4597 426 426
4598 426 426
4599 426 426
4600 426 426
4601 426 426
4602 426 426
4603 426 426
4604 426 426
4605 426 426
4606 426 426
4607 426 426
4608 426 426
4609 426 426
4610 426 426
4611 426 426
4612 426 426
4613 426 426
4614 426 426
4615 426 426
4616 426 426
4617 426 426
4618 426 426
4619 426 426
4620 426 426
4621 426 426
4622 426 426
4623 426 426
4624 426 426
4625 426 426
4626 426 426
4627 426 426
4628 426 426
4629 426 426
4630 426 426
4631 426 426
4632 426 426
4633 426 426
4634 426 426
4635 426 426
4636 426 426
4637 426 426
4638 426 426
4639 426 426
4640 426 426
4641 426 426
4642 426 426
4643 426 426
4644 426 426
4645 426 426
4646 426 426
4647 426 426
4648 426 426
4649 426 426
4650 426 426
4651 426 426
4652 426 426
4653 426 426
4654 426 426
4655 426 426
4656 426 426
4657 426 426
4658 426 426
4659 426 426
4660 426 426
4661 426 426
4662 426 426
4663 426 426
4664 426 426
4665 426 426
4666 426 426
4667 426 426
4668 426 426
4669 426 426
4670 426 426
4671 426 426
4672 426 426
4673 426 426
4674 426 426
4675 426 426
4676 426 426
4677 426 426
4678 426 426
4679 426 426
4680 426 426
4681 426 426
4682 426 426
4683 426 426
4684 426 426
4685 426 426
4686 426 426
4687 426 426
4688 426 426
4689 426 426
4690 426 426
4691 426 426
4692 426 426
4693 426 426
4694 426 426
4695 426 426
4696 426 426
4697 426 426
4698 426 426
4699 426 426
4700 426 426
4701 426 426
4702 426 426
4703 426 426
4704 426 426
4705 426 426
4706 426 426
4707 426 426
4708 426 426
4709 426 426
4710 426 426
4711 426 426
4712 426 426
4713 426 426
4714 426 426
4715 426 426
4716 426 426
4717 426 426
4718 426 426
4719 426 426
4720 426 426
4721 426 426
4722 426 426
4723 426 426
4724 426 426
4725 426 426
4726 426 426
4727 426 426
4728 426 426
4729 426 426
4730 426 426
4731 426 426
4732 426 426
4733 426 426
4734 426 426
4735 426 426
4736 426 426
4737 426 426
4738 426 426
4739 426 426
4740 426 426
4741 426 426
4742 426 426
4743 426 426
4744 426 426
4745 426 426
4746 426 426
4747 426 426
4748 426 426
4749 426 426
4750 426 426
4751 426 426
4752 426 426
4753 426 426
4754 426 426
4755 426 426
4756 426 426
4757 426 426
4758 426 426
4759 426 426
4760 426 426
4761 426 426
4762 426 426
4763 426 426
4764 426 426
4765 426 426
4766 426 426
4767 426 426
4768 426 426
4769 426 426
4770 426 426
4771 426 426
4772 426 426
4773 426 426
4774 426 426
4775 426 426
4776 426 426
4777 426 426
4778 426 426
4779 426 426
4780 426 426
4781 426 426
4782 426 426
4783 426 426
4784 426 426
4785 426 426
4786 426 426
4787 426 426
4788 426 426
4789 426 426
4790 426 426
4791 426 426
4792 426 426
4793 426 426
4794 426 426
4795 426 426
4796 426 426
4797 426 426
4798 426 426
4799 426 426
4800 426 426
4801 426 426
4802 426 426
4803 426 426
4804 426 426
4805 426 426
4806 426 426
4807 426 426
4808 426 426
4809 426 426
4810 426 426
4811 426 426
4812 426 426
4813 426 426
4814 426 426
4815 426 426
4816 426 426
4817 426 426
4818 426 426
4819 426 426
4820 426 426
4821 426 426
4822 426 426
4823 426 426
4824 426 426
4825 426 426
4826 426 426
4827 426 426
4828 426 426
4829 426 426
4830 426 426
4831 426 426
4832 426 426
4833 426 426
4834 426 426
4835 426 426
4836 426 426
4837 426 426
4838 426 426
4839 426 426
4840 426 426
4841 426 426
4842 426 426
4843 426 426
4844 426 426
4845 426 426
4846 426 426
4847 426 426
4848 426 426
4849 426 426
4850 426 426
4851 426 426
4852 426 426
4853 426 426
4854 426 426
4855 426 426
4856 426 426
4857 426 426
4858 426 426
4859 426 426
4860 426 426
4861 426 426
4862 426 426
4863 426 426
4864 426 426
4865 426 426
4866 426 426
4867 426 426
4868 426 426
4869 426 426
4870 426 426
4871 426 426
4872 426 426
4873 426 426
4874 426 426
4875 426 426
4876 426 426
4877 426 426
4878 426 426
4879 426 426
4880 426 426
4881 426 426
4882 426 426
4883 426 426
4884 426 426
4885 426 426
4886 426 426
4887 426 426
4888 426 426
4889 426 426
4890 426 426
4891 426 426
4892 426 426
4893 426 426
4894 426 426
4895 426 426
4896 426 426
4897 426 426
4898 426 426
4899 426 426
4900 426 426
4901 426 426
4902 426 426
4903 426 426
4904 426 426
4905 426 426
4906 426 426
4907 426 426
4908 426 426
4909 426 426
4910 426 426
4911 426 426
4912 426 426
4913 426 426
4914 426 426
4915 426 426
4916 426 426
4917 426 426
4918 426 426
4919 426 426
4920 426 426
4921 426 426
4922 426 426
4923 426 426
4924 426 426
4925 426 426
4926 426 426
4927 426 426
4928 426 426
4929 426 426
4930 426 426
4931 426 426
4932 426 426
4933 426 426
4934 426 426
4935 426 426
4936 426 426
4937 426 426
4938 426 426
4939 426 426
4940 426 426
4941 426 426
4942 426 426
4943 426 426
4944 426 426
4945 426 426
4946 426 426
4947 426 426
4948 426 426
4949 426 426
4950 426 426
4951 426 426
4952 426 426
4953 426 426
4954 426 426
4955 426 426
4956 426 426
4957 426 426
4958 426 426
4959 426 426
4960 426 426
4961 426 426
4962 426 426
4963 426 426
4964 426 426
4965 426 426
4966 426 426
4967 426 426
4968 426 426
4969 426 426
4970 426 426
4971 426 426
4972 426 426
4973 426 426
4974 426 426
4975 426 426
4976 426 426
4977 426 426
4978 426 426
4979 426 426
4980 426 426
4981 426 426
4982 426 426
4983 426 426
4984 426 426
4985 426 426
4986 426 426
4987 426 426
4988 426 426
4989 426 426
4990 426 426
4991 426 426
4992 426 426
4993 426 426
4994 426 426
4995 426 426
4996 426 426
4997 426 426
4998 426 426
4999 426 426
5000 426 426
5001 426 426
5002 426 426
5003 426 426
5004 426 426
5005 426 426
5006 426 426
5007 426 426
5008 426 426
5009 426 426
5010 426 426
5011 426 426
5012 426 426
5013 426 426
5014 426 426
5015 426 426
5016 426 426
5017 426 426
5018 426 426
5019 426 426
5020 426 426
5021 426 426
5022 426 426
5023 426 426
5024 426 426
5025 426 426
5026 426 426
5027 426 426
5028 426 426
5029 426 426
5030 426 426
5031 426 426
5032 426 426
5033 426 426
5034 426 426
5035 426 426
5036 426 426
5037 426 426
5038 426 426
5039 426 426
5040 426 426
5041 426 426
5042 426 426
5043 426 426
5044 426 426
5045 426 426
5046 426 426
5047 426 426
5048 426 426
5049 426 426
5050 426 426
5051 426 426
5052 426 426
5053 426 426
5054 426 426
5055 426 426
5056 426 426
5057 426 426
5058 426 426
5059 426 426
5060 426 426
5061 426 426
5062 426 426
5063 426 426
5064 426 426
5065 426 426
5066 426 426
5067 426 426
5068 426 426
5069 426 426
5070 426 426
5071 426 426
5072 426 426
5073 426 426
5074 426 426
5075 426 426
5076 426 426
5077 426 426
5078 426 426
5079 426 426
5080 426 426
5081 426 426
5082 426 426
5083 426 426
5084 426 426
5085 426 426
5086 426 426
5087 426 426
5088 426 426
5089 426 426
5090 426 426
5091 426 426
5092 426 426
5093 426 426
5094 426 426
5095 426 426
5096 426 426
5097 426 426
5098 426 426
5099 426 426
5100 426 426
5101 426 426
5102 426 426
5103 426 426
5104 426 426
5105 426 426
5106 426 426
5107 426 426
5108 426 426
5109 426 426
5110 426 426
5111 426 426
5112 426 426
5113 426 426
5114 426 426
5115 426 426
5116 426 426
5117 426 426
5118 426 426
5119 426 426
5120 426 426
5121 426 426
5122 426 426
5123 426 426
5124 426 426
5125 426 426
5126 426 426
5127 426 426
5128 426 426
5129 426 426
5130 426 426
5131 426 426
5132 426 426
5133 426 426
5134 426 426
5135 426 426
5136 426 426
5137 426 426
5138 426 426
5139 426 426
5140 426 426
5141 426 426
5142 426 426
5143 426 426
5144 426 426
5145 426 426
5146 426 426
5147 426 426
5148 426 426
5149 426 426
5150 426 426
5151 426 426
5152 426 426
5153 426 426
5154 426 426
5155 426 426
5156 426 426
5157 426 426
5158 426 426
5159 426 426
5160 426 426
5161 426 426
5162 426 426
5163 426 426
5164 426 426
5165 426 426
5166 426 426
5167 426 426
5168 426 426
5169 426 426
5170 426 426
5171 426 426
5172 426 426
5173 426 426
5174 426 426
5175 426 426
5176 426 426
5177 426 426
5178 426 426
5179 426 426
5180 426 426
5181 426 426
5182 426 426
5183 426 426
5184 426 426
5185 426 426
5186 426 426
5187 426 426
5188 426 426
5189 426 426
5190 426 426
5191 426 426
5192 426 426
5193 426 426
5194 426 426
5195 426 426
5196 426 426
5197 426 426
5198 426 426
5199 426 426
5200 426 426
5201 426 426
5202 426 426
5203 426 426
5204 426 426
5205 426 426
5206 426 426
5207 426 426
5208 426 426
5209 426 426
5210 426 426
5211 426 426
5212 426 426
5213 426 426
5214 426 426
5215 426 426
5216 426 426
5217 426 426
5218 426 426
5219 426 426
5220 426 426
5221 426 426
5222 426 426
5223 426 426
5224 426 426
5225 426 426
5226 426 426
5227 426 426
5228 426 426
5229 426 426
5230 426 426
5231 426 426
5232 426 426
5233 426 426
5234 426 426
5235 426 426
5236 426 426
5237 426 426
5238 426 426
5239 426 426
5240 426 426
5241 426 426
5242 426 426
5243 426 426
5244 426 426
5245 426 426
5246 426 426
5247 426 426
5248 426 426
5249 426 426
5250 426 426
5251 426 426
5252 426 426
5253 426 426
5254 426 426
5255 426 426
5256 426 426
5257 426 426
5258 426 426
5259 426 426
5260 426 426
5261 426 426
5262 426 426
5263 426 426
5264 426 426
5265 426 426
5266 426 426
5267 426 426
5268 426 426
5269 426 426
5270 426 426
5271 426 426
5272 426 426
5273 426 426
5274 426 426
5275 426 426
5276 426 426
5277 426 426
5278 426 426
5279 426 426
5280 426 426
5281 426 426
5282 426 426
5283 426 426
5284 426 426
5285 426 426
5286 426 426
5287 426 426
5288 426 426
5289 426 426
5290 426 426
5291 426 426
5292 426 426
5293 426 426
5294 426 426
5295 426 426
5296 426 426
5297 426 426
5298 426 426
5299 426 426
5300 426 426
5301 426 426
5302 426 426
5303 426 426
5304 426 426
5305 426 426
5306 426 426
5307 426 426
5308 426 426
5309 426 426
5310 426 426
5311 426 426
5312 426 426
5313 426 426
5314 426 426
5315 426 426
5316 426 426
5317 426 426
5318 426 426
5319 426 426
5320 426 426
5321 426 426
5322 426 426
5323 426 426
5324 426 426
5325 426 426
5326 426 426
5327 426 426
5328 426 426
5329 426 426
5330 426 426
5331 426 426
5332 426 426
5333 426 426
5334 426 426
5335 426 426
5336 426 426
5337 426 426
5338 426 426
5339 426 426
5340 426 426
5341 426 426
5342 426 426
5343 426 426
5344 426 426
5345 426 426
5346 426 426
5347 426 426
5348 426 426
5349 426 426
5350 426 426
5351 426 426
5352 426 426
5353 426 426
5354 426 426
5355 426 426
5356 426 426
5357 426 426
5358 426 426
5359 426 426
5360 426 426
5361 426 426
5362 426 426
5363 426 426
5364 426 426
5365 426 426
5366 426 426
5367 426 426
5368 426 426
5369 426 426
5370 426 426
5371 426 426
5372 426 426
5373 426 426
5374 426 426
5375 426 426
5376 426 426
5377 426 426
5378 426 426
5379 426 426
5380 426 426
5381 426 426
5382 426 426
5383 426 426
5384 426 426
5385 426 426
5386 426 426
5387 426 426
5388 426 426
5389 426 426
5390 426 426
5391 426 426
5392 426 426
5393 426 426
5394 426 426
5395 426 426
5396 426 426
5397 426 426
5398 426 426
5399 426 426
5400 426 426
5401 426 426
5402 426 426
5403 426 426
5404 426 426
5405 426 426
5406 426 426
5407 426 426
5408 426 426
5409 426 426
5410 426 426
5411 426 426
5412 426 426
5413 426 426
5414 426 426
5415 426 426
5416 426 426
5417 426 426
5418 426 426
5419 426 426
5420 426 426
5421 426 426
5422 426 426
5423 426 426
5424 426 426
5425 426 426
5426 426 426
5427 426 426
5428 426 426
5429 426 426
5430 426 426
5431 426 426
5432 426 426
5433 426 426
5434 426 426
5435 426 426
5436 426 426
5437 426 426
5438 426 426
5439 426 426
5440 426 426
5441 426 426
5442 426 426
5443 426 426
5444 426 426
5445 426 426
5446 426 426
5447 426 426
5448 426 426
5449 426 426
5450 426 426
5451 426 426
5452 426 426
5453 426 426
5454 426 426
5455 426 426
5456 426 426
5457 426 426
5458 426 426
5459 426 426
5460 426 426
5461 426 426
5462 426 426
5463 426 426
5464 426 426
5465 426 426
5466 426 426
5467 426 426
5468 426 426
5469 426 426
5470 426 426
5471 426 426
5472 426 426
5473 426 426
5474 426 426
5475 426 426
5476 426 426
5477 426 426
5478 426 426
5479 426 426
5480 426 426
5481 426 426
5482 426 426
5483 426 426
5484 426 426
5485 426 426
5486 426 426
5487 426 426
5488 426 426
5489 426 426
5490 426 426
5491 426 426
5492 426 426
5493 426 426
5494 426 426
5495 426 426
5496 426 426
5497 426 426
5498 426 426
5499 426 426
5500 426 426
5501 426 426
5502 426 426
5503 426 426
5504 426 426
5505 426 426
5506 426 426
5507 426 426
5508 426 426
5509 426 426
5510 426 426
5511 426 426
5512 426 426
5513 426 426
5514 426 426
5515 426 426
5516 426 426
5517 426 426
5518 426 426
5519 426 426
5520 426 426
5521 426 426
5522 426 426
5523 426 426
5524 426 426
5525 426 426
5526 426 426
5527 426 426
5528 426 426
5529 426 426
5530 426 426
5531 426 426
5532 426 426
5533 426 426
5534 426 426
5535 426 426
5536 426 426
5537 426 426
5538 426 426
5539 426 426
5540 426 426
5541 426 426
5542 426 426
5543 426 426
5544 426 426
5545 426 426
5546 426 426
5547 426 426
5548 426 426
5549 426 426
5550 426 426
5551 426 426
5552 426 426
5553 426 426
5554 426 426
5555 426 426
5556 426 426
5557 426 426
5558 426 426
5559 426 426
5560 426 426
5561 426 426
5562 426 426
5563 426 426
5564 426 426
5565 426 426
5566 426 426
5567 426 426
5568 426 426
5569 426 426
5570 426 426
5571 426 426
5572 426 426
5573 426 426
5574 426 426
5575 426 426
5576 426 426
5577 426 426
5578 426 426
5579 426 426
5580 426 426
5581 426 426
5582 426 426
5583 426 426
5584 426 426
5585 426 426
5586 426 426
5587 426 426
5588 426 426
5589 426 426
5590 426 426
5591 426 426
5592 426 426
5593 426 426
5594 426 426
5595 426 426
5596 426 426
5597 426 426
5598 426 426
5599 426 426
5600 426 426
5601 426 426
5602 426 426
5603 426 426
5604 426 426
5605 426 426
5606 426 426
5607 426 426
5608 426 426
5609 426 426
5610 426 426
5611 426 426
5612 426 426
5613 426 426
5614 426 426
5615 426 426
5616 426 426
5617 426 426
5618 426 426
5619 426 426
5620 426 426
5621 426 426
5622 426 426
5623 426 426
5624 426 426
5625 426 426
5626 426 426
5627 426 426
5628 426 426
5629 426 426
5630 426 426
5631 426 426
5632 426 426
5633 426 426
5634 426 426
5635 426 426
5636 426 426
5637 426 426
5638 426 426
5639 426 426
5640 426 426
5641 426 426
5642 426 426
5643 426 426
5644 426 426
5645 426 426
5646 426 426
5647 426 426
5648 426 426
5649 426 426
5650 426 426
5651 426 426
5652 426 426
5653 426 426
5654 426 426
5655 426 426
5656 426 426
5657 426 426
5658 426 426
5659 426 426
5660 426 426
5661 426 426
5662 426 426
5663 426 426
5664 426 426
5665 426 426
5666 426 426
5667 426 426
5668 426 426
5669 426 426
5670 426 426
5671 426 426
5672 426 426
5673 426 426
5674 426 426
5675 426 426
5676 426 426
5677 426 426
5678 426 426
5679 426 426
5680 426 426
5681 426 426
5682 426 426
5683 426 426
5684 426 426
5685 426 426
5686 426 426
5687 426 426
5688 426 426
5689 426 426
5690 426 426
5691 426 426
5692 426 426
5693 426 426
5694 426 426
5695 426 426
5696 426 426
5697 426 426
5698 426 426
5699 426 426
5700 426 426
5701 426 426
5702 426 426
5703 426 426
5704 426 426
5705 426 426
5706 426 426
5707 426 426
5708 426 426
5709 426 426
5710 426 426
5711 426 426
5712 426 426
5713 426 426
5714 426 426
5715 426 426
5716 426 426
5717 426 426
5718 426 426
5719 426 426
5720 426 426
5721 426 426
5722 426 426
5723 426 426
5724 426 426
5725 426 426
5726 426 426
5727 426 426
5728 426 426
5729 426 426
5730 426 426
5731 426 426
5732 426 426
5733 426 426
5734 426 426
5735 426 426
5736 426 426
5737 426 426
5738 426 426
5739 426 426
5740 426 426
5741 426 426
5742 426 426
5743 426 426
5744 426 426
5745 426 426
5746 426 426
5747 426 426
5748 426 426
5749 426 426
5750 426 426
5751 426 426
5752 426 426
5753 426 426
5754 426 426
5755 426 426
5756 426 426
5757 426 426
5758 426 426
5759 426 426
5760 426 426
5761 426 426
5762 426 426
5763 426 426
5764 426 426
5765 426 426
5766 426 426
5767 426 426
5768 426 426
5769 426 426
5770 426 426
5771 426 426
5772 426 426
5773 426 426
5774 426 426
5775 426 426
5776 426 426
5777 426 426
5778 426 426
5779 426 426
5780 426 426
5781 426 426
5782 426 426
5783 426 426
5784 426 426
5785 426 426
5786 426 426
5787 426 426
5788 426 426
5789 426 426
5790 426 426
5791 426 426
5792 426 426
5793 426 426
5794 426 426
5795 426 426
5796 426 426
5797 426 426
5798 426 426
5799 426 426
5800 426 426
5801 426 426
5802 426 426
5803 426 426
5804 426 426
5805 426 426
5806 426 426
5807 426 426
5808 426 426
5809 426 426
5810 426 426
5811 426 426
5812 426 426
5813 426 426
5814 426 426
5815 426 426
5816 426 426
5817 426 426
5818 426 426
5819 426 426
5820 426 426
5821 426 426
5822 426 426
5823 426 426
5824 426 426
5825 426 426
5826 426 426
5827 426 426
