iter "mejor iteracion actual" "mejor encontrado"
0 201 194
1 208 201
2 215 208
3 221 215
4 226 221
5 231 226
6 236 231
7 241 236
8 245 241
9 249 245
10 253 249
11 257 253
12 260 257
13 263 260
14 266 263
15 269 266
16 272 269
17 275 272
18 277 275
19 279 277
20 281 279
21 283 281
22 285 283
23 287 285
24 289 287
25 291 289
26 292 291
27 293 292
28 294 293
29 295 294
30 295 295
31 295 295
32 296 295
33 297 296
34 297 297
35 297 297
36 297 297
37 298 297
38 297 298
39 297 298
40 297 298
41 297 298
42 296 298
43 296 298
44 296 298
45 297 298
46 298 298
47 297 298
48 296 298
49 296 298
50 296 298
51 296 298
52 297 298
53 296 298
54 297 298
55 297 298
56 296 298
57 296 298
58 296 298
59 296 298
60 295 298
61 295 298
62 295 298
63 294 298
64 296 298
65 295 298
66 295 298
67 296 298
68 295 298
69 294 298
70 294 298
71 294 298
72 294 298
73 293 298
74 293 298
75 295 298
76 295 298
77 295 298
78 295 298
79 295 298
80 295 298
81 295 298
82 295 298
83 294 298
84 294 298
85 294 298
86 295 298
87 295 298
88 296 298
89 295 298
90 295 298
91 295 298
92 296 298
93 296 298
94 296 298
95 296 298
96 297 298
97 296 298
98 296 298
99 296 298
100 296 298
101 296 298
102 296 298
103 297 298
104 296 298
105 296 298
106 296 298
107 296 298
108 296 298
109 296 298
110 295 298
111 295 298
112 295 298
113 295 298
114 295 298
115 295 298
116 294 298
117 295 298
118 295 298
119 294 298
120 293 298
121 293 298
122 294 298
123 293 298
124 294 298
125 294 298
126 294 298
127 294 298
128 295 298
129 295 298
130 295 298
131 295 298
132 296 298
133 296 298
134 296 298
135 297 298
136 296 298
137 297 298
138 297 298
139 296 298
140 295 298
141 294 298
142 293 298
143 293 298
144 294 298
145 294 298
146 295 298
147 295 298
148 294 298
149 294 298
150 294 298
151 293 298
152 293 298
153 294 298
154 295 298
155 294 298
156 294 298
157 295 298
158 295 298
159 296 298
160 296 298
161 295 298
162 295 298
163 294 298
164 293 298
165 294 298
166 293 298
167 294 298
168 294 298
169 294 298
170 293 298
171 293 298
172 293 298
173 294 298
174 294 298
175 293 298
176 292 298
177 291 298
178 291 298
179 292 298
180 292 298
181 292 298
182 293 298
183 292 298
184 292 298
185 293 298
186 293 298
187 292 298
188 292 298
189 293 298
190 294 298
191 294 298
192 294 298
193 295 298
194 295 298
195 295 298
196 296 298
197 296 298
198 296 298
199 296 298
200 297 298
201 297 298
202 297 298
203 296 298
204 296 298
205 296 298
206 296 298
207 296 298
208 295 298
209 294 298
210 293 298
211 293 298
212 293 298
213 292 298
214 292 298
215 292 298
216 293 298
217 293 298
218 294 298
219 295 298
220 295 298
221 295 298
222 295 298
223 295 298
224 294 298
225 295 298
226 295 298
227 295 298
228 295 298
229 296 298
230 296 298
231 295 298
232 296 298
233 296 298
234 296 298
235 296 298
236 297 298
237 297 298
238 297 298
239 297 298
240 297 298
241 298 298
242 298 298
243 298 298
244 297 298
245 296 298
246 295 298
247 295 298
248 295 298
249 294 298
250 294 298
251 294 298
252 294 298
253 295 298
254 295 298
255 295 298
256 294 298
257 293 298
258 294 298
259 294 298
260 294 298
261 295 298
262 296 298
263 295 298
264 294 298
265 295 298
266 295 298
267 295 298
268 296 298
269 296 298
270 296 298
271 296 298
272 295 298
273 295 298
274 295 298
275 295 298
276 295 298
277 295 298
278 295 298
279 295 298
280 295 298
281 294 298
282 294 298
283 294 298
284 294 298
285 295 298
286 295 298
287 296 298
288 296 298
289 295 298
290 294 298
291 294 298
292 293 298
293 294 298
294 295 298
295 294 298
296 294 298
297 295 298
298 295 298
299 295 298
300 295 298
301 295 298
302 296 298
303 295 298
304 295 298
305 296 298
306 295 298
307 295 298
308 294 298
309 294 298
310 294 298
311 295 298
312 295 298
313 296 298
314 296 298
315 296 298
316 296 298
317 296 298
318 296 298
319 296 298
320 296 298
321 295 298
322 294 298
323 293 298
324 292 298
325 293 298
326 294 298
327 294 298
328 293 298
329 294 298
330 294 298
331 295 298
332 295 298
333 295 298
334 295 298
335 295 298
336 295 298
337 295 298
338 296 298
339 295 298
340 295 298
341 295 298
342 295 298
343 295 298
344 295 298
345 296 298
346 296 298
347 296 298
348 296 298
349 295 298
350 295 298
351 295 298
352 296 298
353 296 298
354 296 298
355 296 298
356 296 298
357 296 298
358 296 298
359 296 298
360 297 298
361 296 298
362 295 298
363 294 298
364 294 298
365 294 298
366 294 298
367 293 298
368 294 298
369 294 298
370 293 298
371 292 298
372 292 298
373 293 298
374 294 298
375 295 298
376 296 298
377 295 298
378 295 298
379 296 298
380 296 298
381 295 298
382 295 298
383 295 298
384 296 298
385 296 298
386 296 298
387 296 298
388 295 298
389 296 298
390 296 298
391 296 298
392 296 298
393 297 298
394 296 298
395 295 298
396 294 298
397 294 298
398 294 298
399 293 298
400 293 298
401 293 298
402 294 298
403 293 298
404 293 298
405 293 298
406 293 298
407 293 298
408 293 298
409 293 298
410 293 298
411 293 298
412 293 298
413 293 298
414 293 298
415 293 298
416 293 298
417 294 298
418 295 298
419 295 298
420 295 298
421 295 298
422 295 298
423 295 298
424 295 298
425 295 298
426 295 298
427 295 298
428 295 298
429 295 298
430 295 298
431 295 298
432 295 298
433 296 298
434 297 298
435 298 298
436 298 298
437 297 298
438 296 298
439 296 298
440 296 298
441 297 298
442 297 298
443 297 298
444 296 298
445 297 298
446 297 298
447 296 298
448 295 298
449 295 298
450 295 298
451 295 298
452 295 298
453 295 298
454 295 298
455 295 298
456 295 298
457 295 298
458 296 298
459 296 298
460 296 298
461 296 298
462 297 298
463 296 298
464 296 298
465 295 298
466 294 298
467 294 298
468 295 298
469 295 298
470 295 298
471 295 298
472 295 298
473 295 298
474 295 298
475 296 298
476 295 298
477 295 298
478 294 298
479 294 298
480 294 298
481 293 298
482 293 298
483 293 298
484 293 298
485 293 298
486 293 298
487 294 298
488 295 298
489 296 298
490 296 298
491 296 298
492 296 298
493 296 298
494 297 298
495 297 298
496 297 298
497 297 298
498 296 298
499 296 298
500 296 298
501 297 298
502 297 298
503 297 298
504 297 298
505 298 298
506 298 298
507 299 298
508 298 299
509 298 299
510 297 299
511 298 299
512 297 299
513 296 299
514 296 299
515 296 299
516 296 299
517 295 299
518 296 299
519 296 299
520 295 299
521 295 299
522 295 299
523 296 299
524 296 299
525 296 299
526 296 299
527 297 299
528 297 299
529 297 299
530 296 299
531 296 299
532 295 299
533 295 299
534 295 299
535 295 299
536 295 299
537 295 299
538 295 299
539 295 299
540 295 299
541 295 299
542 295 299
543 294 299
544 294 299
545 293 299
546 293 299
547 292 299
548 292 299
549 291 299
550 291 299
551 291 299
552 291 299
553 290 299
554 291 299
555 292 299
556 293 299
557 294 299
558 294 299
559 294 299
560 295 299
561 296 299
562 296 299
563 296 299
564 296 299
565 296 299
566 296 299
567 296 299
568 296 299
569 296 299
570 295 299
571 295 299
572 295 299
573 295 299
574 295 299
575 295 299
576 294 299
577 293 299
578 292 299
579 294 299
580 294 299
581 293 299
582 293 299
583 293 299
584 293 299
585 293 299
586 292 299
587 293 299
588 292 299
589 293 299
590 293 299
591 293 299
592 293 299
593 293 299
594 293 299
595 294 299
596 294 299
597 294 299
598 294 299
599 294 299
600 295 299
601 296 299
602 296 299
603 296 299
604 296 299
605 297 299
606 298 299
607 298 299
608 297 299
609 296 299
610 295 299
611 295 299
612 295 299
613 295 299
614 295 299
615 295 299
616 295 299
617 296 299
618 296 299
619 295 299
620 295 299
621 294 299
622 293 299
623 293 299
624 292 299
625 292 299
626 293 299
627 294 299
628 294 299
629 294 299
630 295 299
631 294 299
632 294 299
633 294 299
634 294 299
635 295 299
636 296 299
637 295 299
638 296 299
639 295 299
640 294 299
641 293 299
642 292 299
643 292 299
644 293 299
645 293 299
646 294 299
647 295 299
648 295 299
649 295 299
650 294 299
651 295 299
652 294 299
653 293 299
654 293 299
655 293 299
656 293 299
657 292 299
658 294 299
659 295 299
660 294 299
661 294 299
662 295 299
663 294 299
664 295 299
665 295 299
666 294 299
667 295 299
668 295 299
669 296 299
670 296 299
671 296 299
672 296 299
673 296 299
674 296 299
675 296 299
676 296 299
677 295 299
678 295 299
679 295 299
680 295 299
681 295 299
682 295 299
683 295 299
684 294 299
685 294 299
686 293 299
687 292 299
688 292 299
689 291 299
690 292 299
691 292 299
692 292 299
693 292 299
694 293 299
695 293 299
696 294 299
697 294 299
698 294 299
699 294 299
700 294 299
701 294 299
702 295 299
703 295 299
704 294 299
705 294 299
706 294 299
707 294 299
708 294 299
709 295 299
710 295 299
711 295 299
712 295 299
713 295 299
714 295 299
715 295 299
716 296 299
717 296 299
718 296 299
719 295 299
720 294 299
721 294 299
722 294 299
723 294 299
724 294 299
725 294 299
726 294 299
727 294 299
728 295 299
729 295 299
730 294 299
731 294 299
732 295 299
733 295 299
734 295 299
735 296 299
736 295 299
737 295 299
738 295 299
739 294 299
740 294 299
741 294 299
742 294 299
743 294 299
744 294 299
745 294 299
746 293 299
747 294 299
748 295 299
749 296 299
750 296 299
751 296 299
752 297 299
753 297 299
754 297 299
755 297 299
756 296 299
757 297 299
758 296 299
759 297 299
760 296 299
761 296 299
762 296 299
763 297 299
764 297 299
765 297 299
766 297 299
767 298 299
768 298 299
769 298 299
770 297 299
771 298 299
772 298 299
773 297 299
774 298 299
775 297 299
776 296 299
777 296 299
778 295 299
779 295 299
780 294 299
781 294 299
782 294 299
783 295 299
784 295 299
785 295 299
786 295 299
787 295 299
788 296 299
789 296 299
790 296 299
791 295 299
792 296 299
793 296 299
794 295 299
795 294 299
796 294 299
797 294 299
798 295 299
799 295 299
800 295 299
801 294 299
802 295 299
803 296 299
804 295 299
805 296 299
806 295 299
807 294 299
808 294 299
809 294 299
810 295 299
811 295 299
812 295 299
813 295 299
814 296 299
815 295 299
816 295 299
817 295 299
818 296 299
819 295 299
820 296 299
821 296 299
822 296 299
823 295 299
824 296 299
825 295 299
826 294 299
827 295 299
828 295 299
829 295 299
830 296 299
831 295 299
832 296 299
833 296 299
834 297 299
835 298 299
836 298 299
837 297 299
838 297 299
839 296 299
840 296 299
841 296 299
842 296 299
843 296 299
844 295 299
845 294 299
846 294 299
847 295 299
848 294 299
849 293 299
850 293 299
851 293 299
852 292 299
853 292 299
854 292 299
855 292 299
856 292 299
857 292 299
858 292 299
859 293 299
860 294 299
861 295 299
862 296 299
863 296 299
864 296 299
865 297 299
866 297 299
867 298 299
868 298 299
869 299 299
870 298 299
871 298 299
872 297 299
873 297 299
874 297 299
875 297 299
876 296 299
877 297 299
878 297 299
879 298 299
880 297 299
881 297 299
882 296 299
883 296 299
884 296 299
885 295 299
886 295 299
887 295 299
888 294 299
889 293 299
890 292 299
891 292 299
892 292 299
893 291 299
894 294 299
895 295 299
896 294 299
897 293 299
898 295 299
899 294 299
900 294 299
901 294 299
902 294 299
903 294 299
904 295 299
905 295 299
906 295 299
907 295 299
908 296 299
909 296 299
910 297 299
911 298 299
912 299 299
913 299 299
914 298 299
915 297 299
916 297 299
917 298 299
918 297 299
919 296 299
920 296 299
921 296 299
922 295 299
923 295 299
924 294 299
925 294 299
926 293 299
927 294 299
928 294 299
929 294 299
930 294 299
931 294 299
932 294 299
933 294 299
934 294 299
935 293 299
936 294 299
937 293 299
938 294 299
939 293 299
940 293 299
941 293 299
942 293 299
943 293 299
944 293 299
945 293 299
946 293 299
947 294 299
948 294 299
949 295 299
950 296 299
951 296 299
952 296 299
953 296 299
954 297 299
955 296 299
956 296 299
957 295 299
958 294 299
959 294 299
960 295 299
961 295 299
962 296 299
963 296 299
964 297 299
965 297 299
966 297 299
967 297 299
968 297 299
969 297 299
970 297 299
971 297 299
972 297 299
973 296 299
974 296 299
975 295 299
976 295 299
977 294 299
978 294 299
979 294 299
980 294 299
981 294 299
982 295 299
983 295 299
984 295 299
985 295 299
986 295 299
987 295 299
988 295 299
989 294 299
990 293 299
991 293 299
992 293 299
993 293 299
994 293 299
995 294 299
996 294 299
997 294 299
998 295 299
999 295 299
1000 295 299
1001 295 299
1002 295 299
1003 295 299
1004 295 299
1005 296 299
1006 296 299
1007 296 299
1008 297 299
1009 297 299
1010 298 299
1011 298 299
1012 297 299
1013 296 299
1014 296 299
1015 296 299
1016 296 299
1017 295 299
1018 295 299
1019 294 299
1020 294 299
1021 294 299
1022 294 299
1023 294 299
1024 294 299
1025 294 299
1026 294 299
1027 294 299
1028 294 299
1029 295 299
1030 295 299
1031 295 299
1032 296 299
1033 296 299
1034 296 299
1035 297 299
1036 296 299
1037 296 299
1038 296 299
1039 296 299
1040 295 299
1041 295 299
1042 296 299
1043 296 299
1044 296 299
1045 296 299
1046 296 299
1047 296 299
1048 296 299
1049 296 299
1050 297 299
1051 297 299
1052 297 299
1053 297 299
1054 297 299
1055 298 299
1056 297 299
1057 297 299
1058 296 299
1059 295 299
1060 295 299
1061 295 299
1062 295 299
1063 294 299
1064 293 299
1065 293 299
1066 294 299
1067 295 299
1068 296 299
1069 296 299
1070 296 299
1071 296 299
1072 295 299
1073 294 299
1074 294 299
1075 294 299
1076 293 299
1077 293 299
1078 292 299
1079 292 299
1080 292 299
1081 292 299
1082 293 299
1083 293 299
1084 294 299
1085 294 299
1086 294 299
1087 294 299
1088 294 299
1089 294 299
1090 294 299
1091 294 299
1092 294 299
1093 293 299
1094 292 299
1095 292 299
1096 292 299
1097 292 299
1098 291 299
1099 291 299
1100 291 299
1101 290 299
1102 291 299
1103 292 299
1104 292 299
1105 292 299
1106 292 299
1107 292 299
1108 293 299
1109 293 299
1110 293 299
1111 294 299
1112 294 299
1113 295 299
1114 295 299
1115 295 299
1116 295 299
1117 296 299
1118 296 299
1119 297 299
1120 297 299
1121 297 299
1122 297 299
1123 297 299
1124 297 299
1125 297 299
1126 297 299
1127 296 299
1128 296 299
1129 295 299
1130 295 299
1131 295 299
1132 295 299
1133 295 299
1134 295 299
1135 295 299
1136 295 299
1137 295 299
1138 294 299
1139 295 299
1140 294 299
1141 294 299
1142 294 299
1143 294 299
1144 294 299
1145 294 299
1146 295 299
1147 296 299
1148 296 299
1149 296 299
1150 296 299
1151 296 299
1152 297 299
1153 296 299
1154 295 299
1155 294 299
1156 293 299
1157 294 299
1158 295 299
1159 295 299
1160 294 299
1161 295 299
1162 295 299
1163 295 299
1164 296 299
1165 295 299
1166 295 299
1167 294 299
1168 294 299
1169 294 299
1170 295 299
1171 294 299
1172 294 299
1173 293 299
1174 293 299
1175 293 299
1176 292 299
1177 292 299
1178 292 299
1179 293 299
1180 294 299
1181 294 299
1182 294 299
1183 293 299
1184 292 299
1185 291 299
1186 292 299
1187 292 299
1188 293 299
1189 293 299
1190 293 299
1191 293 299
1192 292 299
1193 293 299
1194 294 299
1195 295 299
1196 296 299
1197 296 299
1198 296 299
1199 296 299
1200 295 299
1201 296 299
1202 296 299
1203 296 299
1204 296 299
1205 297 299
1206 296 299
1207 295 299
1208 294 299
1209 293 299
1210 293 299
1211 294 299
1212 294 299
1213 294 299
1214 294 299
1215 294 299
1216 294 299
1217 294 299
1218 294 299
1219 295 299
1220 295 299
1221 295 299
1222 295 299
1223 296 299
1224 295 299
1225 294 299
1226 293 299
1227 293 299
1228 294 299
1229 295 299
1230 295 299
1231 295 299
1232 296 299
1233 296 299
1234 296 299
1235 296 299
1236 295 299
1237 294 299
1238 293 299
1239 293 299
1240 293 299
1241 293 299
1242 293 299
1243 293 299
1244 292 299
1245 293 299
1246 293 299
1247 294 299
1248 294 299
1249 294 299
1250 294 299
1251 294 299
1252 294 299
1253 294 299
1254 294 299
1255 294 299
1256 294 299
1257 295 299
1258 295 299
1259 295 299
1260 294 299
1261 295 299
1262 295 299
1263 295 299
1264 295 299
1265 295 299
1266 295 299
1267 295 299
1268 295 299
1269 295 299
1270 295 299
1271 295 299
1272 296 299
1273 296 299
1274 296 299
1275 296 299
1276 297 299
1277 297 299
1278 296 299
1279 296 299
1280 296 299
1281 296 299
1282 296 299
1283 296 299
1284 295 299
1285 294 299
1286 293 299
1287 293 299
1288 293 299
1289 293 299
1290 294 299
1291 295 299
1292 295 299
1293 295 299
1294 295 299
1295 294 299
1296 294 299
1297 294 299
1298 293 299
1299 293 299
1300 294 299
1301 294 299
1302 294 299
1303 294 299
1304 294 299
1305 296 299
1306 296 299
1307 296 299
1308 296 299
1309 296 299
1310 295 299
1311 294 299
1312 294 299
1313 295 299
1314 295 299
1315 295 299
1316 295 299
1317 295 299
1318 295 299
1319 296 299
1320 295 299
1321 294 299
1322 294 299
1323 295 299
1324 294 299
1325 294 299
1326 293 299
1327 292 299
1328 292 299
1329 292 299
1330 292 299
1331 292 299
1332 292 299
1333 292 299
1334 292 299
1335 292 299
1336 291 299
1337 292 299
1338 292 299
1339 292 299
1340 293 299
1341 293 299
1342 294 299
1343 295 299
1344 295 299
1345 296 299
1346 295 299
1347 294 299
1348 294 299
1349 294 299
1350 294 299
1351 295 299
1352 294 299
1353 294 299
1354 294 299
1355 294 299
1356 293 299
1357 292 299
1358 292 299
1359 291 299
1360 292 299
1361 293 299
1362 294 299
1363 295 299
1364 295 299
1365 294 299
1366 294 299
1367 295 299
1368 295 299
1369 295 299
1370 295 299
1371 294 299
1372 295 299
1373 294 299
1374 295 299
1375 294 299
1376 293 299
1377 293 299
1378 293 299
1379 293 299
1380 293 299
1381 293 299
1382 294 299
1383 295 299
1384 295 299
1385 295 299
1386 296 299
1387 296 299
1388 296 299
1389 297 299
1390 297 299
1391 297 299
1392 297 299
1393 297 299
1394 297 299
1395 296 299
1396 296 299
1397 295 299
1398 295 299
1399 295 299
1400 295 299
1401 296 299
1402 296 299
1403 296 299
1404 296 299
1405 296 299
1406 296 299
1407 297 299
1408 296 299
1409 296 299
1410 295 299
1411 295 299
1412 295 299
1413 295 299
1414 295 299
1415 295 299
1416 295 299
1417 295 299
1418 295 299
1419 295 299
1420 294 299
1421 294 299
1422 293 299
1423 293 299
1424 293 299
1425 294 299
1426 294 299
1427 294 299
1428 294 299
1429 295 299
1430 295 299
1431 295 299
1432 295 299
1433 295 299
1434 295 299
1435 295 299
1436 295 299
1437 296 299
1438 296 299
1439 297 299
1440 296 299
1441 296 299
1442 297 299
1443 297 299
1444 297 299
1445 298 299
1446 298 299
1447 297 299
1448 296 299
1449 296 299
1450 297 299
1451 296 299
1452 296 299
1453 295 299
1454 295 299
1455 295 299
1456 295 299
1457 295 299
1458 295 299
1459 295 299
1460 295 299
1461 295 299
1462 295 299
1463 295 299
1464 295 299
1465 295 299
1466 294 299
1467 294 299
1468 294 299
1469 294 299
1470 294 299
1471 295 299
1472 295 299
1473 295 299
1474 295 299
1475 294 299
1476 294 299
1477 294 299
1478 295 299
1479 296 299
1480 296 299
1481 296 299
1482 296 299
1483 295 299
1484 295 299
1485 294 299
1486 294 299
1487 294 299
1488 294 299
1489 295 299
1490 295 299
1491 295 299
1492 295 299
1493 295 299
1494 295 299
1495 295 299
1496 295 299
1497 295 299
1498 295 299
1499 295 299
1500 294 299
1501 294 299
1502 294 299
1503 294 299
1504 295 299
1505 296 299
1506 297 299
1507 297 299
1508 296 299
1509 296 299
1510 297 299
1511 297 299
1512 297 299
1513 297 299
1514 298 299
1515 297 299
1516 296 299
1517 296 299
1518 295 299
1519 294 299
1520 294 299
1521 293 299
1522 294 299
1523 294 299
1524 294 299
1525 294 299
1526 293 299
1527 294 299
1528 293 299
1529 293 299
1530 292 299
1531 291 299
1532 291 299
1533 291 299
1534 291 299
1535 292 299
1536 292 299
1537 292 299
1538 293 299
1539 293 299
1540 293 299
1541 293 299
1542 294 299
1543 295 299
1544 295 299
1545 295 299
1546 295 299
1547 295 299
1548 295 299
1549 296 299
1550 296 299
1551 296 299
1552 295 299
1553 294 299
1554 296 299
1555 296 299
1556 296 299
1557 296 299
1558 295 299
1559 295 299
1560 294 299
1561 293 299
1562 292 299
1563 292 299
1564 291 299
1565 290 299
1566 290 299
1567 291 299
1568 292 299
1569 292 299
1570 293 299
1571 293 299
1572 293 299
1573 292 299
1574 293 299
1575 293 299
1576 294 299
1577 294 299
1578 294 299
1579 295 299
1580 296 299
1581 296 299
1582 298 299
1583 299 299
1584 298 299
1585 297 299
1586 297 299
1587 296 299
1588 295 299
1589 294 299
1590 293 299
1591 293 299
1592 293 299
1593 292 299
1594 291 299
1595 291 299
1596 290 299
1597 291 299
1598 292 299
1599 293 299
1600 293 299
1601 293 299
1602 293 299
1603 293 299
1604 293 299
1605 294 299
1606 293 299
1607 294 299
1608 294 299
1609 295 299
1610 294 299
1611 295 299
1612 295 299
1613 295 299
1614 295 299
1615 295 299
1616 295 299
1617 296 299
1618 296 299
1619 295 299
1620 295 299
1621 294 299
1622 293 299
1623 293 299
1624 293 299
1625 293 299
1626 293 299
1627 293 299
1628 293 299
1629 293 299
1630 293 299
1631 294 299
1632 294 299
1633 295 299
1634 295 299
1635 294 299
1636 294 299
1637 294 299
1638 294 299
1639 294 299
1640 294 299
1641 295 299
1642 294 299
1643 293 299
1644 293 299
1645 294 299
1646 295 299
1647 295 299
1648 295 299
1649 294 299
1650 294 299
1651 295 299
1652 295 299
1653 295 299
1654 295 299
1655 294 299
1656 294 299
1657 295 299
1658 295 299
1659 296 299
1660 296 299
1661 297 299
1662 297 299
1663 297 299
1664 297 299
1665 298 299
1666 298 299
1667 298 299
1668 299 299
1669 299 299
1670 299 299
1671 299 299
1672 299 299
1673 298 299
1674 298 299
1675 297 299
1676 297 299
1677 297 299
1678 298 299
1679 297 299
1680 298 299
1681 297 299
1682 296 299
1683 296 299
1684 296 299
1685 296 299
1686 296 299
1687 296 299
1688 295 299
1689 295 299
1690 295 299
1691 295 299
1692 295 299
1693 295 299
1694 295 299
1695 294 299
1696 294 299
1697 293 299
1698 293 299
1699 293 299
1700 294 299
1701 294 299
1702 294 299
1703 294 299
1704 295 299
1705 295 299
1706 295 299
1707 296 299
1708 296 299
1709 295 299
1710 295 299
1711 294 299
1712 294 299
1713 294 299
1714 295 299
1715 295 299
1716 294 299
1717 294 299
1718 294 299
1719 293 299
1720 293 299
1721 293 299
1722 293 299
1723 293 299
1724 293 299
1725 294 299
1726 294 299
1727 294 299
1728 295 299
1729 295 299
1730 294 299
1731 293 299
1732 295 299
1733 295 299
1734 295 299
1735 295 299
1736 295 299
1737 294 299
1738 294 299
1739 294 299
1740 294 299
1741 294 299
1742 293 299
1743 294 299
1744 294 299
1745 294 299
1746 294 299
1747 293 299
1748 292 299
1749 293 299
1750 293 299
1751 294 299
1752 294 299
1753 294 299
1754 294 299
1755 294 299
1756 295 299
1757 295 299
1758 295 299
1759 296 299
1760 296 299
1761 296 299
1762 296 299
1763 295 299
1764 295 299
1765 295 299
1766 296 299
1767 296 299
1768 296 299
1769 297 299
1770 297 299
1771 296 299
1772 297 299
1773 296 299
1774 296 299
1775 296 299
1776 295 299
1777 295 299
1778 294 299
1779 294 299
1780 293 299
1781 292 299
1782 291 299
1783 292 299
1784 292 299
1785 291 299
1786 291 299
1787 292 299
1788 293 299
1789 293 299
1790 293 299
1791 293 299
1792 292 299
1793 293 299
1794 294 299
1795 294 299
1796 295 299
1797 296 299
1798 296 299
1799 295 299
1800 295 299
1801 295 299
1802 295 299
1803 294 299
1804 294 299
1805 293 299
1806 293 299
1807 294 299
1808 294 299
1809 293 299
1810 293 299
1811 293 299
1812 293 299
1813 293 299
1814 293 299
1815 293 299
1816 293 299
1817 293 299
1818 294 299
1819 294 299
1820 295 299
1821 295 299
1822 295 299
1823 295 299
1824 295 299
1825 294 299
1826 294 299
1827 294 299
1828 294 299
1829 294 299
1830 294 299
1831 294 299
1832 294 299
1833 293 299
1834 293 299
1835 293 299
1836 292 299
1837 292 299
1838 292 299
1839 291 299
1840 292 299
1841 291 299
1842 292 299
1843 293 299
1844 293 299
1845 293 299
1846 293 299
1847 293 299
1848 293 299
1849 293 299
1850 293 299
1851 294 299
1852 295 299
1853 294 299
1854 295 299
1855 295 299
1856 294 299
1857 295 299
1858 294 299
1859 294 299
1860 294 299
1861 294 299
1862 294 299
1863 295 299
1864 296 299
1865 297 299
1866 297 299
1867 296 299
1868 296 299
1869 296 299
1870 295 299
1871 295 299
1872 294 299
1873 294 299
1874 294 299
1875 293 299
1876 294 299
1877 293 299
1878 293 299
1879 293 299
1880 293 299
1881 293 299
1882 293 299
1883 293 299
1884 293 299
1885 293 299
1886 293 299
1887 293 299
1888 293 299
1889 293 299
1890 293 299
1891 293 299
1892 294 299
1893 294 299
1894 294 299
1895 293 299
1896 293 299
1897 293 299
1898 293 299
1899 293 299
1900 293 299
1901 293 299
1902 292 299
1903 292 299
1904 292 299
1905 292 299
1906 292 299
1907 293 299
1908 293 299
1909 292 299
1910 292 299
1911 292 299
1912 292 299
1913 291 299
1914 290 299
1915 291 299
1916 291 299
1917 291 299
1918 292 299
1919 291 299
1920 293 299
1921 293 299
1922 293 299
1923 293 299
1924 293 299
1925 294 299
1926 294 299
1927 295 299
1928 295 299
1929 295 299
1930 295 299
1931 295 299
1932 296 299
1933 295 299
1934 294 299
1935 293 299
1936 295 299
1937 294 299
1938 294 299
1939 295 299
1940 295 299
1941 295 299
1942 295 299
1943 297 299
1944 296 299
1945 296 299
1946 295 299
1947 295 299
1948 294 299
1949 293 299
1950 292 299
1951 291 299
1952 291 299
1953 292 299
1954 292 299
1955 292 299
1956 292 299
1957 292 299
1958 292 299
1959 292 299
1960 293 299
1961 294 299
1962 294 299
1963 294 299
1964 294 299
1965 294 299
1966 294 299
1967 295 299
1968 295 299
1969 295 299
1970 295 299
1971 296 299
1972 296 299
1973 296 299
1974 296 299
1975 296 299
1976 296 299
1977 296 299
1978 295 299
1979 295 299
1980 294 299
1981 294 299
1982 295 299
1983 296 299
1984 295 299
1985 295 299
1986 295 299
1987 295 299
1988 294 299
1989 295 299
1990 294 299
1991 293 299
1992 294 299
1993 294 299
1994 294 299
1995 294 299
1996 294 299
1997 294 299
1998 294 299
1999 294 299
2000 295 299
2001 295 299
2002 295 299
2003 296 299
2004 295 299
2005 295 299
2006 294 299
2007 294 299
2008 295 299
2009 295 299
2010 295 299
2011 294 299
2012 294 299
2013 294 299
2014 294 299
2015 294 299
2016 294 299
2017 295 299
2018 295 299
2019 294 299
2020 294 299
2021 293 299
2022 293 299
2023 293 299
2024 292 299
2025 292 299
2026 292 299
2027 292 299
2028 293 299
2029 294 299
2030 294 299
2031 294 299
2032 295 299
2033 295 299
2034 295 299
2035 294 299
2036 294 299
2037 294 299
2038 293 299
2039 293 299
2040 294 299
2041 294 299
2042 294 299
2043 295 299
2044 295 299
2045 295 299
2046 296 299
2047 297 299
2048 297 299
2049 297 299
2050 298 299
2051 298 299
2052 298 299
2053 299 299
2054 298 299
2055 298 299
2056 297 299
2057 297 299
2058 296 299
2059 296 299
2060 296 299
2061 296 299
2062 296 299
2063 296 299
2064 297 299
2065 297 299
2066 297 299
2067 296 299
2068 297 299
2069 297 299
2070 296 299
2071 296 299
2072 295 299
2073 295 299
2074 294 299
2075 295 299
2076 294 299
2077 293 299
2078 293 299
2079 293 299
2080 293 299
2081 293 299
2082 293 299
2083 293 299
2084 293 299
2085 293 299
2086 293 299
2087 294 299
2088 294 299
2089 294 299
2090 294 299
2091 294 299
2092 295 299
2093 295 299
2094 295 299
2095 295 299
2096 295 299
2097 295 299
2098 296 299
2099 296 299
2100 296 299
2101 296 299
2102 296 299
2103 296 299
2104 296 299
2105 296 299
2106 296 299
2107 297 299
2108 297 299
2109 296 299
2110 296 299
2111 295 299
2112 295 299
2113 294 299
2114 293 299
2115 293 299
2116 294 299
2117 294 299
2118 295 299
2119 296 299
2120 297 299
2121 296 299
2122 296 299
2123 295 299
2124 295 299
2125 295 299
2126 294 299
2127 293 299
2128 293 299
2129 293 299
2130 293 299
2131 294 299
2132 293 299
2133 293 299
2134 293 299
2135 293 299
2136 293 299
2137 292 299
2138 293 299
2139 293 299
2140 293 299
2141 294 299
2142 293 299
2143 293 299
2144 294 299
2145 294 299
2146 293 299
2147 293 299
2148 293 299
2149 294 299
2150 294 299
2151 295 299
2152 295 299
2153 295 299
2154 295 299
2155 295 299
2156 296 299
2157 295 299
2158 295 299
2159 295 299
2160 295 299
2161 295 299
2162 295 299
2163 295 299
2164 294 299
2165 294 299
2166 294 299
2167 294 299
2168 293 299
2169 293 299
2170 293 299
2171 294 299
2172 294 299
2173 293 299
2174 293 299
2175 293 299
2176 294 299
2177 295 299
2178 295 299
2179 295 299
2180 295 299
2181 294 299
2182 294 299
2183 294 299
2184 294 299
2185 294 299
2186 294 299
2187 294 299
2188 294 299
2189 294 299
2190 294 299
2191 295 299
2192 295 299
2193 296 299
2194 295 299
2195 295 299
2196 295 299
2197 296 299
2198 297 299
2199 298 299
2200 298 299
2201 298 299
2202 297 299
2203 296 299
2204 295 299
2205 295 299
2206 295 299
2207 295 299
2208 295 299
2209 296 299
2210 297 299
2211 297 299
2212 296 299
2213 295 299
2214 295 299
2215 295 299
2216 294 299
2217 295 299
2218 295 299
2219 294 299
2220 294 299
2221 294 299
2222 294 299
2223 293 299
2224 294 299
2225 293 299
2226 293 299
2227 294 299
2228 295 299
2229 295 299
2230 295 299
2231 295 299
2232 295 299
2233 294 299
2234 294 299
2235 294 299
2236 294 299
2237 295 299
2238 297 299
2239 296 299
2240 296 299
2241 296 299
2242 296 299
2243 296 299
2244 295 299
2245 294 299
2246 295 299
2247 296 299
2248 296 299
2249 296 299
2250 295 299
2251 295 299
2252 295 299
2253 294 299
2254 294 299
2255 294 299
2256 294 299
2257 294 299
2258 294 299
2259 294 299
2260 295 299
2261 295 299
2262 295 299
2263 295 299
2264 295 299
2265 294 299
2266 293 299
2267 293 299
2268 294 299
2269 293 299
2270 293 299
2271 293 299
2272 294 299
2273 294 299
2274 294 299
2275 294 299
2276 295 299
2277 296 299
2278 297 299
2279 296 299
2280 297 299
2281 296 299
2282 296 299
2283 295 299
2284 295 299
2285 294 299
2286 294 299
2287 294 299
2288 294 299
2289 294 299
2290 293 299
2291 294 299
2292 295 299
2293 294 299
2294 295 299
2295 295 299
2296 296 299
2297 295 299
2298 296 299
2299 296 299
2300 297 299
2301 296 299
2302 296 299
2303 295 299
2304 295 299
2305 295 299
2306 295 299
2307 295 299
2308 296 299
2309 297 299
2310 297 299
2311 297 299
2312 296 299
2313 296 299
2314 295 299
2315 295 299
2316 295 299
2317 296 299
2318 296 299
2319 297 299
2320 297 299
2321 297 299
2322 296 299
2323 296 299
2324 297 299
2325 298 299
2326 297 299
2327 297 299
2328 296 299
2329 297 299
2330 296 299
2331 297 299
2332 296 299
2333 297 299
2334 297 299
2335 296 299
2336 296 299
2337 296 299
2338 296 299
2339 295 299
2340 295 299
2341 295 299
2342 295 299
2343 295 299
2344 296 299
2345 296 299
2346 297 299
2347 297 299
2348 296 299
2349 296 299
2350 296 299
2351 296 299
2352 296 299
2353 296 299
2354 296 299
2355 296 299
2356 296 299
2357 296 299
2358 295 299
2359 294 299
2360 294 299
2361 295 299
2362 295 299
2363 294 299
2364 294 299
2365 295 299
2366 295 299
2367 295 299
2368 296 299
2369 297 299
2370 296 299
2371 296 299
2372 296 299
2373 296 299
2374 297 299
2375 297 299
2376 296 299
2377 296 299
2378 297 299
2379 296 299
2380 295 299
2381 294 299
2382 294 299
2383 295 299
2384 294 299
2385 293 299
2386 293 299
2387 292 299
2388 293 299
2389 294 299
2390 295 299
2391 294 299
2392 294 299
2393 294 299
2394 295 299
2395 294 299
2396 294 299
2397 294 299
2398 293 299
2399 294 299
2400 293 299
2401 294 299
2402 294 299
2403 293 299
2404 293 299
2405 293 299
2406 294 299
2407 294 299
2408 295 299
2409 295 299
2410 295 299
2411 295 299
2412 295 299
2413 295 299
2414 295 299
2415 295 299
2416 295 299
2417 295 299
2418 296 299
2419 296 299
2420 295 299
2421 295 299
2422 295 299
2423 294 299
2424 295 299
2425 294 299
2426 294 299
2427 293 299
2428 292 299
2429 291 299
2430 291 299
2431 290 299
2432 290 299
2433 291 299
2434 291 299
2435 290 299
2436 291 299
2437 292 299
2438 292 299
2439 292 299
2440 292 299
2441 292 299
2442 293 299
2443 294 299
2444 294 299
2445 295 299
2446 296 299
2447 296 299
2448 296 299
2449 296 299
2450 296 299
2451 296 299
2452 296 299
2453 297 299
2454 297 299
2455 297 299
2456 296 299
2457 296 299
2458 295 299
2459 294 299
2460 293 299
2461 293 299
2462 293 299
2463 293 299
2464 292 299
2465 293 299
2466 294 299
2467 294 299
2468 295 299
2469 295 299
2470 295 299
2471 295 299
2472 296 299
2473 296 299
2474 297 299
2475 297 299
2476 297 299
2477 296 299
2478 295 299
2479 294 299
2480 293 299
2481 295 299
2482 296 299
2483 296 299
2484 297 299
2485 297 299
2486 297 299
2487 297 299
2488 297 299
2489 297 299
2490 297 299
2491 297 299
2492 297 299
2493 296 299
2494 296 299
2495 296 299
2496 296 299
2497 296 299
2498 297 299
2499 297 299
2500 296 299
2501 296 299
2502 296 299
2503 296 299
2504 296 299
2505 295 299
2506 295 299
2507 295 299
2508 295 299
2509 295 299
2510 295 299
2511 295 299
2512 295 299
2513 294 299
2514 294 299
2515 293 299
2516 293 299
2517 293 299
2518 293 299
2519 293 299
2520 294 299
2521 294 299
2522 295 299
2523 296 299
2524 296 299
2525 295 299
2526 295 299
2527 295 299
2528 296 299
2529 296 299
2530 296 299
2531 296 299
2532 297 299
2533 296 299
2534 296 299
2535 297 299
2536 297 299
2537 297 299
2538 297 299
2539 296 299
2540 295 299
2541 295 299
2542 295 299
2543 295 299
2544 296 299
2545 295 299
2546 294 299
2547 293 299
2548 293 299
2549 293 299
2550 292 299
2551 292 299
2552 292 299
2553 292 299
2554 292 299
2555 291 299
2556 290 299
2557 293 299
2558 292 299
2559 292 299
2560 293 299
2561 292 299
2562 292 299
2563 294 299
2564 295 299
2565 295 299
2566 296 299
2567 296 299
2568 296 299
2569 296 299
2570 296 299
2571 295 299
2572 295 299
2573 295 299
2574 295 299
2575 295 299
2576 296 299
2577 296 299
2578 295 299
2579 295 299
2580 296 299
2581 295 299
2582 294 299
2583 294 299
2584 293 299
2585 292 299
2586 291 299
2587 292 299
2588 291 299
2589 291 299
2590 291 299
2591 291 299
2592 291 299
2593 292 299
2594 292 299
2595 292 299
2596 292 299
2597 292 299
2598 292 299
2599 292 299
2600 292 299
2601 292 299
2602 293 299
2603 294 299
2604 294 299
2605 294 299
2606 294 299
2607 295 299
2608 296 299
2609 296 299
2610 297 299
2611 297 299
2612 296 299
2613 296 299
2614 297 299
2615 297 299
2616 297 299
2617 297 299
2618 297 299
2619 297 299
2620 297 299
2621 297 299
2622 296 299
2623 297 299
2624 297 299
2625 297 299
2626 298 299
2627 298 299
2628 298 299
2629 298 299
2630 297 299
2631 297 299
2632 297 299
2633 296 299
2634 295 299
2635 295 299
2636 295 299
2637 295 299
2638 295 299
2639 295 299
2640 295 299
2641 296 299
2642 297 299
2643 296 299
2644 296 299
2645 296 299
2646 296 299
2647 296 299
2648 296 299
2649 296 299
2650 296 299
2651 296 299
2652 296 299
2653 296 299
2654 296 299
2655 296 299
2656 296 299
2657 296 299
2658 296 299
2659 297 299
2660 297 299
2661 297 299
2662 297 299
2663 297 299
2664 297 299
2665 297 299
2666 297 299
2667 297 299
2668 298 299
2669 297 299
2670 297 299
2671 297 299
2672 297 299
2673 297 299
2674 296 299
2675 296 299
2676 296 299
2677 295 299
2678 296 299
2679 297 299
2680 297 299
2681 297 299
2682 296 299
2683 296 299
2684 296 299
2685 296 299
2686 296 299
2687 296 299
2688 296 299
2689 296 299
2690 297 299
2691 297 299
2692 297 299
2693 296 299
2694 296 299
2695 296 299
2696 296 299
2697 297 299
2698 297 299
2699 297 299
2700 298 299
2701 297 299
2702 297 299
2703 297 299
2704 296 299
2705 296 299
2706 296 299
2707 296 299
2708 296 299
2709 296 299
2710 296 299
2711 295 299
2712 294 299
2713 294 299
2714 293 299
2715 294 299
2716 294 299
2717 294 299
2718 294 299
2719 294 299
2720 294 299
2721 294 299
2722 294 299
2723 294 299
2724 294 299
2725 294 299
2726 293 299
2727 293 299
2728 294 299
2729 294 299
2730 294 299
2731 295 299
2732 296 299
2733 296 299
2734 296 299
2735 297 299
2736 296 299
2737 295 299
2738 294 299
2739 294 299
2740 294 299
2741 293 299
2742 292 299
2743 291 299
2744 291 299
2745 292 299
2746 292 299
2747 292 299
2748 292 299
2749 292 299
2750 293 299
2751 292 299
2752 292 299
2753 292 299
2754 293 299
2755 293 299
2756 293 299
2757 295 299
2758 295 299
2759 295 299
2760 295 299
2761 296 299
2762 296 299
2763 296 299
2764 296 299
2765 296 299
2766 296 299
2767 297 299
2768 297 299
2769 297 299
2770 297 299
2771 298 299
2772 297 299
2773 297 299
2774 296 299
2775 295 299
2776 295 299
2777 295 299
2778 294 299
2779 293 299
2780 293 299
2781 294 299
2782 294 299
2783 294 299
2784 295 299
2785 295 299
2786 295 299
2787 295 299
2788 295 299
2789 295 299
2790 295 299
2791 295 299
2792 294 299
2793 294 299
2794 294 299
2795 294 299
2796 295 299
2797 295 299
2798 295 299
2799 295 299
2800 295 299
2801 295 299
2802 295 299
2803 295 299
2804 295 299
2805 296 299
2806 296 299
2807 296 299
2808 295 299
2809 295 299
2810 294 299
2811 294 299
2812 294 299
2813 294 299
2814 294 299
2815 294 299
2816 295 299
2817 295 299
2818 295 299
2819 295 299
2820 296 299
2821 296 299
2822 295 299
2823 295 299
2824 295 299
2825 296 299
2826 296 299
2827 296 299
2828 296 299
2829 296 299
2830 297 299
2831 297 299
2832 297 299
2833 296 299
2834 296 299
2835 296 299
2836 296 299
2837 296 299
2838 296 299
2839 296 299
2840 296 299
2841 296 299
2842 296 299
2843 295 299
2844 295 299
2845 294 299
2846 294 299
2847 294 299
2848 295 299
2849 295 299
2850 296 299
2851 295 299
2852 295 299
2853 295 299
2854 295 299
2855 295 299
2856 296 299
2857 296 299
2858 296 299
2859 296 299
2860 296 299
2861 296 299
2862 296 299
2863 296 299
2864 295 299
2865 294 299
2866 293 299
2867 292 299
2868 292 299
2869 292 299
2870 292 299
2871 293 299
2872 294 299
2873 294 299
2874 294 299
2875 295 299
2876 295 299
2877 294 299
2878 293 299
2879 293 299
2880 293 299
2881 293 299
2882 293 299
2883 294 299
2884 294 299
2885 294 299
2886 295 299
2887 295 299
2888 294 299
2889 294 299
2890 293 299
2891 294 299
2892 294 299
2893 295 299
2894 295 299
2895 294 299
2896 294 299
2897 293 299
2898 294 299
2899 294 299
2900 293 299
2901 293 299
2902 293 299
2903 293 299
2904 293 299
2905 293 299
2906 293 299
2907 293 299
2908 293 299
2909 293 299
2910 293 299
2911 293 299
2912 293 299
2913 292 299
2914 292 299
2915 292 299
2916 292 299
2917 294 299
2918 295 299
2919 295 299
2920 295 299
2921 295 299
2922 294 299
2923 294 299
2924 293 299
2925 293 299
2926 293 299
2927 293 299
2928 294 299
2929 294 299
2930 293 299
2931 292 299
2932 291 299
2933 290 299
2934 290 299
2935 291 299
2936 292 299
2937 292 299
2938 293 299
2939 293 299
2940 294 299
2941 295 299
2942 295 299
2943 295 299
2944 295 299
2945 296 299
2946 296 299
2947 296 299
2948 296 299
2949 296 299
2950 297 299
2951 297 299
2952 297 299
2953 297 299
2954 297 299
2955 297 299
2956 296 299
2957 295 299
2958 294 299
2959 294 299
2960 294 299
2961 295 299
2962 295 299
2963 295 299
2964 294 299
2965 293 299
2966 293 299
2967 293 299
2968 293 299
2969 292 299
2970 292 299
2971 291 299
2972 292 299
2973 293 299
2974 292 299
2975 293 299
2976 293 299
2977 294 299
2978 294 299
2979 295 299
2980 295 299
2981 295 299
2982 295 299
2983 294 299
2984 294 299
2985 294 299
2986 294 299
2987 294 299
2988 293 299
2989 293 299
2990 292 299
2991 292 299
2992 293 299
2993 294 299
2994 293 299
2995 293 299
2996 294 299
2997 294 299
2998 294 299
2999 293 299
3000 293 299
3001 293 299
3002 293 299
3003 294 299
3004 294 299
3005 294 299
3006 293 299
3007 292 299
3008 292 299
3009 293 299
3010 293 299
3011 293 299
3012 293 299
3013 293 299
3014 293 299
3015 293 299
3016 293 299
3017 293 299
3018 294 299
3019 294 299
3020 294 299
3021 294 299
3022 294 299
3023 293 299
3024 293 299
3025 293 299
3026 294 299
3027 294 299
3028 294 299
3029 293 299
3030 293 299
3031 292 299
3032 292 299
3033 292 299
3034 292 299
3035 292 299
3036 292 299
3037 292 299
3038 293 299
3039 293 299
3040 293 299
3041 293 299
3042 294 299
3043 294 299
3044 295 299
3045 295 299
3046 295 299
3047 295 299
3048 294 299
3049 293 299
3050 293 299
3051 293 299
3052 293 299
3053 293 299
3054 293 299
3055 294 299
3056 295 299
3057 296 299
3058 295 299
3059 294 299
3060 294 299
3061 294 299
3062 294 299
3063 293 299
3064 293 299
3065 294 299
3066 294 299
3067 293 299
3068 293 299
3069 293 299
3070 293 299
3071 293 299
3072 293 299
3073 293 299
3074 293 299
3075 293 299
3076 293 299
3077 293 299
3078 293 299
3079 294 299
3080 294 299
3081 294 299
3082 294 299
3083 294 299
3084 295 299
3085 296 299
3086 296 299
3087 296 299
3088 296 299
3089 296 299
3090 295 299
3091 295 299
3092 294 299
3093 295 299
3094 295 299
3095 295 299
3096 295 299
3097 295 299
3098 294 299
3099 295 299
3100 294 299
3101 293 299
3102 293 299
3103 293 299
3104 294 299
3105 294 299
3106 295 299
3107 294 299
3108 294 299
3109 294 299
3110 294 299
3111 293 299
3112 294 299
3113 295 299
3114 294 299
3115 294 299
3116 294 299
3117 294 299
3118 294 299
3119 294 299
3120 294 299
3121 294 299
3122 294 299
3123 295 299
3124 295 299
3125 296 299
3126 296 299
3127 296 299
3128 297 299
3129 297 299
3130 297 299
3131 298 299
3132 297 299
3133 296 299
3134 296 299
3135 296 299
3136 295 299
3137 295 299
3138 295 299
3139 295 299
3140 295 299
3141 295 299
3142 296 299
3143 295 299
3144 295 299
3145 294 299
3146 294 299
3147 294 299
3148 294 299
3149 294 299
3150 293 299
3151 294 299
3152 294 299
3153 295 299
3154 296 299
3155 296 299
3156 295 299
3157 294 299
3158 294 299
3159 295 299
3160 296 299
3161 296 299
3162 297 299
3163 297 299
3164 297 299
3165 297 299
3166 297 299
3167 296 299
3168 296 299
3169 296 299
3170 297 299
3171 297 299
3172 296 299
3173 296 299
3174 296 299
3175 296 299
3176 296 299
3177 296 299
3178 296 299
3179 296 299
3180 295 299
3181 295 299
3182 294 299
3183 295 299
3184 295 299
3185 295 299
3186 295 299
3187 295 299
3188 295 299
3189 295 299
3190 295 299
3191 295 299
3192 295 299
3193 294 299
3194 294 299
3195 293 299
3196 293 299
3197 294 299
3198 293 299
3199 294 299
3200 294 299
3201 294 299
3202 294 299
3203 295 299
3204 295 299
3205 295 299
3206 295 299
3207 295 299
3208 296 299
3209 295 299
3210 295 299
3211 296 299
3212 295 299
3213 294 299
3214 294 299
3215 294 299
3216 294 299
3217 294 299
3218 294 299
3219 295 299
3220 295 299
3221 295 299
3222 295 299
3223 296 299
3224 296 299
3225 297 299
3226 296 299
3227 295 299
3228 295 299
3229 294 299
3230 294 299
3231 294 299
3232 295 299
3233 296 299
3234 296 299
3235 295 299
3236 295 299
3237 295 299
3238 296 299
3239 296 299
3240 296 299
3241 296 299
3242 295 299
3243 295 299
3244 295 299
3245 296 299
3246 296 299
3247 297 299
3248 296 299
3249 296 299
3250 297 299
3251 296 299
3252 296 299
3253 296 299
3254 296 299
3255 295 299
3256 295 299
3257 295 299
3258 296 299
3259 296 299
3260 297 299
3261 296 299
3262 295 299
3263 295 299
3264 296 299
3265 295 299
3266 295 299
3267 295 299
3268 295 299
3269 295 299
3270 296 299
3271 297 299
3272 297 299
3273 297 299
3274 296 299
3275 297 299
3276 296 299
3277 296 299
3278 296 299
3279 296 299
3280 296 299
3281 297 299
3282 296 299
3283 296 299
3284 296 299
3285 295 299
3286 295 299
3287 295 299
3288 295 299
3289 295 299
3290 295 299
3291 295 299
3292 295 299
3293 295 299
3294 295 299
3295 295 299
3296 295 299
3297 295 299
3298 296 299
3299 296 299
3300 296 299
3301 296 299
3302 296 299
3303 296 299
3304 296 299
3305 296 299
3306 295 299
3307 295 299
3308 295 299
3309 295 299
3310 295 299
3311 295 299
3312 296 299
3313 296 299
3314 297 299
3315 297 299
3316 297 299
3317 298 299
3318 298 299
3319 298 299
3320 298 299
3321 299 299
3322 298 299
3323 297 299
3324 296 299
3325 296 299
3326 295 299
3327 294 299
3328 294 299
3329 294 299
3330 295 299
3331 295 299
3332 294 299
3333 294 299
3334 294 299
3335 294 299
3336 294 299
3337 295 299
3338 295 299
3339 295 299
3340 295 299
3341 295 299
3342 296 299
3343 296 299
3344 296 299
3345 296 299
3346 296 299
3347 295 299
3348 295 299
3349 296 299
3350 295 299
3351 294 299
3352 294 299
3353 294 299
3354 294 299
3355 295 299
3356 295 299
3357 294 299
3358 293 299
3359 293 299
3360 293 299
3361 292 299
3362 291 299
3363 290 299
3364 290 299
3365 289 299
3366 290 299
3367 290 299
3368 290 299
3369 291 299
3370 291 299
3371 292 299
3372 292 299
3373 293 299
3374 293 299
3375 293 299
3376 295 299
3377 296 299
3378 297 299
3379 297 299
3380 297 299
3381 296 299
3382 297 299
3383 296 299
3384 296 299
3385 295 299
3386 295 299
3387 294 299
3388 295 299
3389 295 299
3390 295 299
3391 295 299
3392 295 299
3393 294 299
3394 293 299
3395 293 299
3396 294 299
3397 295 299
3398 295 299
3399 295 299
3400 295 299
3401 295 299
3402 295 299
3403 296 299
3404 295 299
3405 295 299
3406 296 299
3407 296 299
3408 295 299
3409 294 299
3410 293 299
3411 293 299
3412 293 299
3413 294 299
3414 295 299
3415 295 299
3416 295 299
3417 296 299
3418 297 299
3419 296 299
3420 296 299
3421 296 299
3422 296 299
3423 296 299
3424 297 299
3425 296 299
3426 295 299
3427 295 299
3428 295 299
3429 295 299
3430 294 299
3431 295 299
3432 295 299
3433 295 299
3434 295 299
3435 296 299
3436 296 299
3437 296 299
3438 296 299
3439 296 299
3440 297 299
3441 297 299
3442 297 299
3443 297 299
3444 298 299
3445 297 299
3446 297 299
3447 297 299
3448 297 299
3449 296 299
3450 296 299
3451 295 299
3452 295 299
3453 295 299
3454 295 299
3455 296 299
3456 296 299
3457 297 299
3458 296 299
3459 295 299
3460 295 299
3461 295 299
3462 295 299
3463 295 299
3464 295 299
3465 296 299
3466 296 299
3467 296 299
3468 296 299
3469 296 299
3470 296 299
3471 295 299
3472 295 299
3473 295 299
3474 296 299
3475 297 299
3476 296 299
3477 296 299
3478 295 299
3479 295 299
3480 295 299
3481 296 299
3482 295 299
3483 295 299
3484 295 299
3485 294 299
3486 295 299
3487 295 299
3488 295 299
3489 295 299
3490 295 299
3491 294 299
3492 294 299
3493 295 299
3494 294 299
3495 294 299
3496 293 299
3497 293 299
3498 292 299
3499 292 299
3500 293 299
3501 294 299
3502 295 299
3503 295 299
3504 295 299
3505 294 299
3506 294 299
3507 294 299
3508 294 299
3509 293 299
3510 293 299
3511 293 299
3512 293 299
3513 294 299
3514 293 299
3515 292 299
3516 292 299
3517 292 299
3518 292 299
3519 291 299
3520 291 299
3521 292 299
3522 292 299
3523 292 299
3524 292 299
3525 292 299
3526 292 299
3527 292 299
3528 292 299
3529 291 299
3530 291 299
3531 291 299
3532 290 299
3533 291 299
3534 292 299
3535 293 299
3536 293 299
3537 293 299
3538 293 299
3539 296 299
3540 296 299
3541 296 299
3542 296 299
3543 297 299
3544 297 299
3545 297 299
3546 296 299
3547 296 299
3548 295 299
3549 296 299
3550 295 299
3551 295 299
3552 295 299
3553 296 299
3554 295 299
3555 295 299
3556 296 299
3557 296 299
3558 295 299
3559 295 299
3560 296 299
3561 295 299
3562 295 299
3563 294 299
3564 294 299
3565 293 299
3566 292 299
3567 292 299
3568 292 299
3569 293 299
3570 293 299
3571 294 299
3572 293 299
3573 293 299
3574 293 299
3575 293 299
3576 293 299
3577 293 299
3578 294 299
3579 294 299
3580 294 299
3581 294 299
3582 294 299
3583 294 299
3584 295 299
3585 295 299
3586 295 299
3587 295 299
3588 295 299
3589 296 299
3590 296 299
3591 296 299
3592 296 299
3593 296 299
3594 295 299
3595 296 299
3596 295 299
3597 294 299
3598 293 299
3599 292 299
3600 292 299
3601 293 299
3602 293 299
3603 293 299
3604 293 299
3605 293 299
3606 294 299
3607 293 299
3608 293 299
3609 293 299
3610 292 299
3611 291 299
3612 291 299
3613 291 299
3614 291 299
3615 292 299
3616 293 299
3617 294 299
3618 294 299
3619 294 299
3620 294 299
3621 294 299
3622 295 299
3623 296 299
3624 297 299
3625 297 299
3626 296 299
3627 296 299
3628 297 299
3629 297 299
3630 297 299
3631 297 299
3632 296 299
3633 296 299
3634 296 299
3635 296 299
3636 295 299
3637 295 299
3638 294 299
3639 294 299
3640 294 299
3641 294 299
3642 294 299
3643 294 299
3644 293 299
3645 292 299
3646 292 299
3647 291 299
3648 291 299
3649 290 299
3650 291 299
3651 292 299
3652 292 299
3653 293 299
3654 293 299
3655 293 299
3656 294 299
3657 294 299
3658 294 299
3659 294 299
3660 294 299
3661 294 299
3662 295 299
3663 295 299
3664 295 299
3665 295 299
3666 295 299
3667 295 299
3668 295 299
3669 295 299
3670 295 299
3671 296 299
3672 296 299
3673 296 299
3674 296 299
3675 297 299
3676 297 299
3677 297 299
3678 296 299
3679 296 299
3680 295 299
3681 295 299
3682 294 299
3683 294 299
3684 294 299
3685 294 299
3686 294 299
3687 294 299
3688 294 299
3689 295 299
3690 295 299
3691 295 299
3692 295 299
3693 296 299
3694 296 299
3695 296 299
3696 297 299
3697 297 299
3698 297 299
3699 298 299
3700 298 299
3701 299 299
3702 298 299
3703 298 299
3704 297 299
3705 297 299
3706 296 299
3707 296 299
3708 296 299
3709 296 299
3710 296 299
3711 296 299
3712 296 299
3713 296 299
3714 295 299
3715 294 299
3716 295 299
3717 295 299
3718 295 299
3719 294 299
3720 294 299
3721 293 299
3722 293 299
3723 292 299
3724 294 299
3725 295 299
3726 295 299
3727 295 299
3728 296 299
3729 297 299
3730 296 299
3731 296 299
3732 297 299
3733 296 299
3734 297 299
3735 296 299
3736 295 299
3737 295 299
3738 296 299
3739 295 299
3740 296 299
3741 295 299
3742 295 299
3743 295 299
3744 296 299
3745 295 299
3746 294 299
3747 294 299
3748 296 299
3749 297 299
3750 296 299
3751 296 299
3752 296 299
3753 295 299
3754 296 299
3755 295 299
3756 296 299
3757 295 299
3758 294 299
3759 294 299
3760 294 299
3761 293 299
3762 292 299
3763 292 299
3764 292 299
3765 293 299
3766 293 299
3767 293 299
3768 293 299
3769 294 299
3770 294 299
3771 294 299
3772 294 299
3773 295 299
3774 296 299
3775 296 299
3776 296 299
3777 296 299
3778 296 299
3779 296 299
3780 296 299
3781 298 299
3782 299 299
3783 299 299
3784 299 299
3785 299 299
3786 298 299
3787 297 299
3788 297 299
3789 297 299
3790 297 299
3791 298 299
3792 298 299
3793 297 299
3794 297 299
3795 296 299
3796 295 299
3797 295 299
3798 295 299
3799 295 299
3800 296 299
3801 296 299
3802 296 299
3803 296 299
3804 296 299
3805 297 299
3806 297 299
3807 297 299
3808 296 299
3809 296 299
3810 296 299
3811 295 299
3812 295 299
3813 295 299
3814 296 299
3815 296 299
3816 296 299
3817 296 299
3818 296 299
3819 297 299
3820 297 299
3821 296 299
3822 295 299
3823 294 299
3824 294 299
3825 294 299
3826 294 299
3827 294 299
3828 294 299
3829 295 299
3830 295 299
3831 295 299
3832 295 299
3833 294 299
3834 294 299
3835 294 299
3836 294 299
3837 294 299
3838 294 299
3839 294 299
3840 293 299
3841 293 299
3842 292 299
3843 292 299
3844 293 299
3845 293 299
3846 292 299
3847 292 299
3848 293 299
3849 294 299
3850 295 299
3851 295 299
3852 296 299
3853 297 299
3854 297 299
3855 298 299
3856 298 299
3857 297 299
3858 298 299
3859 297 299
3860 297 299
3861 296 299
3862 296 299
3863 295 299
3864 296 299
3865 295 299
3866 295 299
3867 295 299
3868 295 299
3869 296 299
3870 296 299
3871 296 299
3872 296 299
3873 295 299
3874 295 299
3875 294 299
3876 295 299
3877 294 299
3878 294 299
3879 294 299
3880 294 299
3881 293 299
3882 293 299
3883 293 299
3884 292 299
3885 292 299
3886 291 299
3887 291 299
3888 291 299
3889 292 299
3890 292 299
3891 292 299
3892 293 299
3893 294 299
3894 294 299
3895 294 299
3896 295 299
3897 295 299
3898 295 299
3899 295 299
3900 295 299
3901 294 299
3902 295 299
3903 295 299
3904 295 299
3905 295 299
3906 296 299
3907 296 299
3908 295 299
3909 294 299
3910 294 299
3911 294 299
3912 294 299
3913 294 299
3914 294 299
3915 293 299
3916 293 299
3917 293 299
3918 293 299
3919 294 299
3920 293 299
3921 294 299
3922 295 299
3923 295 299
3924 296 299
3925 295 299
3926 295 299
3927 294 299
3928 294 299
3929 294 299
3930 295 299
3931 295 299
3932 295 299
3933 295 299
3934 295 299
3935 295 299
3936 295 299
3937 296 299
3938 295 299
3939 296 299
3940 296 299
3941 296 299
3942 296 299
3943 296 299
3944 297 299
3945 297 299
3946 296 299
3947 296 299
3948 296 299
3949 295 299
3950 295 299
3951 294 299
3952 293 299
3953 293 299
3954 292 299
3955 292 299
3956 292 299
3957 292 299
3958 292 299
3959 292 299
3960 291 299
3961 290 299
3962 291 299
3963 290 299
3964 289 299
3965 288 299
3966 289 299
3967 289 299
3968 290 299
3969 291 299
3970 291 299
3971 292 299
3972 293 299
3973 293 299
3974 294 299
3975 295 299
3976 296 299
3977 297 299
3978 296 299
3979 296 299
3980 297 299
3981 296 299
3982 296 299
3983 295 299
3984 296 299
3985 295 299
3986 296 299
3987 295 299
3988 295 299
3989 294 299
3990 294 299
3991 294 299
3992 295 299
3993 296 299
3994 296 299
3995 297 299
3996 297 299
3997 298 299
3998 298 299
3999 298 299
4000 298 299
4001 298 299
4002 297 299
4003 297 299
4004 297 299
4005 297 299
4006 297 299
4007 297 299
4008 297 299
4009 297 299
4010 297 299
4011 297 299
4012 297 299
4013 297 299
4014 297 299
4015 297 299
4016 297 299
4017 296 299
4018 296 299
4019 295 299
4020 295 299
4021 294 299
4022 294 299
4023 294 299
4024 295 299
4025 294 299
4026 294 299
4027 294 299
4028 294 299
4029 294 299
4030 294 299
4031 295 299
4032 296 299
4033 296 299
4034 296 299
4035 297 299
4036 297 299
4037 297 299
4038 298 299
4039 297 299
4040 296 299
4041 296 299
4042 297 299
4043 297 299
4044 296 299
4045 296 299
4046 295 299
4047 295 299
4048 295 299
4049 295 299
4050 294 299
4051 293 299
4052 293 299
4053 293 299
4054 293 299
4055 294 299
4056 295 299
4057 295 299
4058 295 299
4059 295 299
4060 295 299
4061 295 299
4062 295 299
4063 295 299
4064 294 299
4065 293 299
4066 293 299
4067 294 299
4068 294 299
4069 294 299
4070 294 299
4071 294 299
4072 294 299
4073 294 299
4074 294 299
4075 294 299
4076 294 299
4077 295 299
4078 294 299
4079 294 299
4080 294 299
4081 293 299
4082 293 299
4083 292 299
4084 291 299
4085 290 299
4086 289 299
4087 290 299
4088 291 299
4089 291 299
4090 291 299
4091 292 299
4092 293 299
4093 293 299
4094 293 299
4095 293 299
4096 293 299
4097 294 299
4098 294 299
4099 294 299
4100 294 299
4101 294 299
4102 293 299
4103 294 299
4104 295 299
4105 296 299
4106 296 299
4107 296 299
4108 296 299
4109 295 299
4110 295 299
4111 295 299
4112 295 299
4113 294 299
4114 294 299
4115 294 299
4116 294 299
4117 293 299
4118 292 299
4119 293 299
4120 292 299
4121 294 299
4122 294 299
4123 294 299
4124 295 299
4125 294 299
4126 295 299
4127 296 299
4128 296 299
4129 296 299
4130 296 299
4131 296 299
4132 296 299
4133 296 299
4134 296 299
4135 296 299
4136 295 299
4137 295 299
4138 295 299
4139 295 299
4140 295 299
4141 295 299
4142 296 299
4143 296 299
4144 296 299
4145 297 299
4146 296 299
4147 295 299
4148 294 299
4149 293 299
4150 292 299
4151 291 299
4152 291 299
4153 290 299
4154 290 299
4155 290 299
4156 290 299
4157 290 299
4158 290 299
4159 289 299
4160 290 299
4161 290 299
4162 290 299
4163 290 299
4164 291 299
4165 293 299
4166 294 299
4167 294 299
4168 294 299
4169 295 299
4170 296 299
4171 296 299
4172 296 299
4173 297 299
4174 297 299
4175 297 299
4176 297 299
4177 296 299
4178 296 299
4179 296 299
4180 296 299
4181 296 299
4182 295 299
4183 295 299
4184 296 299
4185 297 299
4186 298 299
4187 297 299
4188 296 299
4189 296 299
4190 295 299
4191 295 299
4192 295 299
4193 295 299
4194 295 299
4195 296 299
4196 295 299
4197 296 299
4198 296 299
4199 296 299
4200 297 299
4201 297 299
4202 297 299
4203 296 299
4204 295 299
4205 294 299
4206 294 299
4207 295 299
4208 294 299
4209 294 299
4210 294 299
4211 294 299
4212 294 299
4213 294 299
4214 294 299
4215 295 299
4216 295 299
4217 297 299
4218 297 299
4219 296 299
4220 295 299
4221 294 299
4222 295 299
4223 294 299
4224 294 299
4225 293 299
4226 294 299
4227 294 299
4228 295 299
4229 294 299
4230 294 299
4231 294 299
4232 295 299
4233 296 299
4234 297 299
4235 298 299
4236 298 299
4237 297 299
4238 297 299
4239 297 299
4240 297 299
4241 296 299
4242 296 299
4243 296 299
4244 296 299
4245 295 299
4246 295 299
4247 294 299
4248 294 299
4249 294 299
4250 293 299
4251 293 299
4252 292 299
4253 292 299
4254 292 299
4255 292 299
4256 292 299
4257 292 299
4258 293 299
4259 293 299
4260 294 299
4261 294 299
4262 293 299
4263 293 299
4264 294 299
4265 294 299
4266 295 299
4267 296 299
4268 296 299
4269 296 299
4270 297 299
4271 297 299
4272 298 299
4273 299 299
4274 299 299
4275 300 299
