iter "mejor iteracion actual" "mejor encontrado"
0 929 929
1 931 931
2 938 938
3 938 938
4 938 938
5 938 938
6 938 938
7 938 938
8 938 938
9 938 938
10 938 938
11 941 941
12 941 941
13 941 941
14 941 941
15 941 941
16 941 941
17 941 941
18 941 941
19 941 941
20 941 941
21 941 941
22 941 941
23 941 941
24 941 941
25 941 941
26 941 941
27 941 941
28 941 941
29 941 941
30 941 941
31 941 941
32 941 941
33 941 941
34 941 941
35 941 941
36 941 941
37 941 941
38 941 941
39 941 941
40 941 941
41 941 941
42 941 941
43 941 941
44 941 941
45 941 941
46 941 941
47 941 941
48 941 941
49 941 941
50 941 941
51 941 941
52 941 941
53 941 941
54 941 941
55 941 941
56 941 941
57 941 941
58 941 941
59 941 941
60 941 941
61 941 941
62 941 941
63 941 941
64 941 941
65 941 941
66 941 941
67 941 941
68 941 941
69 941 941
70 941 941
71 941 941
72 941 941
73 941 941
74 941 941
75 941 941
76 941 941
77 941 941
78 941 941
79 941 941
80 941 941
81 941 941
82 941 941
83 941 941
84 941 941
85 941 941
86 941 941
87 941 941
88 941 941
89 941 941
90 941 941
91 941 941
92 941 941
93 941 941
94 941 941
95 941 941
96 941 941
97 941 941
98 941 941
99 941 941
100 941 941
101 941 941
102 941 941
103 941 941
104 941 941
105 941 941
106 941 941
107 941 941
108 941 941
109 941 941
110 941 941
111 941 941
112 941 941
113 941 941
114 941 941
115 942 942
116 942 942
117 942 942
118 942 942
119 942 942
120 942 942
121 942 942
122 942 942
123 942 942
124 942 942
125 942 942
126 942 942
127 942 942
128 942 942
129 942 942
130 942 942
131 942 942
132 942 942
133 942 942
134 942 942
135 942 942
136 942 942
137 942 942
138 942 942
139 942 942
140 942 942
141 942 942
142 942 942
143 942 942
144 942 942
145 942 942
146 942 942
147 942 942
148 942 942
149 942 942
150 942 942
151 942 942
152 942 942
153 942 942
154 942 942
155 942 942
156 942 942
157 942 942
158 942 942
159 942 942
160 947 947
161 947 947
162 947 947
163 947 947
164 947 947
165 947 947
166 947 947
167 947 947
168 947 947
169 947 947
170 947 947
171 947 947
172 947 947
173 947 947
174 947 947
175 947 947
176 947 947
177 947 947
178 947 947
179 947 947
180 947 947
181 947 947
182 947 947
183 947 947
184 947 947
185 947 947
186 947 947
187 947 947
188 947 947
189 947 947
190 947 947
191 947 947
192 947 947
193 947 947
194 947 947
195 947 947
196 947 947
197 947 947
198 947 947
199 947 947
200 947 947
201 947 947
202 947 947
203 947 947
204 947 947
205 947 947
206 947 947
207 947 947
208 947 947
209 947 947
210 947 947
211 947 947
212 947 947
213 947 947
214 947 947
215 947 947
216 947 947
217 947 947
218 947 947
219 947 947
220 947 947
221 947 947
222 947 947
223 947 947
224 947 947
225 947 947
226 947 947
227 947 947
228 947 947
229 947 947
230 947 947
231 947 947
232 947 947
233 947 947
234 947 947
235 947 947
236 947 947
237 947 947
238 947 947
239 947 947
240 947 947
241 947 947
242 947 947
243 947 947
244 947 947
245 947 947
246 947 947
247 947 947
248 947 947
249 947 947
250 947 947
251 947 947
252 947 947
253 947 947
254 947 947
255 947 947
256 947 947
257 947 947
258 947 947
259 947 947
260 947 947
261 947 947
262 947 947
263 947 947
264 947 947
265 947 947
266 947 947
267 947 947
268 947 947
269 947 947
270 947 947
271 947 947
272 947 947
273 947 947
274 947 947
275 947 947
276 947 947
277 947 947
278 947 947
279 947 947
280 947 947
281 947 947
282 947 947
283 947 947
284 947 947
285 947 947
286 947 947
287 947 947
288 947 947
289 947 947
290 947 947
291 947 947
292 947 947
293 947 947
294 947 947
295 947 947
296 947 947
297 947 947
298 947 947
299 947 947
300 947 947
301 947 947
302 947 947
303 947 947
304 947 947
305 947 947
306 947 947
307 947 947
308 947 947
309 947 947
310 947 947
311 947 947
312 947 947
313 947 947
314 947 947
315 947 947
316 947 947
317 947 947
318 947 947
319 947 947
320 947 947
321 947 947
322 947 947
323 947 947
324 947 947
325 947 947
326 947 947
327 947 947
328 947 947
329 947 947
330 947 947
331 947 947
332 947 947
333 947 947
334 947 947
335 947 947
336 947 947
337 947 947
338 947 947
339 947 947
340 947 947
341 947 947
342 947 947
343 947 947
344 947 947
345 947 947
346 947 947
347 947 947
348 947 947
349 947 947
350 947 947
351 947 947
352 947 947
353 947 947
354 947 947
355 947 947
356 947 947
357 947 947
358 947 947
359 947 947
360 947 947
361 947 947
362 947 947
363 947 947
364 947 947
365 947 947
366 947 947
367 947 947
368 947 947
369 947 947
370 947 947
371 947 947
372 947 947
373 947 947
374 947 947
375 947 947
376 947 947
377 947 947
378 947 947
379 947 947
380 947 947
381 947 947
382 947 947
383 947 947
384 947 947
385 947 947
386 947 947
387 947 947
388 947 947
389 947 947
390 947 947
391 947 947
392 947 947
393 947 947
394 947 947
395 947 947
396 947 947
397 947 947
398 947 947
399 947 947
400 947 947
401 947 947
402 947 947
403 947 947
404 947 947
405 947 947
406 947 947
407 947 947
408 947 947
409 947 947
410 947 947
411 947 947
412 947 947
413 947 947
414 947 947
415 947 947
416 947 947
417 947 947
418 947 947
419 947 947
420 947 947
421 947 947
422 947 947
423 947 947
424 947 947
425 947 947
426 947 947
427 947 947
428 947 947
429 947 947
430 947 947
431 947 947
432 947 947
433 947 947
434 947 947
435 947 947
436 947 947
437 947 947
438 947 947
439 947 947
440 947 947
441 947 947
442 947 947
443 947 947
444 947 947
445 947 947
446 947 947
447 947 947
448 947 947
449 947 947
450 947 947
451 947 947
452 947 947
453 947 947
454 947 947
455 947 947
456 947 947
457 947 947
458 947 947
459 947 947
460 947 947
461 947 947
462 947 947
463 947 947
464 947 947
465 947 947
466 947 947
467 947 947
468 947 947
469 947 947
470 947 947
471 947 947
472 947 947
473 947 947
474 947 947
475 947 947
476 947 947
477 947 947
478 947 947
479 947 947
480 947 947
481 947 947
482 947 947
483 947 947
484 947 947
485 947 947
486 947 947
487 947 947
488 947 947
489 947 947
490 947 947
491 947 947
492 947 947
493 947 947
494 947 947
495 947 947
496 947 947
497 947 947
498 947 947
499 947 947
500 947 947
501 947 947
502 947 947
503 947 947
504 947 947
505 947 947
506 947 947
507 947 947
508 947 947
509 947 947
510 947 947
511 947 947
512 947 947
513 947 947
514 947 947
515 947 947
516 947 947
517 947 947
518 947 947
519 947 947
520 947 947
521 947 947
522 947 947
523 947 947
524 947 947
525 947 947
526 947 947
527 947 947
528 947 947
529 947 947
530 947 947
531 947 947
532 947 947
533 947 947
534 947 947
535 947 947
536 947 947
537 947 947
538 947 947
539 947 947
540 947 947
541 947 947
542 947 947
543 947 947
544 947 947
545 947 947
546 947 947
547 947 947
548 947 947
549 947 947
550 947 947
551 947 947
552 947 947
553 947 947
554 947 947
555 947 947
556 947 947
557 947 947
558 947 947
559 947 947
560 947 947
561 947 947
562 947 947
563 947 947
564 947 947
565 947 947
566 947 947
567 947 947
568 947 947
569 947 947
570 947 947
571 947 947
572 947 947
573 947 947
574 947 947
575 947 947
576 947 947
577 947 947
578 947 947
579 947 947
580 947 947
581 947 947
582 947 947
583 947 947
584 947 947
585 947 947
586 947 947
587 947 947
588 947 947
589 947 947
590 947 947
591 947 947
592 947 947
593 947 947
594 947 947
595 947 947
596 947 947
597 947 947
598 947 947
599 947 947
600 947 947
601 947 947
602 947 947
603 947 947
604 947 947
605 947 947
606 947 947
607 947 947
608 947 947
609 947 947
610 947 947
611 947 947
612 947 947
613 947 947
614 947 947
615 947 947
616 947 947
617 947 947
618 947 947
619 947 947
620 947 947
621 947 947
622 947 947
623 947 947
624 947 947
625 947 947
626 947 947
627 947 947
628 947 947
629 947 947
630 947 947
631 947 947
632 947 947
633 947 947
634 947 947
635 947 947
636 947 947
637 947 947
638 947 947
639 947 947
640 947 947
641 947 947
642 947 947
643 947 947
644 947 947
645 947 947
646 947 947
647 947 947
648 947 947
649 947 947
650 947 947
651 947 947
652 947 947
653 947 947
654 947 947
655 947 947
656 947 947
657 947 947
658 947 947
659 947 947
660 947 947
661 947 947
662 947 947
663 947 947
664 947 947
665 947 947
666 947 947
667 947 947
668 947 947
669 947 947
670 947 947
671 947 947
672 947 947
673 947 947
674 947 947
675 947 947
676 947 947
677 947 947
678 947 947
679 947 947
680 947 947
681 947 947
682 947 947
683 947 947
684 947 947
685 947 947
686 947 947
687 947 947
688 947 947
689 947 947
690 947 947
691 947 947
692 947 947
693 947 947
694 947 947
695 947 947
696 947 947
697 947 947
698 947 947
699 947 947
700 947 947
701 947 947
702 947 947
703 947 947
704 947 947
705 947 947
706 947 947
707 947 947
708 947 947
709 947 947
710 947 947
711 947 947
712 947 947
713 947 947
714 947 947
715 947 947
716 947 947
717 947 947
718 947 947
719 947 947
720 947 947
721 947 947
722 947 947
723 947 947
724 947 947
725 947 947
726 947 947
727 947 947
728 947 947
729 947 947
730 947 947
731 948 948
732 948 948
733 948 948
734 948 948
735 948 948
736 948 948
737 948 948
738 948 948
739 948 948
740 948 948
741 948 948
742 948 948
743 948 948
744 948 948
745 948 948
746 948 948
747 948 948
748 948 948
749 948 948
750 948 948
751 948 948
752 948 948
753 948 948
754 948 948
755 948 948
756 948 948
757 948 948
758 948 948
759 948 948
760 948 948
761 948 948
762 948 948
763 948 948
764 948 948
765 948 948
766 948 948
767 948 948
768 948 948
769 948 948
770 948 948
771 948 948
772 948 948
773 948 948
774 948 948
775 948 948
776 948 948
777 948 948
778 948 948
779 948 948
780 948 948
781 948 948
782 948 948
783 948 948
784 948 948
785 948 948
786 948 948
787 948 948
788 948 948
789 948 948
790 948 948
791 948 948
792 948 948
793 948 948
794 948 948
795 948 948
796 948 948
797 948 948
798 948 948
799 948 948
800 948 948
801 948 948
802 948 948
803 948 948
804 948 948
805 948 948
806 948 948
807 948 948
808 948 948
809 948 948
810 948 948
811 948 948
812 948 948
813 948 948
814 948 948
815 948 948
816 948 948
817 948 948
818 948 948
819 948 948
820 948 948
821 948 948
822 948 948
823 948 948
824 948 948
825 948 948
826 948 948
827 948 948
828 948 948
829 948 948
830 948 948
831 948 948
832 948 948
833 948 948
834 948 948
835 948 948
836 948 948
837 948 948
838 948 948
839 948 948
840 948 948
841 948 948
842 948 948
843 948 948
844 948 948
845 948 948
846 948 948
847 948 948
848 948 948
849 948 948
850 948 948
851 948 948
852 948 948
853 948 948
854 948 948
855 948 948
856 948 948
857 948 948
858 948 948
859 948 948
860 948 948
861 948 948
862 948 948
863 948 948
864 948 948
865 948 948
866 948 948
867 948 948
868 948 948
869 948 948
870 948 948
871 948 948
872 948 948
873 948 948
874 948 948
875 948 948
876 948 948
877 948 948
878 948 948
879 948 948
880 948 948
881 948 948
882 948 948
883 948 948
884 948 948
885 948 948
886 948 948
887 948 948
888 948 948
889 948 948
890 948 948
891 948 948
892 948 948
893 948 948
894 948 948
895 948 948
896 948 948
897 948 948
898 948 948
899 948 948
900 948 948
901 948 948
902 948 948
903 948 948
904 948 948
905 948 948
906 948 948
907 948 948
908 948 948
909 948 948
910 948 948
911 948 948
912 948 948
913 948 948
914 948 948
915 948 948
916 948 948
917 948 948
918 948 948
919 948 948
920 948 948
921 948 948
922 948 948
923 948 948
924 948 948
925 948 948
926 948 948
927 948 948
928 948 948
929 948 948
930 948 948
931 948 948
932 948 948
933 948 948
934 948 948
935 948 948
936 948 948
937 948 948
938 948 948
939 948 948
940 948 948
941 948 948
942 948 948
943 948 948
944 948 948
945 948 948
946 948 948
947 948 948
948 948 948
949 948 948
950 948 948
951 948 948
952 948 948
953 948 948
954 948 948
955 948 948
956 948 948
957 948 948
958 948 948
959 948 948
960 948 948
961 948 948
962 948 948
963 948 948
964 948 948
965 948 948
966 948 948
967 948 948
968 948 948
969 948 948
970 948 948
971 948 948
972 948 948
973 948 948
974 948 948
975 948 948
976 948 948
977 948 948
978 948 948
979 948 948
980 948 948
981 948 948
982 948 948
983 948 948
984 948 948
985 948 948
986 948 948
987 948 948
988 948 948
989 948 948
990 948 948
991 948 948
992 948 948
993 948 948
994 948 948
995 948 948
996 948 948
997 948 948
998 948 948
999 948 948
1000 948 948
1001 948 948
1002 948 948
1003 948 948
1004 948 948
1005 948 948
1006 948 948
1007 948 948
1008 948 948
1009 948 948
1010 948 948
1011 948 948
1012 948 948
1013 948 948
1014 948 948
1015 948 948
1016 948 948
1017 948 948
1018 948 948
1019 948 948
1020 948 948
1021 948 948
1022 948 948
1023 948 948
1024 948 948
1025 948 948
1026 948 948
1027 948 948
1028 948 948
1029 948 948
1030 948 948
1031 948 948
1032 948 948
1033 948 948
1034 948 948
1035 948 948
1036 948 948
1037 948 948
1038 948 948
1039 948 948
1040 948 948
1041 948 948
1042 948 948
1043 948 948
1044 948 948
1045 948 948
1046 948 948
1047 948 948
1048 948 948
1049 948 948
1050 948 948
1051 948 948
1052 948 948
1053 948 948
1054 948 948
1055 948 948
1056 948 948
1057 948 948
1058 948 948
1059 948 948
1060 948 948
1061 948 948
1062 948 948
1063 948 948
1064 948 948
1065 948 948
1066 948 948
1067 948 948
1068 948 948
1069 948 948
1070 948 948
1071 948 948
1072 948 948
1073 948 948
1074 948 948
1075 948 948
1076 948 948
1077 948 948
1078 948 948
1079 948 948
1080 948 948
1081 948 948
1082 948 948
1083 948 948
1084 948 948
1085 948 948
1086 948 948
1087 948 948
1088 948 948
1089 948 948
1090 948 948
1091 948 948
1092 948 948
1093 948 948
1094 948 948
1095 948 948
1096 948 948
1097 948 948
1098 948 948
1099 948 948
1100 948 948
1101 948 948
1102 948 948
1103 948 948
1104 948 948
1105 948 948
1106 948 948
1107 948 948
1108 948 948
1109 948 948
1110 948 948
1111 948 948
1112 948 948
1113 948 948
1114 948 948
1115 948 948
1116 948 948
1117 948 948
1118 948 948
1119 948 948
1120 948 948
1121 948 948
1122 948 948
1123 948 948
1124 948 948
1125 948 948
1126 948 948
1127 948 948
1128 948 948
1129 948 948
1130 948 948
1131 948 948
1132 948 948
1133 948 948
1134 948 948
1135 948 948
1136 948 948
1137 948 948
1138 948 948
1139 948 948
1140 948 948
1141 948 948
1142 948 948
1143 948 948
1144 948 948
1145 948 948
1146 948 948
1147 948 948
1148 948 948
1149 948 948
1150 948 948
1151 948 948
1152 948 948
1153 948 948
1154 948 948
1155 948 948
1156 948 948
1157 948 948
1158 948 948
1159 948 948
1160 948 948
1161 948 948
1162 948 948
1163 948 948
1164 948 948
1165 948 948
1166 948 948
1167 948 948
1168 948 948
1169 948 948
1170 948 948
1171 948 948
1172 948 948
1173 948 948
1174 948 948
1175 948 948
1176 948 948
1177 948 948
1178 948 948
1179 948 948
1180 948 948
1181 948 948
1182 948 948
1183 948 948
1184 948 948
1185 948 948
1186 948 948
1187 948 948
1188 948 948
1189 948 948
1190 948 948
1191 948 948
1192 948 948
1193 948 948
1194 948 948
1195 948 948
1196 948 948
1197 948 948
1198 948 948
1199 948 948
1200 948 948
1201 948 948
1202 948 948
1203 948 948
1204 948 948
1205 948 948
1206 948 948
1207 948 948
1208 948 948
1209 948 948
1210 948 948
1211 948 948
1212 948 948
1213 948 948
1214 948 948
1215 948 948
1216 948 948
1217 948 948
1218 948 948
1219 948 948
1220 948 948
1221 948 948
1222 948 948
1223 948 948
1224 948 948
1225 948 948
1226 948 948
1227 948 948
1228 948 948
1229 948 948
1230 948 948
1231 948 948
1232 948 948
1233 948 948
1234 948 948
1235 948 948
1236 948 948
1237 948 948
1238 948 948
1239 948 948
1240 948 948
1241 948 948
1242 948 948
1243 948 948
1244 948 948
1245 948 948
1246 948 948
1247 948 948
1248 948 948
1249 948 948
1250 948 948
1251 948 948
1252 948 948
1253 948 948
1254 948 948
1255 948 948
1256 948 948
1257 948 948
1258 948 948
1259 948 948
1260 948 948
1261 948 948
1262 948 948
1263 948 948
1264 948 948
1265 948 948
1266 948 948
1267 948 948
1268 948 948
1269 948 948
1270 948 948
1271 948 948
1272 948 948
1273 948 948
1274 948 948
1275 948 948
1276 948 948
1277 948 948
1278 948 948
1279 948 948
1280 948 948
1281 948 948
1282 948 948
1283 948 948
1284 948 948
1285 948 948
1286 948 948
1287 948 948
1288 948 948
1289 948 948
1290 948 948
1291 948 948
1292 948 948
1293 948 948
1294 948 948
1295 948 948
1296 948 948
1297 948 948
1298 948 948
1299 948 948
1300 948 948
1301 948 948
1302 948 948
1303 948 948
1304 948 948
1305 948 948
1306 948 948
1307 948 948
1308 948 948
1309 948 948
1310 948 948
1311 948 948
1312 948 948
1313 948 948
1314 948 948
1315 948 948
1316 948 948
1317 948 948
1318 948 948
1319 948 948
1320 948 948
1321 948 948
1322 948 948
1323 948 948
1324 948 948
1325 948 948
1326 948 948
1327 948 948
1328 948 948
1329 948 948
1330 948 948
1331 948 948
1332 948 948
1333 948 948
1334 948 948
1335 948 948
1336 948 948
1337 948 948
1338 948 948
1339 948 948
1340 948 948
1341 948 948
1342 948 948
1343 948 948
1344 948 948
1345 948 948
1346 948 948
1347 948 948
1348 948 948
1349 948 948
1350 948 948
1351 948 948
1352 948 948
1353 948 948
1354 948 948
1355 948 948
1356 948 948
1357 948 948
1358 948 948
1359 948 948
1360 948 948
1361 948 948
1362 948 948
1363 948 948
1364 948 948
1365 948 948
1366 948 948
1367 948 948
1368 948 948
1369 948 948
1370 948 948
1371 948 948
1372 948 948
1373 948 948
1374 948 948
1375 948 948
1376 948 948
1377 948 948
1378 948 948
1379 948 948
1380 948 948
1381 948 948
1382 948 948
1383 948 948
1384 948 948
1385 948 948
1386 948 948
1387 948 948
1388 948 948
1389 948 948
1390 948 948
1391 948 948
1392 948 948
1393 948 948
1394 948 948
1395 948 948
1396 948 948
1397 948 948
1398 948 948
1399 948 948
1400 948 948
1401 948 948
1402 948 948
1403 948 948
1404 948 948
1405 948 948
1406 948 948
1407 948 948
1408 948 948
1409 948 948
1410 948 948
1411 948 948
1412 948 948
1413 948 948
1414 948 948
1415 948 948
1416 948 948
1417 948 948
1418 948 948
1419 948 948
1420 948 948
1421 948 948
1422 948 948
1423 948 948
1424 948 948
1425 948 948
1426 948 948
1427 948 948
1428 948 948
1429 948 948
1430 948 948
1431 948 948
1432 948 948
1433 948 948
1434 948 948
1435 948 948
1436 948 948
1437 948 948
1438 948 948
1439 948 948
1440 948 948
1441 948 948
1442 948 948
1443 948 948
1444 948 948
1445 948 948
1446 948 948
1447 948 948
1448 948 948
1449 948 948
1450 948 948
1451 948 948
1452 948 948
1453 948 948
1454 948 948
1455 948 948
1456 948 948
1457 948 948
1458 948 948
1459 948 948
1460 948 948
1461 948 948
1462 948 948
1463 948 948
1464 948 948
1465 948 948
1466 948 948
1467 948 948
1468 948 948
1469 948 948
1470 948 948
1471 948 948
1472 948 948
1473 948 948
1474 948 948
1475 948 948
1476 948 948
1477 948 948
1478 948 948
1479 948 948
1480 948 948
1481 948 948
1482 948 948
1483 948 948
1484 948 948
1485 948 948
1486 948 948
1487 948 948
1488 948 948
1489 948 948
1490 948 948
1491 948 948
1492 948 948
1493 948 948
1494 948 948
1495 948 948
1496 948 948
1497 948 948
1498 948 948
1499 948 948
1500 948 948
1501 948 948
1502 948 948
1503 948 948
1504 948 948
1505 948 948
1506 948 948
1507 948 948
1508 948 948
1509 948 948
1510 948 948
1511 948 948
1512 948 948
1513 948 948
1514 948 948
1515 948 948
1516 948 948
1517 948 948
1518 948 948
1519 948 948
1520 948 948
1521 948 948
1522 948 948
1523 948 948
1524 948 948
1525 948 948
1526 948 948
1527 948 948
1528 948 948
1529 948 948
1530 948 948
1531 948 948
1532 948 948
1533 948 948
1534 948 948
1535 948 948
1536 948 948
1537 948 948
1538 948 948
1539 948 948
1540 948 948
1541 948 948
1542 948 948
1543 948 948
1544 948 948
1545 948 948
1546 948 948
1547 948 948
1548 948 948
1549 948 948
1550 948 948
1551 948 948
1552 948 948
1553 948 948
1554 948 948
1555 948 948
1556 948 948
1557 948 948
1558 948 948
1559 948 948
1560 948 948
1561 948 948
1562 948 948
1563 948 948
1564 948 948
1565 948 948
1566 948 948
1567 948 948
1568 948 948
1569 948 948
1570 948 948
1571 948 948
1572 948 948
1573 948 948
1574 948 948
1575 948 948
1576 948 948
1577 948 948
1578 948 948
1579 948 948
1580 948 948
1581 948 948
1582 948 948
1583 948 948
1584 948 948
1585 948 948
1586 948 948
1587 948 948
1588 948 948
1589 948 948
1590 948 948
1591 948 948
1592 948 948
1593 948 948
1594 948 948
1595 948 948
1596 948 948
1597 948 948
1598 948 948
1599 948 948
1600 948 948
1601 948 948
1602 948 948
1603 948 948
1604 948 948
1605 948 948
1606 948 948
1607 948 948
1608 948 948
1609 948 948
1610 948 948
1611 948 948
1612 948 948
1613 948 948
1614 948 948
1615 948 948
1616 948 948
1617 948 948
1618 948 948
1619 948 948
1620 948 948
1621 948 948
1622 948 948
1623 948 948
1624 948 948
1625 948 948
1626 948 948
1627 948 948
1628 948 948
1629 948 948
1630 948 948
1631 948 948
1632 948 948
1633 948 948
1634 948 948
1635 948 948
1636 948 948
1637 948 948
1638 948 948
1639 948 948
1640 948 948
1641 948 948
1642 948 948
1643 948 948
1644 948 948
1645 948 948
1646 948 948
1647 948 948
1648 948 948
1649 948 948
1650 948 948
1651 948 948
1652 948 948
1653 948 948
1654 948 948
1655 948 948
1656 948 948
1657 948 948
1658 948 948
1659 948 948
1660 948 948
1661 948 948
1662 948 948
1663 948 948
1664 948 948
1665 948 948
1666 948 948
1667 948 948
1668 948 948
1669 948 948
1670 948 948
1671 948 948
1672 948 948
1673 948 948
1674 948 948
1675 948 948
1676 948 948
1677 948 948
1678 948 948
1679 948 948
1680 948 948
1681 948 948
1682 948 948
1683 948 948
1684 948 948
1685 948 948
1686 948 948
1687 948 948
1688 948 948
1689 948 948
1690 948 948
1691 948 948
1692 948 948
1693 948 948
1694 948 948
1695 948 948
1696 948 948
1697 948 948
1698 948 948
1699 948 948
1700 948 948
1701 948 948
1702 948 948
1703 948 948
1704 948 948
1705 948 948
1706 948 948
1707 948 948
1708 948 948
1709 948 948
1710 948 948
1711 948 948
1712 948 948
1713 948 948
1714 948 948
1715 948 948
1716 948 948
1717 948 948
1718 948 948
1719 948 948
1720 948 948
1721 948 948
1722 948 948
1723 948 948
1724 948 948
1725 948 948
1726 948 948
1727 948 948
1728 948 948
1729 948 948
1730 948 948
1731 948 948
1732 948 948
1733 948 948
1734 948 948
1735 948 948
1736 948 948
1737 948 948
1738 948 948
1739 948 948
1740 948 948
1741 948 948
1742 948 948
1743 948 948
1744 948 948
1745 948 948
1746 948 948
1747 948 948
1748 948 948
1749 948 948
1750 948 948
1751 948 948
1752 948 948
1753 948 948
1754 948 948
1755 948 948
1756 948 948
1757 948 948
1758 948 948
1759 948 948
1760 948 948
1761 948 948
1762 948 948
1763 948 948
1764 948 948
1765 948 948
1766 948 948
1767 948 948
1768 948 948
1769 948 948
1770 948 948
1771 948 948
1772 948 948
1773 948 948
1774 948 948
1775 948 948
1776 948 948
1777 948 948
1778 948 948
1779 948 948
1780 948 948
1781 948 948
1782 948 948
1783 948 948
1784 948 948
1785 948 948
1786 948 948
1787 948 948
1788 948 948
1789 948 948
1790 948 948
1791 948 948
1792 948 948
1793 948 948
1794 948 948
1795 948 948
1796 948 948
1797 948 948
1798 948 948
1799 948 948
1800 948 948
1801 948 948
1802 948 948
1803 948 948
1804 948 948
1805 948 948
1806 948 948
1807 948 948
1808 948 948
1809 948 948
1810 948 948
1811 948 948
1812 948 948
1813 948 948
1814 948 948
1815 948 948
1816 948 948
1817 948 948
1818 948 948
1819 948 948
1820 948 948
1821 948 948
1822 948 948
1823 948 948
1824 948 948
1825 948 948
1826 948 948
1827 948 948
1828 948 948
1829 948 948
1830 948 948
1831 948 948
1832 948 948
1833 948 948
1834 948 948
1835 948 948
1836 948 948
1837 948 948
1838 948 948
1839 948 948
1840 948 948
1841 948 948
1842 948 948
1843 948 948
1844 948 948
1845 948 948
1846 948 948
1847 948 948
1848 948 948
1849 948 948
1850 948 948
1851 948 948
1852 948 948
1853 948 948
1854 948 948
1855 948 948
1856 948 948
1857 948 948
1858 948 948
1859 948 948
1860 948 948
1861 948 948
1862 948 948
1863 948 948
1864 948 948
1865 948 948
1866 948 948
1867 948 948
1868 948 948
1869 948 948
1870 948 948
1871 948 948
1872 948 948
1873 948 948
1874 948 948
1875 948 948
1876 948 948
1877 948 948
1878 948 948
1879 948 948
1880 948 948
1881 948 948
1882 948 948
1883 948 948
1884 948 948
1885 948 948
1886 948 948
1887 948 948
1888 948 948
1889 948 948
1890 948 948
1891 948 948
1892 948 948
1893 948 948
1894 948 948
1895 948 948
1896 948 948
1897 948 948
1898 948 948
1899 948 948
1900 948 948
1901 948 948
1902 948 948
1903 948 948
1904 948 948
1905 948 948
1906 948 948
1907 948 948
1908 948 948
1909 948 948
1910 948 948
1911 948 948
1912 948 948
1913 948 948
1914 948 948
1915 948 948
1916 948 948
1917 948 948
1918 948 948
1919 948 948
1920 948 948
1921 948 948
1922 948 948
1923 948 948
1924 948 948
1925 948 948
1926 948 948
1927 948 948
1928 948 948
1929 948 948
1930 948 948
1931 948 948
1932 948 948
1933 948 948
1934 948 948
1935 948 948
1936 948 948
1937 948 948
1938 948 948
1939 948 948
1940 948 948
1941 948 948
1942 948 948
1943 948 948
1944 948 948
1945 948 948
1946 948 948
1947 948 948
1948 948 948
1949 948 948
1950 948 948
1951 948 948
1952 948 948
1953 948 948
1954 948 948
1955 948 948
1956 948 948
1957 948 948
1958 948 948
1959 948 948
1960 948 948
1961 948 948
1962 948 948
1963 948 948
1964 948 948
1965 948 948
1966 948 948
1967 948 948
1968 948 948
1969 948 948
1970 948 948
1971 948 948
1972 948 948
1973 948 948
1974 948 948
1975 948 948
1976 948 948
1977 948 948
1978 948 948
1979 948 948
1980 948 948
1981 948 948
1982 948 948
1983 948 948
1984 948 948
1985 948 948
1986 948 948
1987 948 948
1988 948 948
1989 948 948
1990 948 948
1991 948 948
1992 948 948
1993 948 948
1994 948 948
1995 948 948
1996 948 948
1997 948 948
1998 948 948
1999 948 948
2000 948 948
2001 948 948
2002 948 948
2003 948 948
2004 948 948
2005 948 948
2006 948 948
2007 948 948
2008 948 948
2009 948 948
2010 948 948
2011 948 948
2012 948 948
2013 948 948
2014 948 948
2015 948 948
2016 948 948
2017 948 948
2018 948 948
2019 948 948
2020 948 948
2021 948 948
2022 948 948
2023 948 948
2024 948 948
2025 948 948
2026 948 948
2027 948 948
2028 948 948
2029 948 948
2030 948 948
2031 948 948
2032 948 948
2033 948 948
2034 948 948
2035 948 948
2036 948 948
2037 948 948
2038 948 948
2039 948 948
2040 948 948
2041 948 948
2042 948 948
2043 948 948
2044 948 948
2045 948 948
2046 948 948
2047 948 948
2048 948 948
2049 948 948
2050 948 948
2051 948 948
2052 948 948
2053 948 948
2054 948 948
2055 948 948
2056 948 948
2057 948 948
2058 948 948
2059 948 948
2060 948 948
2061 948 948
2062 948 948
2063 948 948
2064 948 948
2065 948 948
2066 948 948
2067 948 948
2068 948 948
2069 948 948
2070 948 948
2071 948 948
2072 948 948
2073 948 948
2074 948 948
2075 948 948
2076 948 948
2077 948 948
2078 948 948
2079 948 948
2080 948 948
2081 948 948
2082 948 948
2083 948 948
2084 948 948
2085 948 948
2086 948 948
2087 948 948
2088 948 948
2089 948 948
2090 948 948
2091 948 948
2092 948 948
2093 948 948
2094 948 948
2095 948 948
2096 948 948
2097 948 948
2098 948 948
2099 948 948
2100 948 948
2101 948 948
2102 948 948
2103 948 948
2104 948 948
2105 948 948
2106 948 948
2107 948 948
2108 948 948
2109 948 948
2110 948 948
2111 948 948
2112 948 948
2113 948 948
2114 948 948
2115 948 948
2116 948 948
2117 948 948
2118 948 948
2119 948 948
2120 948 948
2121 948 948
2122 948 948
2123 948 948
2124 948 948
2125 948 948
2126 948 948
2127 948 948
2128 948 948
2129 948 948
2130 948 948
2131 948 948
2132 948 948
2133 948 948
2134 948 948
2135 948 948
2136 948 948
2137 948 948
2138 948 948
2139 948 948
2140 948 948
2141 948 948
2142 948 948
2143 948 948
2144 948 948
2145 948 948
2146 948 948
2147 948 948
2148 948 948
2149 948 948
2150 948 948
2151 948 948
2152 948 948
2153 948 948
2154 948 948
2155 948 948
2156 948 948
2157 948 948
2158 948 948
2159 948 948
2160 948 948
2161 948 948
2162 948 948
2163 948 948
2164 948 948
2165 948 948
2166 948 948
2167 948 948
2168 948 948
2169 948 948
2170 948 948
2171 948 948
2172 948 948
2173 948 948
2174 948 948
2175 948 948
2176 948 948
2177 948 948
2178 948 948
2179 948 948
2180 948 948
2181 948 948
2182 948 948
2183 948 948
2184 948 948
2185 948 948
2186 948 948
2187 948 948
2188 948 948
2189 948 948
2190 948 948
2191 948 948
2192 948 948
2193 948 948
2194 948 948
2195 948 948
2196 948 948
2197 948 948
2198 948 948
2199 948 948
2200 948 948
2201 948 948
2202 948 948
2203 948 948
2204 948 948
2205 948 948
2206 948 948
2207 948 948
2208 948 948
2209 948 948
2210 948 948
2211 948 948
2212 948 948
2213 948 948
2214 948 948
2215 948 948
2216 948 948
2217 948 948
2218 948 948
2219 948 948
2220 948 948
2221 948 948
2222 948 948
2223 948 948
2224 948 948
2225 948 948
2226 948 948
2227 948 948
2228 948 948
2229 948 948
2230 948 948
2231 948 948
2232 948 948
2233 948 948
2234 948 948
2235 948 948
2236 948 948
2237 948 948
2238 948 948
2239 948 948
2240 948 948
2241 948 948
2242 948 948
2243 948 948
2244 948 948
2245 948 948
2246 948 948
2247 948 948
2248 948 948
2249 948 948
2250 948 948
2251 948 948
2252 948 948
2253 948 948
2254 948 948
2255 948 948
2256 948 948
2257 948 948
2258 948 948
2259 948 948
2260 948 948
2261 948 948
2262 948 948
2263 948 948
2264 948 948
2265 948 948
2266 948 948
2267 948 948
2268 948 948
2269 948 948
2270 948 948
2271 948 948
2272 948 948
2273 948 948
2274 948 948
2275 948 948
2276 948 948
2277 948 948
2278 948 948
2279 948 948
2280 948 948
2281 948 948
2282 948 948
2283 948 948
2284 948 948
2285 948 948
2286 948 948
2287 948 948
2288 948 948
2289 948 948
2290 948 948
2291 948 948
2292 948 948
2293 948 948
2294 948 948
2295 948 948
2296 948 948
2297 948 948
2298 948 948
2299 948 948
2300 948 948
2301 948 948
2302 948 948
2303 948 948
2304 948 948
2305 948 948
2306 948 948
2307 948 948
2308 948 948
2309 948 948
2310 948 948
2311 948 948
2312 948 948
2313 948 948
2314 948 948
2315 948 948
2316 948 948
2317 948 948
2318 948 948
2319 948 948
2320 948 948
2321 948 948
2322 948 948
2323 948 948
2324 948 948
2325 948 948
2326 948 948
2327 948 948
2328 948 948
2329 948 948
2330 948 948
2331 948 948
2332 948 948
2333 948 948
2334 948 948
2335 948 948
2336 948 948
2337 948 948
2338 948 948
2339 948 948
2340 948 948
2341 948 948
2342 948 948
2343 948 948
2344 948 948
2345 948 948
2346 948 948
2347 948 948
2348 948 948
2349 948 948
2350 948 948
2351 948 948
2352 948 948
2353 948 948
2354 948 948
2355 948 948
2356 948 948
2357 948 948
2358 948 948
2359 948 948
2360 948 948
2361 948 948
2362 948 948
2363 948 948
2364 948 948
2365 948 948
2366 948 948
2367 948 948
2368 948 948
2369 948 948
2370 948 948
2371 948 948
2372 948 948
2373 948 948
2374 948 948
2375 948 948
2376 948 948
2377 948 948
2378 948 948
2379 948 948
2380 948 948
2381 948 948
2382 948 948
2383 948 948
2384 948 948
2385 948 948
2386 948 948
2387 948 948
2388 948 948
2389 948 948
2390 948 948
2391 948 948
2392 948 948
2393 948 948
2394 948 948
2395 948 948
2396 948 948
2397 948 948
2398 948 948
2399 948 948
2400 948 948
2401 948 948
2402 948 948
2403 948 948
2404 948 948
2405 948 948
2406 948 948
2407 948 948
2408 948 948
2409 948 948
2410 948 948
2411 948 948
2412 948 948
2413 948 948
2414 948 948
2415 948 948
2416 948 948
2417 948 948
2418 948 948
2419 948 948
2420 948 948
2421 948 948
2422 948 948
2423 948 948
2424 948 948
2425 948 948
2426 948 948
2427 948 948
2428 948 948
2429 948 948
2430 948 948
2431 948 948
2432 948 948
2433 948 948
2434 948 948
2435 948 948
2436 948 948
2437 948 948
2438 948 948
2439 948 948
2440 948 948
2441 948 948
2442 948 948
2443 948 948
2444 948 948
2445 948 948
2446 948 948
2447 948 948
2448 948 948
2449 948 948
2450 948 948
2451 948 948
2452 948 948
2453 948 948
2454 948 948
2455 948 948
2456 948 948
2457 948 948
2458 948 948
2459 948 948
2460 948 948
2461 948 948
2462 948 948
2463 948 948
2464 948 948
2465 948 948
2466 948 948
2467 948 948
2468 948 948
2469 948 948
2470 948 948
2471 948 948
2472 948 948
2473 948 948
2474 948 948
2475 948 948
2476 948 948
2477 948 948
2478 948 948
2479 948 948
2480 948 948
2481 948 948
2482 948 948
2483 948 948
2484 948 948
2485 948 948
2486 948 948
2487 948 948
2488 948 948
2489 948 948
2490 948 948
2491 948 948
2492 948 948
2493 948 948
2494 948 948
2495 948 948
2496 948 948
2497 948 948
2498 948 948
2499 948 948
2500 948 948
2501 948 948
2502 948 948
2503 948 948
2504 948 948
2505 948 948
2506 948 948
2507 948 948
2508 948 948
2509 948 948
2510 948 948
2511 948 948
2512 948 948
2513 948 948
2514 948 948
2515 948 948
2516 948 948
