0 965 965
1 965 965
2 968 968
3 968 968
4 972 972
5 972 972
6 974 974
7 974 974
8 974 974
9 979 979
10 979 979
11 983 983
12 983 983
13 983 983
14 983 983
15 988 988
16 988 988
17 988 988
18 991 991
19 991 991
20 991 991
21 992 992
22 998 998
23 998 998
24 998 998
25 998 998
26 1000 1000
27 1000 1000
28 1000 1000
29 1000 1000
30 1000 1000
31 1000 1000
32 1007 1007
33 1007 1007
34 1007 1007
35 1007 1007
36 1007 1007
37 1007 1007
38 1007 1007
39 1010 1010
40 1014 1014
41 1014 1014
42 1014 1014
43 1014 1014
44 1016 1016
45 1016 1016
46 1016 1016
47 1018 1018
48 1019 1019
49 1019 1019
50 1021 1021
51 1023 1023
52 1023 1023
53 1023 1023
54 1025 1025
55 1026 1026
56 1026 1026
57 1028 1028
58 1032 1032
59 1032 1032
60 1032 1032
61 1033 1033
62 1033 1033
63 1033 1033
64 1033 1033
65 1035 1035
66 1035 1035
67 1035 1035
68 1035 1035
69 1037 1037
70 1038 1038
71 1038 1038
72 1039 1039
73 1040 1040
74 1040 1040
75 1040 1040
76 1042 1042
77 1042 1042
78 1042 1042
79 1043 1043
80 1043 1043
81 1043 1043
82 1043 1043
83 1044 1044
84 1045 1045
85 1045 1045
86 1046 1046
87 1046 1046
88 1046 1046
89 1047 1047
90 1049 1049
91 1049 1049
92 1049 1049
93 1050 1050
94 1050 1050
95 1050 1050
96 1051 1051
97 1052 1052
98 1052 1052
99 1052 1052
100 1052 1052
101 1052 1052
102 1053 1053
103 1053 1053
104 1053 1053
105 1054 1054
106 1054 1054
107 1054 1054
108 1055 1055
109 1056 1056
110 1056 1056
111 1056 1056
112 1056 1056
113 1056 1056
114 1056 1056
115 1056 1056
116 1056 1056
117 1057 1057
118 1057 1057
119 1057 1057
120 1057 1057
121 1057 1057
122 1057 1057
123 1057 1057
124 1057 1057
125 1057 1057
126 1057 1057
127 1057 1057
128 1058 1058
129 1058 1058
130 1058 1058
131 1058 1058
132 1058 1058
133 1058 1058
134 1058 1058
135 1058 1058
136 1058 1058
137 1058 1058
138 1058 1058
139 1058 1058
140 1058 1058
141 1058 1058
142 1058 1058
143 1058 1058
144 1058 1058
145 1058 1058
146 1058 1058
147 1058 1058
148 1058 1058
149 1058 1058
150 1058 1058
151 1058 1058
152 1058 1058
153 1058 1058
154 1058 1058
155 1058 1058
156 1058 1058
157 1058 1058
158 1058 1058
159 1058 1058
160 1058 1058
161 1058 1058
162 1058 1058
163 1058 1058
164 1058 1058
165 1058 1058
166 1059 1059
167 1059 1059
168 1059 1059
169 1059 1059
170 1059 1059
171 1059 1059
172 1059 1059
173 1059 1059
174 1059 1059
175 1059 1059
176 1059 1059
177 1059 1059
178 1059 1059
179 1059 1059
180 1059 1059
181 1059 1059
182 1059 1059
183 1059 1059
184 1059 1059
185 1059 1059
186 1059 1059
187 1059 1059
188 1059 1059
189 1059 1059
190 1059 1059
191 1059 1059
192 1059 1059
193 1059 1059
194 1059 1059
195 1059 1059
196 1059 1059
197 1059 1059
198 1059 1059
199 1059 1059
200 1059 1059
201 1059 1059
202 1059 1059
203 1059 1059
204 1059 1059
205 1059 1059
206 1059 1059
207 1059 1059
208 1059 1059
209 1059 1059
210 1059 1059
211 1059 1059
212 1059 1059
213 1059 1059
214 1059 1059
215 1059 1059
216 1059 1059
217 1059 1059
218 1059 1059
219 1059 1059
220 1059 1059
221 1059 1059
222 1059 1059
223 1059 1059
224 1059 1059
225 1059 1059
226 1059 1059
227 1059 1059
228 1059 1059
229 1059 1059
230 1059 1059
231 1059 1059
232 1059 1059
233 1059 1059
234 1059 1059
235 1059 1059
236 1059 1059
237 1059 1059
238 1059 1059
239 1059 1059
240 1059 1059
241 1059 1059
242 1059 1059
243 1059 1059
244 1059 1059
245 1059 1059
246 1059 1059
247 1059 1059
248 1059 1059
249 1059 1059
250 1059 1059
251 1059 1059
252 1059 1059
253 1059 1059
254 1059 1059
255 1059 1059
256 1059 1059
257 1059 1059
258 1059 1059
259 1059 1059
260 1059 1059
261 1059 1059
262 1059 1059
263 1059 1059
264 1059 1059
265 1059 1059
266 1059 1059
267 1059 1059
268 1059 1059
269 1059 1059
270 1059 1059
271 1059 1059
272 1059 1059
273 1059 1059
274 1059 1059
275 1059 1059
276 1059 1059
277 1059 1059
278 1059 1059
279 1059 1059
280 1059 1059
281 1059 1059
282 1059 1059
283 1059 1059
284 1059 1059
285 1059 1059
286 1059 1059
287 1059 1059
288 1059 1059
289 1059 1059
290 1059 1059
291 1059 1059
292 1059 1059
293 1059 1059
294 1059 1059
295 1059 1059
296 1059 1059
297 1059 1059
298 1059 1059
299 1059 1059
300 1059 1059
301 1059 1059
302 1059 1059
303 1059 1059
304 1059 1059
305 1059 1059
306 1059 1059
307 1059 1059
308 1059 1059
309 1059 1059
310 1059 1059
311 1059 1059
312 1059 1059
313 1059 1059
314 1059 1059
315 1059 1059
316 1059 1059
317 1059 1059
318 1059 1059
319 1059 1059
320 1059 1059
321 1059 1059
322 1059 1059
323 1059 1059
324 1059 1059
325 1059 1059
326 1059 1059
327 1059 1059
328 1059 1059
329 1059 1059
330 1059 1059
331 1059 1059
332 1059 1059
333 1059 1059
334 1059 1059
335 1059 1059
336 1059 1059
337 1059 1059
338 1059 1059
339 1059 1059
340 1059 1059
341 1059 1059
342 1059 1059
343 1059 1059
344 1059 1059
345 1059 1059
346 1059 1059
347 1059 1059
348 1059 1059
349 1059 1059
350 1059 1059
351 1059 1059
352 1059 1059
353 1059 1059
354 1059 1059
355 1059 1059
356 1059 1059
357 1059 1059
358 1059 1059
359 1059 1059
360 1059 1059
361 1059 1059
362 1059 1059
363 1059 1059
364 1059 1059
365 1059 1059
366 1059 1059
367 1059 1059
368 1059 1059
369 1059 1059
370 1059 1059
371 1059 1059
372 1059 1059
373 1059 1059
374 1059 1059
375 1059 1059
376 1059 1059
377 1059 1059
378 1059 1059
379 1059 1059
380 1059 1059
381 1059 1059
382 1059 1059
383 1059 1059
384 1059 1059
385 1059 1059
386 1059 1059
387 1059 1059
388 1059 1059
389 1059 1059
390 1059 1059
391 1059 1059
392 1059 1059
393 1059 1059
394 1059 1059
395 1059 1059
396 1059 1059
397 1059 1059
398 1059 1059
399 1059 1059
400 1059 1059
401 1059 1059
402 1059 1059
403 1059 1059
404 1059 1059
405 1059 1059
406 1059 1059
407 1059 1059
408 1059 1059
409 1059 1059
410 1059 1059
411 1059 1059
412 1059 1059
413 1059 1059
414 1059 1059
415 1059 1059
416 1059 1059
417 1059 1059
418 1059 1059
419 1059 1059
420 1059 1059
421 1059 1059
422 1059 1059
423 1059 1059
424 1059 1059
425 1059 1059
426 1059 1059
427 1059 1059
428 1059 1059
429 1059 1059
430 1059 1059
431 1059 1059
432 1059 1059
433 1059 1059
434 1059 1059
435 1059 1059
436 1059 1059
437 1059 1059
438 1059 1059
439 1059 1059
440 1059 1059
441 1059 1059
442 1059 1059
443 1059 1059
444 1059 1059
445 1059 1059
446 1059 1059
447 1059 1059
448 1059 1059
449 1059 1059
450 1059 1059
451 1059 1059
452 1059 1059
453 1059 1059
454 1059 1059
455 1059 1059
456 1059 1059
457 1059 1059
458 1059 1059
459 1059 1059
460 1059 1059
461 1059 1059
462 1059 1059
463 1059 1059
464 1059 1059
465 1059 1059
466 1059 1059
467 1059 1059
468 1059 1059
469 1059 1059
470 1059 1059
471 1059 1059
472 1059 1059
473 1059 1059
474 1059 1059
475 1059 1059
476 1059 1059
477 1059 1059
478 1059 1059
479 1059 1059
480 1059 1059
481 1059 1059
482 1059 1059
483 1059 1059
484 1059 1059
485 1059 1059
486 1059 1059
487 1059 1059
488 1059 1059
489 1059 1059
490 1059 1059
491 1059 1059
492 1059 1059
493 1059 1059
494 1059 1059
495 1059 1059
496 1059 1059
497 1059 1059
498 1059 1059
499 1059 1059
500 1059 1059
501 1059 1059
502 1059 1059
503 1059 1059
504 1059 1059
505 1059 1059
506 1059 1059
507 1059 1059
508 1059 1059
509 1059 1059
510 1059 1059
511 1059 1059
512 1059 1059
513 1059 1059
514 1059 1059
515 1059 1059
516 1059 1059
517 1059 1059
518 1059 1059
519 1059 1059
520 1059 1059
521 1059 1059
522 1059 1059
523 1059 1059
524 1059 1059
525 1059 1059
526 1059 1059
527 1059 1059
528 1059 1059
529 1059 1059
530 1059 1059
531 1059 1059
532 1059 1059
533 1059 1059
534 1059 1059
535 1059 1059
536 1059 1059
537 1059 1059
538 1059 1059
539 1059 1059
540 1059 1059
541 1059 1059
542 1059 1059
543 1059 1059
544 1059 1059
545 1059 1059
546 1059 1059
547 1059 1059
548 1059 1059
549 1059 1059
550 1059 1059
551 1059 1059
552 1059 1059
553 1059 1059
554 1059 1059
555 1059 1059
556 1059 1059
557 1059 1059
558 1059 1059
559 1059 1059
560 1059 1059
561 1059 1059
562 1059 1059
563 1059 1059
564 1059 1059
565 1059 1059
566 1059 1059
567 1059 1059
568 1059 1059
569 1059 1059
570 1059 1059
571 1059 1059
572 1059 1059
573 1059 1059
574 1059 1059
575 1059 1059
576 1059 1059
577 1059 1059
578 1059 1059
579 1059 1059
580 1059 1059
581 1059 1059
582 1059 1059
583 1059 1059
584 1059 1059
585 1059 1059
586 1059 1059
587 1059 1059
588 1059 1059
589 1059 1059
590 1059 1059
591 1059 1059
592 1059 1059
593 1059 1059
594 1059 1059
595 1059 1059
596 1059 1059
597 1059 1059
598 1059 1059
599 1059 1059
600 1059 1059
601 1059 1059
602 1059 1059
603 1059 1059
604 1059 1059
605 1059 1059
606 1059 1059
607 1059 1059
608 1059 1059
609 1059 1059
610 1059 1059
611 1059 1059
612 1059 1059
613 1059 1059
614 1059 1059
615 1059 1059
616 1059 1059
617 1059 1059
618 1059 1059
619 1059 1059
620 1059 1059
621 1059 1059
622 1059 1059
623 1059 1059
624 1059 1059
625 1059 1059
626 1059 1059
627 1059 1059
628 1059 1059
629 1059 1059
630 1059 1059
631 1059 1059
632 1059 1059
633 1059 1059
634 1059 1059
635 1059 1059
636 1059 1059
637 1059 1059
638 1059 1059
639 1059 1059
640 1059 1059
641 1059 1059
642 1059 1059
643 1059 1059
644 1059 1059
645 1059 1059
646 1059 1059
647 1059 1059
648 1059 1059
649 1059 1059
650 1059 1059
651 1059 1059
652 1059 1059
653 1059 1059
654 1059 1059
655 1059 1059
656 1059 1059
657 1059 1059
658 1059 1059
659 1059 1059
660 1059 1059
661 1059 1059
662 1059 1059
663 1059 1059
664 1059 1059
665 1059 1059
666 1059 1059
667 1059 1059
668 1059 1059
669 1059 1059
670 1059 1059
671 1059 1059
672 1059 1059
673 1059 1059
674 1059 1059
675 1059 1059
676 1059 1059
677 1059 1059
678 1059 1059
679 1059 1059
680 1059 1059
681 1059 1059
682 1059 1059
683 1059 1059
684 1059 1059
685 1059 1059
686 1059 1059
687 1059 1059
688 1059 1059
689 1059 1059
690 1059 1059
691 1059 1059
692 1059 1059
693 1059 1059
694 1059 1059
695 1059 1059
696 1059 1059
697 1059 1059
698 1059 1059
699 1059 1059
700 1059 1059
701 1059 1059
702 1059 1059
703 1059 1059
704 1059 1059
705 1059 1059
706 1059 1059
707 1059 1059
708 1059 1059
709 1059 1059
710 1059 1059
711 1059 1059
712 1059 1059
713 1059 1059
714 1059 1059
715 1059 1059
716 1059 1059
717 1059 1059
718 1059 1059
719 1059 1059
720 1059 1059
721 1059 1059
722 1059 1059
723 1059 1059
724 1059 1059
725 1059 1059
726 1059 1059
727 1059 1059
728 1059 1059
729 1059 1059
730 1059 1059
731 1059 1059
732 1059 1059
733 1059 1059
734 1059 1059
735 1059 1059
736 1059 1059
737 1059 1059
738 1059 1059
739 1059 1059
740 1059 1059
741 1059 1059
742 1059 1059
743 1059 1059
744 1059 1059
745 1059 1059
746 1059 1059
747 1059 1059
748 1059 1059
749 1059 1059
750 1059 1059
751 1059 1059
752 1059 1059
753 1059 1059
754 1059 1059
755 1059 1059
756 1059 1059
757 1059 1059
758 1059 1059
759 1059 1059
760 1059 1059
761 1059 1059
762 1059 1059
763 1059 1059
764 1059 1059
765 1059 1059
766 1059 1059
767 1059 1059
768 1059 1059
769 1059 1059
770 1059 1059
771 1059 1059
772 1059 1059
773 1059 1059
774 1059 1059
775 1059 1059
776 1059 1059
777 1059 1059
778 1059 1059
779 1059 1059
780 1059 1059
781 1059 1059
782 1059 1059
783 1059 1059
784 1059 1059
785 1059 1059
786 1059 1059
787 1059 1059
788 1059 1059
789 1059 1059
790 1059 1059
791 1059 1059
792 1059 1059
793 1059 1059
794 1059 1059
795 1059 1059
796 1059 1059
797 1059 1059
798 1059 1059
799 1059 1059
800 1059 1059
801 1059 1059
802 1059 1059
803 1059 1059
804 1059 1059
805 1059 1059
806 1059 1059
807 1059 1059
808 1059 1059
809 1059 1059
810 1059 1059
811 1059 1059
812 1059 1059
813 1059 1059
814 1059 1059
815 1059 1059
816 1059 1059
817 1059 1059
818 1059 1059
819 1059 1059
820 1059 1059
821 1059 1059
822 1059 1059
823 1059 1059
824 1059 1059
825 1059 1059
826 1059 1059
827 1059 1059
828 1059 1059
829 1059 1059
830 1059 1059
831 1059 1059
832 1059 1059
833 1059 1059
834 1059 1059
835 1059 1059
836 1059 1059
837 1059 1059
838 1059 1059
839 1059 1059
840 1059 1059
841 1059 1059
842 1059 1059
843 1059 1059
844 1059 1059
845 1059 1059
846 1059 1059
847 1059 1059
848 1059 1059
849 1059 1059
850 1059 1059
851 1059 1059
852 1059 1059
853 1059 1059
854 1059 1059
855 1059 1059
856 1059 1059
857 1059 1059
858 1059 1059
859 1059 1059
860 1059 1059
861 1059 1059
862 1059 1059
863 1059 1059
864 1059 1059
865 1059 1059
866 1059 1059
867 1059 1059
868 1059 1059
869 1059 1059
870 1059 1059
871 1059 1059
872 1059 1059
873 1059 1059
874 1059 1059
875 1059 1059
876 1059 1059
877 1059 1059
878 1059 1059
879 1059 1059
880 1059 1059
881 1059 1059
882 1059 1059
883 1059 1059
884 1059 1059
885 1059 1059
886 1059 1059
887 1059 1059
888 1059 1059
889 1059 1059
890 1059 1059
891 1059 1059
892 1059 1059
893 1059 1059
894 1059 1059
895 1059 1059
896 1059 1059
897 1059 1059
898 1059 1059
899 1059 1059
900 1059 1059
901 1059 1059
902 1059 1059
903 1059 1059
904 1059 1059
905 1059 1059
906 1059 1059
907 1059 1059
908 1059 1059
909 1059 1059
910 1059 1059
911 1059 1059
912 1059 1059
913 1059 1059
914 1059 1059
915 1059 1059
916 1059 1059
917 1059 1059
918 1059 1059
919 1059 1059
920 1059 1059
921 1059 1059
922 1059 1059
923 1059 1059
924 1059 1059
925 1059 1059
926 1059 1059
927 1059 1059
928 1059 1059
929 1059 1059
930 1059 1059
931 1059 1059
932 1059 1059
933 1059 1059
934 1059 1059
935 1059 1059
936 1059 1059
937 1059 1059
938 1059 1059
939 1059 1059
940 1059 1059
941 1059 1059
942 1059 1059
943 1059 1059
944 1059 1059
945 1059 1059
946 1059 1059
947 1059 1059
948 1059 1059
949 1059 1059
950 1059 1059
951 1059 1059
952 1059 1059
953 1059 1059
954 1059 1059
955 1059 1059
956 1059 1059
957 1059 1059
958 1059 1059
959 1059 1059
960 1059 1059
961 1059 1059
962 1059 1059
963 1059 1059
964 1059 1059
965 1059 1059
966 1059 1059
967 1059 1059
968 1059 1059
969 1059 1059
970 1059 1059
971 1059 1059
972 1059 1059
973 1059 1059
974 1059 1059
975 1059 1059
976 1059 1059
977 1059 1059
978 1059 1059
979 1059 1059
980 1059 1059
981 1059 1059
982 1059 1059
983 1059 1059
984 1059 1059
985 1059 1059
986 1059 1059
987 1059 1059
988 1059 1059
989 1059 1059
990 1059 1059
991 1059 1059
992 1059 1059
993 1059 1059
994 1059 1059
995 1059 1059
996 1059 1059
997 1059 1059
998 1059 1059
999 1059 1059
1000 1059 1059
1001 1059 1059
1002 1059 1059
1003 1059 1059
1004 1059 1059
1005 1059 1059
1006 1059 1059
1007 1059 1059
1008 1059 1059
1009 1059 1059
1010 1059 1059
1011 1059 1059
1012 1059 1059
1013 1059 1059
1014 1059 1059
1015 1059 1059
1016 1059 1059
1017 1059 1059
1018 1059 1059
1019 1059 1059
1020 1059 1059
1021 1059 1059
1022 1059 1059
1023 1059 1059
1024 1059 1059
1025 1059 1059
1026 1059 1059
1027 1059 1059
1028 1059 1059
1029 1059 1059
1030 1059 1059
1031 1059 1059
1032 1059 1059
1033 1059 1059
1034 1059 1059
1035 1059 1059
1036 1059 1059
1037 1059 1059
1038 1059 1059
1039 1059 1059
1040 1059 1059
1041 1059 1059
1042 1059 1059
1043 1059 1059
1044 1059 1059
1045 1059 1059
1046 1059 1059
1047 1059 1059
1048 1059 1059
1049 1059 1059
1050 1059 1059
1051 1059 1059
1052 1059 1059
1053 1059 1059
1054 1059 1059
1055 1059 1059
1056 1059 1059
1057 1059 1059
1058 1059 1059
1059 1059 1059
1060 1059 1059
1061 1059 1059
1062 1059 1059
1063 1059 1059
1064 1059 1059
1065 1059 1059
1066 1059 1059
1067 1059 1059
1068 1059 1059
1069 1059 1059
1070 1059 1059
1071 1059 1059
1072 1059 1059
1073 1059 1059
1074 1059 1059
1075 1059 1059
1076 1059 1059
1077 1059 1059
1078 1059 1059
1079 1059 1059
1080 1059 1059
1081 1059 1059
1082 1059 1059
1083 1059 1059
1084 1059 1059
1085 1059 1059
1086 1059 1059
1087 1059 1059
1088 1059 1059
1089 1059 1059
1090 1059 1059
1091 1059 1059
1092 1059 1059
1093 1059 1059
1094 1059 1059
1095 1059 1059
1096 1059 1059
1097 1059 1059
1098 1059 1059
1099 1059 1059
1100 1059 1059
1101 1059 1059
1102 1059 1059
1103 1059 1059
1104 1059 1059
1105 1059 1059
1106 1059 1059
1107 1059 1059
1108 1059 1059
1109 1059 1059
1110 1059 1059
1111 1059 1059
1112 1059 1059
1113 1059 1059
1114 1059 1059
1115 1059 1059
1116 1059 1059
1117 1059 1059
1118 1059 1059
1119 1059 1059
1120 1059 1059
1121 1059 1059
1122 1059 1059
1123 1059 1059
1124 1059 1059
1125 1059 1059
1126 1059 1059
1127 1059 1059
1128 1059 1059
1129 1059 1059
1130 1059 1059
1131 1059 1059
1132 1059 1059
1133 1059 1059
1134 1059 1059
1135 1059 1059
1136 1059 1059
1137 1059 1059
1138 1059 1059
1139 1059 1059
1140 1059 1059
1141 1059 1059
1142 1059 1059
1143 1059 1059
1144 1059 1059
1145 1059 1059
1146 1059 1059
1147 1059 1059
1148 1059 1059
1149 1059 1059
1150 1059 1059
1151 1059 1059
1152 1059 1059
1153 1059 1059
1154 1059 1059
1155 1059 1059
1156 1059 1059
1157 1059 1059
1158 1059 1059
1159 1059 1059
1160 1059 1059
1161 1059 1059
1162 1059 1059
1163 1059 1059
1164 1059 1059
1165 1059 1059
1166 1059 1059
1167 1059 1059
1168 1059 1059
1169 1059 1059
1170 1059 1059
1171 1059 1059
1172 1059 1059
1173 1059 1059
1174 1059 1059
1175 1059 1059
1176 1059 1059
1177 1059 1059
1178 1059 1059
1179 1059 1059
1180 1059 1059
1181 1059 1059
1182 1059 1059
1183 1059 1059
1184 1059 1059
1185 1059 1059
1186 1059 1059
1187 1059 1059
1188 1059 1059
1189 1059 1059
1190 1059 1059
1191 1059 1059
1192 1059 1059
1193 1059 1059
1194 1059 1059
1195 1059 1059
1196 1059 1059
1197 1059 1059
1198 1059 1059
1199 1059 1059
1200 1059 1059
1201 1059 1059
1202 1059 1059
1203 1059 1059
1204 1059 1059
1205 1059 1059
1206 1059 1059
1207 1059 1059
1208 1059 1059
1209 1059 1059
1210 1059 1059
1211 1059 1059
1212 1059 1059
1213 1059 1059
1214 1059 1059
1215 1059 1059
1216 1059 1059
1217 1059 1059
1218 1059 1059
1219 1059 1059
1220 1059 1059
1221 1059 1059
1222 1059 1059
1223 1059 1059
1224 1059 1059
1225 1059 1059
1226 1059 1059
1227 1059 1059
1228 1059 1059
1229 1059 1059
1230 1059 1059
1231 1059 1059
1232 1059 1059
1233 1059 1059
1234 1059 1059
1235 1059 1059
1236 1059 1059
1237 1059 1059
1238 1059 1059
1239 1059 1059
1240 1059 1059
1241 1059 1059
1242 1059 1059
1243 1059 1059
1244 1059 1059
1245 1059 1059
1246 1059 1059
1247 1059 1059
1248 1059 1059
1249 1059 1059
1250 1059 1059
1251 1059 1059
1252 1059 1059
1253 1059 1059
1254 1059 1059
1255 1059 1059
1256 1059 1059
1257 1059 1059
1258 1059 1059
1259 1059 1059
1260 1059 1059
1261 1059 1059
1262 1059 1059
1263 1059 1059
1264 1059 1059
1265 1059 1059
1266 1059 1059
1267 1059 1059
1268 1059 1059
1269 1059 1059
1270 1059 1059
1271 1059 1059
1272 1059 1059
1273 1059 1059
1274 1059 1059
1275 1059 1059
1276 1059 1059
1277 1059 1059
1278 1059 1059
1279 1059 1059
1280 1059 1059
1281 1059 1059
1282 1059 1059
1283 1059 1059
1284 1059 1059
1285 1059 1059
1286 1059 1059
1287 1059 1059
1288 1059 1059
1289 1059 1059
1290 1059 1059
1291 1059 1059
1292 1059 1059
1293 1059 1059
1294 1059 1059
1295 1059 1059
1296 1059 1059
1297 1059 1059
1298 1059 1059
1299 1059 1059
1300 1059 1059
1301 1059 1059
1302 1059 1059
1303 1059 1059
1304 1059 1059
1305 1059 1059
1306 1059 1059
1307 1059 1059
1308 1059 1059
1309 1059 1059
1310 1059 1059
1311 1059 1059
1312 1059 1059
1313 1059 1059
1314 1059 1059
1315 1059 1059
1316 1059 1059
1317 1059 1059
1318 1059 1059
1319 1059 1059
1320 1059 1059
1321 1059 1059
1322 1059 1059
1323 1059 1059
1324 1059 1059
1325 1059 1059
1326 1059 1059
1327 1059 1059
1328 1059 1059
1329 1059 1059
1330 1059 1059
1331 1059 1059
1332 1059 1059
1333 1059 1059
1334 1059 1059
1335 1059 1059
1336 1059 1059
1337 1059 1059
1338 1059 1059
1339 1059 1059
1340 1059 1059
1341 1059 1059
1342 1059 1059
1343 1059 1059
1344 1059 1059
1345 1059 1059
1346 1059 1059
1347 1059 1059
1348 1059 1059
1349 1059 1059
1350 1059 1059
1351 1059 1059
1352 1059 1059
1353 1059 1059
1354 1059 1059
1355 1059 1059
1356 1059 1059
1357 1059 1059
1358 1059 1059
1359 1059 1059
1360 1059 1059
1361 1059 1059
1362 1059 1059
1363 1059 1059
1364 1059 1059
1365 1059 1059
1366 1059 1059
1367 1059 1059
1368 1059 1059
1369 1059 1059
1370 1059 1059
1371 1059 1059
1372 1059 1059
1373 1059 1059
1374 1059 1059
1375 1059 1059
1376 1059 1059
1377 1059 1059
1378 1059 1059
1379 1059 1059
1380 1059 1059
1381 1059 1059
1382 1059 1059
1383 1059 1059
1384 1059 1059
1385 1059 1059
1386 1059 1059
1387 1059 1059
1388 1059 1059
1389 1059 1059
1390 1059 1059
1391 1059 1059
1392 1059 1059
1393 1059 1059
1394 1059 1059
1395 1059 1059
1396 1059 1059
1397 1059 1059
1398 1059 1059
1399 1059 1059
1400 1059 1059
1401 1059 1059
1402 1059 1059
1403 1059 1059
1404 1059 1059
1405 1059 1059
1406 1059 1059
1407 1059 1059
1408 1059 1059
1409 1059 1059
1410 1059 1059
1411 1059 1059
1412 1059 1059
1413 1059 1059
1414 1059 1059
1415 1059 1059
1416 1059 1059
1417 1059 1059
1418 1059 1059
1419 1059 1059
1420 1059 1059
1421 1059 1059
1422 1059 1059
1423 1059 1059
1424 1059 1059
1425 1059 1059
1426 1059 1059
1427 1059 1059
1428 1059 1059
1429 1059 1059
1430 1059 1059
1431 1059 1059
1432 1059 1059
1433 1059 1059
1434 1059 1059
1435 1059 1059
1436 1059 1059
1437 1059 1059
1438 1059 1059
1439 1059 1059
1440 1059 1059
1441 1059 1059
1442 1059 1059
1443 1059 1059
1444 1059 1059
1445 1059 1059
1446 1059 1059
1447 1059 1059
1448 1059 1059
1449 1059 1059
1450 1059 1059
1451 1059 1059
1452 1059 1059
1453 1059 1059
1454 1059 1059
1455 1059 1059
1456 1059 1059
1457 1059 1059
1458 1059 1059
1459 1059 1059
1460 1059 1059
1461 1059 1059
1462 1059 1059
1463 1059 1059
1464 1059 1059
1465 1059 1059
1466 1059 1059
1467 1059 1059
1468 1059 1059
1469 1059 1059
1470 1059 1059
1471 1059 1059
1472 1059 1059
1473 1059 1059
1474 1059 1059
1475 1059 1059
1476 1059 1059
1477 1059 1059
1478 1059 1059
1479 1059 1059
1480 1059 1059
1481 1059 1059
1482 1059 1059
1483 1059 1059
1484 1059 1059
1485 1059 1059
1486 1059 1059
1487 1059 1059
1488 1059 1059
1489 1059 1059
1490 1059 1059
1491 1059 1059
1492 1059 1059
1493 1059 1059
1494 1059 1059
1495 1059 1059
1496 1059 1059
1497 1059 1059
1498 1059 1059
1499 1059 1059
1500 1059 1059
1501 1059 1059
1502 1059 1059
1503 1059 1059
1504 1059 1059
1505 1059 1059
1506 1059 1059
1507 1059 1059
1508 1059 1059
1509 1059 1059
1510 1059 1059
1511 1059 1059
1512 1059 1059
1513 1059 1059
1514 1059 1059
1515 1059 1059
1516 1059 1059
1517 1059 1059
1518 1059 1059
1519 1059 1059
1520 1059 1059
1521 1059 1059
1522 1059 1059
1523 1059 1059
1524 1059 1059
1525 1059 1059
1526 1059 1059
1527 1059 1059
1528 1059 1059
1529 1059 1059
1530 1059 1059
1531 1059 1059
1532 1059 1059
1533 1059 1059
1534 1059 1059
1535 1059 1059
1536 1059 1059
1537 1059 1059
1538 1059 1059
1539 1059 1059
1540 1059 1059
1541 1059 1059
1542 1059 1059
1543 1059 1059
1544 1059 1059
1545 1059 1059
1546 1059 1059
1547 1059 1059
1548 1059 1059
1549 1059 1059
1550 1059 1059
1551 1059 1059
1552 1059 1059
1553 1059 1059
1554 1059 1059
1555 1059 1059
1556 1059 1059
1557 1059 1059
1558 1059 1059
1559 1059 1059
1560 1059 1059
1561 1059 1059
1562 1059 1059
1563 1059 1059
1564 1059 1059
1565 1059 1059
1566 1059 1059
1567 1059 1059
1568 1059 1059
1569 1059 1059
1570 1059 1059
1571 1059 1059
1572 1059 1059
1573 1059 1059
1574 1059 1059
1575 1059 1059
1576 1059 1059
1577 1059 1059
1578 1059 1059
1579 1059 1059
1580 1059 1059
1581 1059 1059
1582 1059 1059
1583 1059 1059
1584 1059 1059
1585 1059 1059
1586 1059 1059
1587 1059 1059
1588 1059 1059
1589 1059 1059
1590 1059 1059
1591 1059 1059
1592 1059 1059
1593 1059 1059
1594 1059 1059
1595 1059 1059
1596 1059 1059
1597 1059 1059
1598 1059 1059
1599 1059 1059
1600 1059 1059
1601 1059 1059
1602 1059 1059
1603 1059 1059
1604 1059 1059
1605 1059 1059
1606 1059 1059
1607 1059 1059
1608 1059 1059
1609 1059 1059
1610 1059 1059
1611 1059 1059
1612 1059 1059
1613 1059 1059
1614 1059 1059
1615 1059 1059
1616 1059 1059
1617 1059 1059
1618 1059 1059
1619 1059 1059
1620 1059 1059
1621 1059 1059
1622 1059 1059
1623 1059 1059
1624 1059 1059
1625 1059 1059
1626 1059 1059
1627 1059 1059
1628 1059 1059
1629 1059 1059
1630 1059 1059
1631 1059 1059
1632 1059 1059
1633 1059 1059
1634 1059 1059
1635 1059 1059
1636 1059 1059
1637 1059 1059
1638 1059 1059
1639 1059 1059
1640 1059 1059
1641 1059 1059
1642 1059 1059
1643 1059 1059
1644 1059 1059
1645 1059 1059
1646 1059 1059
1647 1059 1059
1648 1059 1059
1649 1059 1059
1650 1059 1059
1651 1059 1059
1652 1059 1059
1653 1059 1059
1654 1059 1059
1655 1059 1059
1656 1059 1059
1657 1059 1059
1658 1059 1059
1659 1059 1059
1660 1059 1059
1661 1059 1059
1662 1059 1059
1663 1059 1059
1664 1059 1059
1665 1059 1059
1666 1059 1059
1667 1059 1059
1668 1059 1059
1669 1059 1059
1670 1059 1059
1671 1059 1059
1672 1059 1059
1673 1059 1059
1674 1059 1059
1675 1059 1059
1676 1059 1059
1677 1059 1059
1678 1059 1059
1679 1059 1059
1680 1059 1059
1681 1059 1059
1682 1059 1059
1683 1059 1059
1684 1059 1059
1685 1059 1059
1686 1059 1059
1687 1059 1059
1688 1059 1059
1689 1059 1059
1690 1059 1059
1691 1059 1059
1692 1059 1059
1693 1059 1059
1694 1059 1059
1695 1059 1059
1696 1059 1059
1697 1059 1059
1698 1059 1059
1699 1059 1059
1700 1059 1059
1701 1059 1059
1702 1059 1059
1703 1059 1059
1704 1059 1059
1705 1059 1059
1706 1059 1059
1707 1059 1059
1708 1059 1059
1709 1059 1059
1710 1059 1059
1711 1059 1059
1712 1059 1059
1713 1059 1059
1714 1059 1059
1715 1059 1059
1716 1059 1059
1717 1059 1059
1718 1059 1059
1719 1059 1059
1720 1059 1059
1721 1059 1059
1722 1059 1059
1723 1059 1059
1724 1059 1059
1725 1059 1059
1726 1059 1059
1727 1059 1059
1728 1059 1059
1729 1059 1059
1730 1059 1059
1731 1059 1059
1732 1059 1059
1733 1059 1059
1734 1059 1059
1735 1059 1059
1736 1059 1059
1737 1059 1059
1738 1059 1059
1739 1059 1059
1740 1059 1059
1741 1059 1059
1742 1059 1059
1743 1059 1059
1744 1059 1059
1745 1059 1059
1746 1059 1059
1747 1059 1059
1748 1059 1059
1749 1059 1059
1750 1059 1059
1751 1059 1059
1752 1059 1059
1753 1059 1059
1754 1059 1059
1755 1059 1059
1756 1059 1059
1757 1059 1059
1758 1059 1059
1759 1059 1059
1760 1059 1059
1761 1059 1059
1762 1059 1059
1763 1059 1059
1764 1059 1059
1765 1059 1059
1766 1059 1059
1767 1059 1059
1768 1059 1059
1769 1059 1059
1770 1059 1059
1771 1059 1059
1772 1059 1059
1773 1059 1059
1774 1059 1059
1775 1059 1059
1776 1059 1059
1777 1059 1059
1778 1059 1059
1779 1059 1059
1780 1059 1059
1781 1059 1059
1782 1059 1059
1783 1059 1059
1784 1059 1059
1785 1059 1059
1786 1059 1059
1787 1059 1059
1788 1059 1059
1789 1059 1059
1790 1059 1059
1791 1059 1059
1792 1059 1059
1793 1059 1059
1794 1059 1059
1795 1059 1059
1796 1059 1059
1797 1059 1059
1798 1059 1059
1799 1059 1059
1800 1059 1059
1801 1059 1059
1802 1059 1059
1803 1059 1059
1804 1059 1059
1805 1059 1059
1806 1059 1059
1807 1059 1059
1808 1059 1059
1809 1059 1059
1810 1059 1059
1811 1059 1059
1812 1059 1059
1813 1059 1059
1814 1059 1059
1815 1059 1059
1816 1059 1059
1817 1059 1059
1818 1059 1059
1819 1059 1059
1820 1059 1059
1821 1059 1059
1822 1059 1059
1823 1059 1059
1824 1059 1059
1825 1059 1059
1826 1059 1059
1827 1059 1059
1828 1059 1059
1829 1059 1059
1830 1059 1059
1831 1059 1059
1832 1059 1059
1833 1059 1059
1834 1059 1059
1835 1059 1059
1836 1059 1059
1837 1059 1059
1838 1059 1059
1839 1059 1059
1840 1059 1059
1841 1059 1059
1842 1059 1059
1843 1059 1059
1844 1059 1059
1845 1059 1059
1846 1059 1059
1847 1059 1059
1848 1059 1059
1849 1059 1059
1850 1059 1059
1851 1059 1059
1852 1059 1059
1853 1059 1059
1854 1059 1059
1855 1059 1059
1856 1059 1059
1857 1059 1059
1858 1059 1059
1859 1059 1059
1860 1059 1059
1861 1059 1059
1862 1059 1059
1863 1059 1059
1864 1059 1059
1865 1059 1059
1866 1059 1059
1867 1059 1059
1868 1059 1059
1869 1059 1059
1870 1059 1059
1871 1059 1059
1872 1059 1059
1873 1059 1059
1874 1059 1059
1875 1059 1059
1876 1059 1059
1877 1059 1059
1878 1059 1059
1879 1059 1059
1880 1059 1059
1881 1059 1059
1882 1059 1059
1883 1059 1059
1884 1059 1059
1885 1059 1059
1886 1059 1059
1887 1059 1059
1888 1059 1059
1889 1059 1059
1890 1059 1059
1891 1059 1059
1892 1059 1059
1893 1059 1059
1894 1059 1059
1895 1059 1059
1896 1059 1059
1897 1059 1059
1898 1059 1059
1899 1059 1059
1900 1059 1059
1901 1059 1059
1902 1059 1059
1903 1059 1059
1904 1059 1059
1905 1059 1059
1906 1059 1059
1907 1059 1059
1908 1059 1059
1909 1059 1059
1910 1059 1059
1911 1059 1059
1912 1059 1059
1913 1059 1059
1914 1059 1059
1915 1059 1059
1916 1059 1059
1917 1059 1059
1918 1059 1059
1919 1059 1059
1920 1059 1059
1921 1059 1059
1922 1059 1059
1923 1059 1059
1924 1059 1059
1925 1059 1059
1926 1059 1059
1927 1059 1059
1928 1059 1059
1929 1059 1059
1930 1059 1059
1931 1059 1059
1932 1059 1059
1933 1059 1059
1934 1059 1059
1935 1059 1059
1936 1059 1059
1937 1059 1059
1938 1059 1059
1939 1059 1059
1940 1059 1059
1941 1059 1059
1942 1059 1059
1943 1059 1059
1944 1059 1059
1945 1059 1059
1946 1059 1059
1947 1059 1059
1948 1059 1059
1949 1059 1059
1950 1059 1059
1951 1059 1059
1952 1059 1059
1953 1059 1059
1954 1059 1059
1955 1059 1059
1956 1059 1059
1957 1059 1059
1958 1059 1059
1959 1059 1059
1960 1059 1059
1961 1059 1059
1962 1059 1059
1963 1059 1059
1964 1059 1059
1965 1059 1059
1966 1059 1059
1967 1059 1059
1968 1059 1059
1969 1059 1059
1970 1059 1059
1971 1059 1059
1972 1059 1059
1973 1059 1059
1974 1059 1059
1975 1059 1059
1976 1059 1059
1977 1059 1059
1978 1059 1059
1979 1059 1059
1980 1059 1059
1981 1059 1059
1982 1059 1059
1983 1059 1059
1984 1059 1059
1985 1059 1059
1986 1059 1059
1987 1059 1059
1988 1059 1059
1989 1059 1059
1990 1059 1059
1991 1059 1059
1992 1059 1059
1993 1059 1059
1994 1059 1059
1995 1059 1059
1996 1059 1059
1997 1059 1059
1998 1059 1059
1999 1059 1059
2000 1059 1059
2001 1059 1059
2002 1059 1059
2003 1059 1059
2004 1059 1059
2005 1059 1059
2006 1059 1059
2007 1059 1059
2008 1059 1059
2009 1059 1059
2010 1059 1059
2011 1059 1059
2012 1059 1059
2013 1059 1059
2014 1059 1059
2015 1059 1059
2016 1059 1059
2017 1059 1059
2018 1059 1059
2019 1059 1059
2020 1059 1059
2021 1059 1059
2022 1059 1059
2023 1059 1059
2024 1059 1059
2025 1059 1059
2026 1059 1059
2027 1059 1059
2028 1059 1059
2029 1059 1059
2030 1059 1059
2031 1059 1059
2032 1059 1059
2033 1059 1059
2034 1059 1059
2035 1059 1059
2036 1059 1059
2037 1059 1059
2038 1059 1059
2039 1059 1059
2040 1059 1059
2041 1059 1059
2042 1059 1059
2043 1059 1059
2044 1059 1059
2045 1059 1059
2046 1059 1059
2047 1059 1059
2048 1059 1059
2049 1059 1059
2050 1059 1059
2051 1059 1059
2052 1059 1059
2053 1059 1059
2054 1059 1059
2055 1059 1059
2056 1059 1059
2057 1059 1059
2058 1059 1059
2059 1059 1059
2060 1059 1059
2061 1059 1059
2062 1059 1059
2063 1059 1059
2064 1059 1059
2065 1059 1059
2066 1059 1059
2067 1059 1059
2068 1059 1059
2069 1059 1059
2070 1059 1059
2071 1059 1059
2072 1059 1059
2073 1059 1059
2074 1059 1059
2075 1059 1059
2076 1059 1059
2077 1059 1059
2078 1059 1059
2079 1059 1059
2080 1059 1059
2081 1059 1059
2082 1059 1059
2083 1059 1059
2084 1059 1059
2085 1059 1059
2086 1059 1059
2087 1059 1059
2088 1059 1059
2089 1059 1059
2090 1059 1059
2091 1059 1059
2092 1059 1059
2093 1059 1059
2094 1059 1059
2095 1059 1059
2096 1059 1059
2097 1059 1059
2098 1059 1059
2099 1059 1059
2100 1059 1059
2101 1059 1059
2102 1059 1059
2103 1059 1059
2104 1059 1059
2105 1059 1059
2106 1059 1059
2107 1059 1059
2108 1059 1059
2109 1059 1059
2110 1059 1059
2111 1059 1059
2112 1059 1059
2113 1059 1059
2114 1059 1059
2115 1059 1059
2116 1059 1059
2117 1059 1059
2118 1059 1059
2119 1059 1059
2120 1059 1059
2121 1059 1059
2122 1059 1059
2123 1059 1059
2124 1059 1059
2125 1059 1059
2126 1059 1059
2127 1059 1059
2128 1059 1059
2129 1059 1059
2130 1059 1059
2131 1059 1059
2132 1059 1059
2133 1059 1059
2134 1059 1059
2135 1059 1059
2136 1059 1059
2137 1059 1059
2138 1059 1059
2139 1059 1059
2140 1059 1059
2141 1059 1059
2142 1059 1059
2143 1059 1059
2144 1059 1059
2145 1059 1059
2146 1059 1059
2147 1059 1059
2148 1059 1059
2149 1059 1059
2150 1059 1059
2151 1059 1059
2152 1059 1059
2153 1059 1059
2154 1059 1059
2155 1059 1059
2156 1059 1059
2157 1059 1059
2158 1059 1059
2159 1059 1059
2160 1059 1059
2161 1059 1059
2162 1059 1059
2163 1059 1059
2164 1059 1059
2165 1059 1059
2166 1059 1059
2167 1059 1059
2168 1059 1059
2169 1059 1059
2170 1059 1059
2171 1059 1059
2172 1059 1059
2173 1059 1059
2174 1059 1059
2175 1059 1059
2176 1059 1059
2177 1059 1059
2178 1059 1059
2179 1059 1059
2180 1059 1059
2181 1059 1059
2182 1059 1059
2183 1059 1059
2184 1059 1059
2185 1059 1059
2186 1059 1059
2187 1059 1059
2188 1059 1059
2189 1059 1059
2190 1059 1059
2191 1059 1059
2192 1059 1059
2193 1059 1059
2194 1059 1059
2195 1059 1059
2196 1059 1059
2197 1059 1059
2198 1059 1059
2199 1059 1059
2200 1059 1059
2201 1059 1059
2202 1059 1059
2203 1059 1059
2204 1059 1059
2205 1059 1059
2206 1059 1059
2207 1059 1059
2208 1059 1059
2209 1059 1059
2210 1059 1059
2211 1059 1059
2212 1059 1059
2213 1059 1059
2214 1059 1059
2215 1059 1059
2216 1059 1059
2217 1059 1059
2218 1059 1059
2219 1059 1059
2220 1059 1059
2221 1059 1059
2222 1059 1059
2223 1059 1059
2224 1059 1059
2225 1059 1059
2226 1059 1059
2227 1059 1059
2228 1059 1059
2229 1059 1059
2230 1059 1059
2231 1059 1059
2232 1059 1059
2233 1059 1059
2234 1059 1059
2235 1059 1059
2236 1059 1059
2237 1059 1059
2238 1059 1059
2239 1059 1059
2240 1059 1059
2241 1059 1059
2242 1059 1059
2243 1059 1059
2244 1059 1059
2245 1059 1059
2246 1059 1059
2247 1059 1059
2248 1059 1059
2249 1059 1059
2250 1059 1059
2251 1059 1059
2252 1059 1059
2253 1059 1059
2254 1059 1059
2255 1059 1059
2256 1059 1059
2257 1059 1059
2258 1059 1059
2259 1059 1059
2260 1059 1059
2261 1059 1059
2262 1059 1059
2263 1059 1059
2264 1059 1059
2265 1059 1059
2266 1059 1059
2267 1059 1059
2268 1059 1059
2269 1059 1059
2270 1059 1059
2271 1059 1059
2272 1059 1059
2273 1059 1059
2274 1059 1059
2275 1059 1059
2276 1059 1059
2277 1059 1059
2278 1059 1059
2279 1059 1059
2280 1059 1059
2281 1059 1059
2282 1059 1059
2283 1059 1059
2284 1059 1059
2285 1059 1059
2286 1059 1059
2287 1059 1059
2288 1059 1059
2289 1059 1059
2290 1059 1059
2291 1059 1059
2292 1059 1059
2293 1059 1059
2294 1059 1059
2295 1059 1059
2296 1059 1059
2297 1059 1059
2298 1059 1059
2299 1059 1059
2300 1059 1059
2301 1059 1059
2302 1059 1059
2303 1059 1059
2304 1059 1059
2305 1059 1059
2306 1059 1059
2307 1059 1059
2308 1059 1059
2309 1059 1059
2310 1059 1059
2311 1059 1059
2312 1059 1059
2313 1059 1059
2314 1059 1059
2315 1059 1059
2316 1059 1059
2317 1059 1059
2318 1059 1059
2319 1059 1059
2320 1059 1059
2321 1059 1059
2322 1059 1059
2323 1059 1059
2324 1059 1059
2325 1059 1059
2326 1059 1059
2327 1059 1059
2328 1059 1059
2329 1059 1059
2330 1059 1059
2331 1059 1059
2332 1059 1059
2333 1059 1059
2334 1059 1059
2335 1059 1059
2336 1059 1059
2337 1059 1059
2338 1059 1059
2339 1059 1059
2340 1059 1059
2341 1059 1059
2342 1059 1059
2343 1059 1059
2344 1059 1059
2345 1059 1059
2346 1059 1059
2347 1059 1059
2348 1059 1059
2349 1059 1059
2350 1059 1059
2351 1059 1059
2352 1059 1059
2353 1059 1059
2354 1059 1059
2355 1059 1059
2356 1059 1059
2357 1059 1059
2358 1059 1059
2359 1059 1059
2360 1059 1059
2361 1059 1059
2362 1059 1059
2363 1059 1059
2364 1059 1059
2365 1059 1059
2366 1059 1059
2367 1059 1059
2368 1059 1059
2369 1059 1059
2370 1059 1059
2371 1059 1059
2372 1059 1059
2373 1059 1059
2374 1059 1059
2375 1059 1059
2376 1059 1059
2377 1059 1059
2378 1059 1059
2379 1059 1059
2380 1059 1059
2381 1059 1059
2382 1059 1059
2383 1059 1059
2384 1059 1059
2385 1059 1059
2386 1059 1059
2387 1059 1059
2388 1059 1059
2389 1059 1059
2390 1059 1059
2391 1059 1059
2392 1059 1059
2393 1059 1059
2394 1059 1059
2395 1059 1059
2396 1059 1059
2397 1059 1059
2398 1059 1059
2399 1059 1059
2400 1059 1059
2401 1059 1059
2402 1059 1059
2403 1059 1059
2404 1059 1059
2405 1059 1059
2406 1059 1059
2407 1059 1059
2408 1059 1059
2409 1059 1059
2410 1059 1059
2411 1059 1059
2412 1059 1059
2413 1059 1059
2414 1059 1059
2415 1059 1059
2416 1059 1059
2417 1059 1059
2418 1059 1059
2419 1059 1059
2420 1059 1059
2421 1059 1059
2422 1059 1059
2423 1059 1059
2424 1059 1059
2425 1059 1059
2426 1059 1059
2427 1059 1059
2428 1059 1059
2429 1059 1059
2430 1059 1059
2431 1059 1059
2432 1059 1059
2433 1059 1059
2434 1059 1059
2435 1059 1059
2436 1059 1059
2437 1059 1059
2438 1059 1059
2439 1059 1059
2440 1059 1059
2441 1059 1059
2442 1059 1059
2443 1059 1059
2444 1059 1059
2445 1059 1059
2446 1059 1059
2447 1059 1059
2448 1059 1059
2449 1059 1059
2450 1059 1059
2451 1059 1059
2452 1059 1059
2453 1059 1059
2454 1059 1059
2455 1059 1059
2456 1059 1059
2457 1059 1059
2458 1059 1059
2459 1059 1059
2460 1059 1059
2461 1059 1059
2462 1059 1059
2463 1059 1059
2464 1059 1059
2465 1059 1059
2466 1059 1059
2467 1059 1059
2468 1059 1059
2469 1059 1059
2470 1059 1059
2471 1059 1059
2472 1059 1059
2473 1059 1059
2474 1059 1059
2475 1059 1059
2476 1059 1059
2477 1059 1059
2478 1059 1059
2479 1059 1059
2480 1059 1059
2481 1059 1059
2482 1059 1059
2483 1059 1059
2484 1059 1059
2485 1059 1059
2486 1059 1059
2487 1059 1059
2488 1059 1059
2489 1059 1059
2490 1059 1059
2491 1059 1059
2492 1059 1059
2493 1059 1059
2494 1059 1059
2495 1059 1059
2496 1059 1059
2497 1059 1059
2498 1059 1059
2499 1059 1059
2500 1059 1059
2501 1059 1059
2502 1059 1059
2503 1059 1059
2504 1059 1059
2505 1059 1059
2506 1059 1059
2507 1059 1059
2508 1059 1059
2509 1059 1059
2510 1059 1059
2511 1059 1059
2512 1059 1059
2513 1059 1059
2514 1059 1059
2515 1059 1059
2516 1059 1059
2517 1059 1059
2518 1059 1059
2519 1059 1059
2520 1059 1059
2521 1059 1059
2522 1059 1059
2523 1059 1059
2524 1059 1059
2525 1059 1059
2526 1059 1059
2527 1059 1059
2528 1059 1059
2529 1059 1059
2530 1059 1059
2531 1059 1059
2532 1059 1059
2533 1059 1059
2534 1059 1059
2535 1059 1059
2536 1059 1059
2537 1059 1059
2538 1059 1059
2539 1059 1059
2540 1059 1059
2541 1059 1059
2542 1059 1059
2543 1059 1059
2544 1059 1059
2545 1059 1059
2546 1059 1059
2547 1059 1059
2548 1059 1059
2549 1059 1059
2550 1059 1059
2551 1059 1059
2552 1059 1059
2553 1059 1059
2554 1059 1059
2555 1059 1059
2556 1059 1059
2557 1059 1059
2558 1059 1059
2559 1059 1059
2560 1059 1059
2561 1059 1059
2562 1059 1059
2563 1059 1059
2564 1059 1059
2565 1059 1059
2566 1059 1059
2567 1059 1059
2568 1059 1059
2569 1059 1059
2570 1059 1059
2571 1059 1059
2572 1059 1059
2573 1059 1059
2574 1059 1059
2575 1059 1059
2576 1059 1059
2577 1059 1059
2578 1059 1059
2579 1059 1059
2580 1059 1059
2581 1059 1059
2582 1059 1059
2583 1059 1059
2584 1059 1059
2585 1059 1059
2586 1059 1059
2587 1059 1059
2588 1059 1059
2589 1059 1059
2590 1059 1059
2591 1059 1059
2592 1059 1059
2593 1059 1059
2594 1059 1059
2595 1059 1059
2596 1059 1059
2597 1059 1059
2598 1059 1059
2599 1059 1059
2600 1059 1059
2601 1059 1059
2602 1059 1059
2603 1059 1059
2604 1059 1059
2605 1059 1059
2606 1059 1059
2607 1059 1059
2608 1059 1059
2609 1059 1059
2610 1059 1059
2611 1059 1059
2612 1059 1059
2613 1059 1059
2614 1059 1059
2615 1059 1059
2616 1059 1059
2617 1059 1059
2618 1059 1059
2619 1059 1059
2620 1059 1059
2621 1059 1059
2622 1059 1059
2623 1059 1059
2624 1059 1059
2625 1059 1059
2626 1059 1059
2627 1059 1059
2628 1059 1059
2629 1059 1059
2630 1059 1059
2631 1059 1059
2632 1059 1059
2633 1059 1059
2634 1059 1059
2635 1059 1059
2636 1059 1059
2637 1059 1059
2638 1059 1059
2639 1059 1059
2640 1059 1059
2641 1059 1059
2642 1059 1059
2643 1059 1059
2644 1059 1059
2645 1059 1059
2646 1059 1059
2647 1059 1059
2648 1059 1059
2649 1059 1059
2650 1059 1059
2651 1059 1059
2652 1059 1059
2653 1059 1059
2654 1059 1059
2655 1059 1059
2656 1059 1059
2657 1059 1059
2658 1059 1059
2659 1059 1059
2660 1059 1059
2661 1059 1059
2662 1059 1059
2663 1059 1059
2664 1059 1059
2665 1059 1059
2666 1059 1059
2667 1059 1059
2668 1059 1059
2669 1059 1059
2670 1059 1059
2671 1059 1059
2672 1059 1059
2673 1059 1059
2674 1059 1059
2675 1059 1059
2676 1059 1059
2677 1059 1059
2678 1059 1059
2679 1059 1059
2680 1059 1059
2681 1059 1059
2682 1059 1059
2683 1059 1059
2684 1059 1059
2685 1059 1059
2686 1059 1059
2687 1059 1059
2688 1059 1059
2689 1059 1059
2690 1059 1059
2691 1059 1059
2692 1059 1059
2693 1059 1059
2694 1059 1059
2695 1059 1059
2696 1059 1059
2697 1059 1059
2698 1059 1059
2699 1059 1059
2700 1059 1059
2701 1059 1059
2702 1059 1059
2703 1059 1059
2704 1059 1059
2705 1059 1059
2706 1059 1059
2707 1059 1059
2708 1059 1059
2709 1059 1059
2710 1059 1059
2711 1059 1059
2712 1059 1059
2713 1059 1059
2714 1059 1059
2715 1059 1059
2716 1059 1059
2717 1059 1059
2718 1059 1059
2719 1059 1059
2720 1059 1059
2721 1059 1059
2722 1059 1059
2723 1059 1059
2724 1059 1059
2725 1059 1059
2726 1059 1059
2727 1059 1059
2728 1059 1059
2729 1059 1059
2730 1059 1059
2731 1059 1059
2732 1059 1059
2733 1059 1059
2734 1059 1059
2735 1059 1059
2736 1059 1059
2737 1059 1059
2738 1059 1059
2739 1059 1059
2740 1059 1059
2741 1059 1059
2742 1059 1059
2743 1059 1059
2744 1059 1059
2745 1059 1059
2746 1059 1059
2747 1059 1059
2748 1059 1059
2749 1059 1059
2750 1059 1059
2751 1059 1059
2752 1059 1059
2753 1059 1059
2754 1059 1059
2755 1059 1059
2756 1059 1059
2757 1059 1059
2758 1059 1059
2759 1059 1059
2760 1059 1059
2761 1059 1059
2762 1059 1059
2763 1059 1059
2764 1059 1059
2765 1059 1059
2766 1059 1059
2767 1059 1059
2768 1059 1059
2769 1059 1059
2770 1059 1059
2771 1059 1059
2772 1059 1059
2773 1059 1059
2774 1059 1059
2775 1059 1059
2776 1059 1059
2777 1059 1059
2778 1059 1059
2779 1059 1059
2780 1059 1059
2781 1059 1059
2782 1059 1059
2783 1059 1059
2784 1059 1059
2785 1059 1059
2786 1059 1059
2787 1059 1059
2788 1059 1059
2789 1059 1059
2790 1059 1059
2791 1059 1059
2792 1059 1059
2793 1059 1059
2794 1059 1059
2795 1059 1059
2796 1059 1059
2797 1059 1059
2798 1059 1059
2799 1059 1059
2800 1059 1059
2801 1059 1059
2802 1059 1059
2803 1059 1059
2804 1059 1059
2805 1059 1059
2806 1059 1059
2807 1059 1059
2808 1059 1059
2809 1059 1059
2810 1059 1059
2811 1059 1059
2812 1059 1059
2813 1059 1059
2814 1059 1059
2815 1059 1059
2816 1059 1059
2817 1059 1059
2818 1059 1059
2819 1059 1059
2820 1059 1059
2821 1059 1059
2822 1059 1059
2823 1059 1059
2824 1059 1059
2825 1059 1059
2826 1059 1059
2827 1059 1059
2828 1059 1059
2829 1059 1059
2830 1059 1059
2831 1059 1059
2832 1059 1059
2833 1059 1059
2834 1059 1059
2835 1059 1059
2836 1059 1059
2837 1059 1059
2838 1059 1059
2839 1059 1059
2840 1059 1059
2841 1059 1059
2842 1059 1059
2843 1059 1059
2844 1059 1059
2845 1059 1059
2846 1059 1059
2847 1059 1059
2848 1059 1059
2849 1059 1059
2850 1059 1059
2851 1059 1059
2852 1059 1059
2853 1059 1059
2854 1059 1059
2855 1059 1059
2856 1059 1059
2857 1059 1059
2858 1059 1059
2859 1059 1059
2860 1059 1059
2861 1059 1059
2862 1059 1059
2863 1059 1059
2864 1059 1059
2865 1059 1059
2866 1059 1059
2867 1059 1059
2868 1059 1059
2869 1059 1059
2870 1059 1059
2871 1059 1059
2872 1059 1059
2873 1059 1059
2874 1059 1059
2875 1059 1059
2876 1059 1059
2877 1059 1059
2878 1059 1059
2879 1059 1059
2880 1059 1059
2881 1059 1059
2882 1059 1059
2883 1059 1059
2884 1059 1059
2885 1059 1059
