iter "mejor iteracion actual" "mejor encontrado"
0 416 416
1 417 417
2 421 421
3 421 421
4 417 421
5 412 421
6 424 424
7 420 424
8 418 424
9 411 424
10 417 424
11 418 424
12 422 424
13 418 424
14 414 424
15 418 424
16 415 424
17 419 424
18 419 424
19 419 424
20 425 425
21 414 425
22 415 425
23 411 425
24 422 425
25 417 425
26 418 425
27 421 425
28 419 425
29 422 425
30 416 425
31 418 425
32 419 425
33 418 425
34 424 425
35 421 425
36 415 425
37 418 425
38 421 425
39 416 425
40 421 425
41 418 425
42 418 425
43 418 425
44 419 425
45 420 425
46 423 425
47 424 425
48 418 425
49 415 425
50 423 425
51 423 425
52 418 425
53 415 425
54 415 425
55 417 425
56 421 425
57 415 425
58 418 425
59 419 425
60 421 425
61 421 425
62 417 425
63 423 425
64 422 425
65 419 425
66 423 425
67 416 425
68 415 425
69 419 425
70 419 425
71 417 425
72 417 425
73 422 425
74 420 425
75 420 425
76 420 425
77 415 425
78 418 425
79 417 425
80 417 425
81 418 425
82 421 425
