iter "mejor iteracion actual" "mejor encontrado"
0 356 356
1 356 356
2 356 356
3 356 356
4 356 356
5 356 356
6 356 356
7 356 356
8 356 356
9 365 365
10 365 365
11 365 365
12 365 365
13 365 365
14 365 365
15 365 365
16 365 365
17 365 365
18 367 367
19 367 367
20 367 367
21 367 367
22 367 367
23 367 367
24 367 367
25 367 367
26 367 367
27 367 367
28 367 367
29 367 367
30 367 367
31 367 367
32 367 367
33 367 367
34 367 367
35 367 367
36 367 367
37 367 367
38 367 367
39 367 367
40 367 367
41 367 367
42 367 367
43 367 367
44 367 367
45 367 367
46 367 367
47 367 367
48 367 367
49 367 367
50 367 367
51 367 367
52 367 367
53 367 367
54 367 367
55 367 367
56 367 367
57 368 368
58 371 371
59 371 371
60 371 371
61 371 371
62 371 371
63 371 371
64 371 371
65 371 371
66 371 371
67 371 371
68 371 371
69 371 371
70 371 371
71 371 371
72 371 371
73 371 371
74 371 371
75 371 371
76 371 371
77 371 371
78 371 371
79 371 371
80 371 371
81 371 371
82 371 371
83 371 371
84 371 371
85 371 371
86 371 371
87 371 371
88 371 371
89 371 371
90 371 371
91 371 371
92 371 371
93 371 371
94 371 371
95 371 371
96 371 371
97 371 371
98 371 371
99 371 371
100 371 371
101 371 371
102 371 371
103 371 371
104 371 371
105 371 371
106 371 371
107 371 371
108 371 371
109 371 371
110 371 371
111 371 371
112 371 371
113 371 371
114 371 371
115 371 371
116 371 371
117 371 371
118 371 371
119 371 371
120 371 371
121 371 371
122 371 371
123 371 371
124 371 371
125 371 371
126 371 371
127 371 371
128 371 371
129 371 371
130 371 371
131 371 371
132 371 371
133 371 371
134 371 371
135 371 371
136 371 371
137 371 371
138 371 371
139 371 371
140 371 371
141 371 371
142 371 371
143 371 371
144 371 371
145 371 371
146 371 371
147 371 371
148 371 371
149 371 371
150 371 371
151 371 371
152 371 371
153 371 371
154 371 371
155 371 371
156 371 371
157 371 371
158 371 371
159 371 371
160 371 371
161 371 371
162 371 371
163 371 371
164 371 371
165 371 371
166 371 371
167 371 371
168 371 371
169 371 371
170 371 371
171 371 371
172 371 371
173 371 371
174 371 371
175 371 371
176 371 371
177 371 371
178 371 371
179 371 371
180 371 371
181 371 371
182 371 371
183 371 371
184 371 371
185 371 371
186 371 371
187 374 374
188 374 374
189 374 374
190 374 374
191 374 374
192 374 374
193 374 374
194 374 374
195 374 374
196 374 374
197 374 374
198 374 374
199 374 374
200 374 374
201 374 374
202 374 374
203 374 374
204 374 374
205 374 374
206 374 374
207 374 374
208 374 374
209 374 374
210 374 374
211 374 374
212 374 374
213 374 374
214 374 374
215 374 374
216 374 374
217 374 374
218 374 374
219 374 374
220 374 374
221 374 374
222 374 374
223 374 374
224 374 374
225 374 374
226 374 374
227 374 374
228 374 374
229 374 374
230 374 374
231 374 374
232 374 374
233 374 374
234 374 374
235 374 374
236 374 374
237 374 374
238 374 374
239 374 374
240 374 374
241 374 374
242 374 374
243 374 374
244 374 374
245 374 374
246 374 374
247 374 374
248 374 374
249 374 374
250 374 374
251 374 374
252 374 374
253 374 374
254 374 374
255 374 374
256 374 374
257 374 374
258 374 374
259 374 374
260 374 374
261 374 374
262 374 374
263 374 374
264 374 374
265 374 374
266 374 374
267 374 374
268 374 374
269 374 374
270 374 374
271 374 374
272 374 374
273 374 374
274 374 374
275 374 374
276 374 374
277 374 374
278 374 374
279 374 374
280 374 374
281 374 374
282 374 374
283 374 374
284 374 374
285 374 374
286 374 374
287 374 374
288 374 374
289 374 374
290 374 374
291 374 374
292 374 374
293 374 374
294 374 374
295 374 374
296 374 374
297 374 374
298 374 374
299 374 374
300 374 374
301 374 374
302 374 374
303 374 374
304 374 374
305 374 374
306 374 374
307 374 374
308 374 374
309 374 374
310 374 374
311 374 374
312 374 374
313 374 374
314 374 374
315 374 374
316 374 374
317 374 374
318 374 374
319 374 374
320 374 374
321 374 374
322 374 374
323 374 374
324 374 374
325 374 374
326 374 374
327 374 374
328 374 374
329 374 374
330 374 374
331 374 374
332 374 374
333 374 374
334 374 374
335 374 374
336 374 374
337 374 374
338 374 374
339 374 374
340 374 374
341 374 374
342 374 374
343 374 374
344 374 374
345 374 374
346 374 374
347 374 374
348 374 374
349 374 374
350 374 374
351 374 374
352 374 374
353 374 374
354 374 374
355 374 374
356 374 374
357 374 374
358 374 374
359 374 374
360 374 374
361 374 374
362 374 374
363 374 374
364 374 374
365 374 374
366 374 374
367 374 374
368 374 374
369 374 374
370 374 374
371 374 374
372 374 374
373 374 374
374 374 374
375 374 374
376 374 374
377 374 374
378 374 374
379 374 374
380 374 374
381 374 374
382 374 374
383 374 374
384 374 374
385 374 374
386 374 374
387 374 374
388 374 374
389 374 374
390 374 374
391 374 374
392 374 374
393 374 374
394 374 374
395 374 374
396 374 374
397 374 374
398 374 374
399 374 374
400 374 374
401 374 374
402 374 374
403 374 374
404 374 374
405 374 374
406 374 374
407 374 374
408 374 374
409 374 374
410 374 374
411 374 374
412 374 374
413 374 374
414 374 374
415 374 374
416 374 374
417 374 374
418 374 374
419 374 374
420 374 374
421 374 374
422 374 374
423 374 374
424 374 374
425 374 374
426 374 374
427 374 374
428 374 374
429 374 374
430 374 374
431 374 374
432 374 374
433 374 374
434 374 374
435 374 374
436 374 374
437 374 374
438 374 374
439 374 374
440 374 374
441 374 374
442 374 374
443 374 374
444 374 374
445 374 374
446 374 374
447 374 374
448 374 374
449 374 374
450 374 374
451 374 374
452 374 374
453 374 374
454 374 374
455 374 374
456 374 374
457 374 374
458 374 374
459 374 374
460 374 374
461 374 374
462 374 374
463 374 374
464 374 374
465 374 374
466 374 374
467 374 374
468 374 374
469 374 374
470 374 374
471 374 374
472 374 374
473 374 374
474 374 374
475 374 374
476 374 374
477 374 374
478 374 374
479 374 374
480 374 374
481 374 374
482 374 374
483 374 374
484 374 374
485 374 374
486 374 374
487 374 374
488 374 374
489 374 374
490 374 374
491 374 374
492 374 374
493 374 374
494 374 374
495 374 374
496 374 374
497 374 374
498 374 374
499 374 374
500 374 374
501 374 374
502 374 374
503 374 374
504 374 374
505 374 374
506 374 374
507 374 374
508 374 374
509 374 374
510 374 374
511 374 374
512 374 374
513 374 374
514 374 374
515 374 374
516 374 374
517 374 374
518 374 374
519 374 374
520 374 374
521 374 374
522 374 374
523 374 374
524 374 374
525 374 374
526 374 374
527 374 374
528 374 374
529 374 374
530 374 374
531 374 374
532 374 374
533 374 374
534 374 374
535 374 374
536 374 374
537 374 374
538 374 374
539 374 374
540 374 374
541 374 374
542 374 374
543 374 374
544 374 374
545 374 374
546 374 374
547 374 374
548 374 374
549 374 374
550 374 374
551 374 374
552 374 374
553 374 374
554 374 374
555 374 374
556 374 374
557 374 374
558 374 374
559 374 374
560 374 374
561 374 374
562 374 374
563 374 374
564 374 374
565 374 374
566 374 374
567 374 374
568 374 374
569 374 374
570 374 374
571 374 374
572 374 374
573 374 374
574 374 374
575 374 374
576 374 374
577 374 374
578 374 374
579 374 374
580 374 374
581 374 374
582 374 374
583 374 374
584 374 374
585 374 374
586 374 374
587 374 374
588 374 374
589 374 374
590 374 374
591 374 374
592 374 374
593 374 374
594 374 374
595 374 374
596 374 374
597 374 374
598 374 374
599 374 374
600 374 374
601 374 374
602 374 374
603 374 374
604 374 374
605 374 374
606 374 374
607 374 374
608 374 374
609 374 374
610 374 374
611 374 374
612 374 374
613 374 374
614 374 374
615 374 374
616 374 374
617 374 374
618 374 374
619 374 374
620 374 374
621 374 374
622 374 374
623 374 374
624 374 374
625 374 374
626 374 374
627 374 374
628 374 374
629 374 374
630 374 374
631 374 374
632 374 374
633 374 374
634 374 374
635 374 374
636 374 374
637 374 374
638 374 374
639 374 374
640 374 374
641 374 374
642 374 374
643 374 374
644 374 374
645 374 374
646 374 374
647 374 374
648 374 374
649 374 374
650 374 374
651 374 374
652 374 374
653 374 374
654 374 374
655 374 374
656 374 374
657 374 374
658 374 374
659 374 374
660 374 374
661 374 374
662 374 374
663 374 374
664 374 374
665 374 374
666 374 374
667 374 374
668 374 374
669 374 374
670 374 374
671 374 374
672 374 374
673 374 374
674 374 374
675 374 374
676 374 374
677 374 374
678 374 374
679 374 374
680 374 374
681 374 374
682 374 374
683 374 374
684 374 374
685 374 374
686 374 374
687 374 374
688 374 374
689 374 374
690 374 374
691 374 374
692 374 374
693 374 374
694 374 374
695 374 374
696 374 374
697 374 374
698 374 374
699 374 374
700 374 374
701 374 374
702 374 374
703 374 374
704 374 374
705 374 374
706 374 374
707 374 374
708 374 374
709 374 374
710 374 374
711 374 374
712 374 374
713 374 374
714 374 374
715 374 374
716 374 374
717 374 374
718 374 374
719 374 374
720 374 374
721 374 374
722 374 374
723 374 374
724 374 374
725 374 374
726 374 374
727 374 374
728 374 374
729 374 374
730 374 374
731 374 374
732 374 374
733 374 374
734 374 374
735 374 374
736 374 374
737 374 374
738 374 374
739 374 374
740 374 374
741 374 374
742 374 374
743 374 374
744 374 374
745 374 374
746 374 374
747 374 374
748 374 374
749 374 374
750 374 374
751 374 374
752 374 374
753 374 374
754 374 374
755 374 374
756 374 374
757 374 374
758 374 374
759 374 374
760 374 374
761 374 374
762 374 374
763 374 374
764 374 374
765 374 374
766 374 374
767 374 374
768 374 374
769 374 374
770 374 374
771 374 374
772 374 374
773 374 374
774 374 374
775 374 374
776 374 374
777 374 374
778 374 374
779 374 374
780 374 374
781 374 374
782 374 374
783 374 374
784 374 374
785 374 374
786 374 374
787 374 374
788 374 374
789 374 374
790 374 374
791 374 374
792 374 374
793 374 374
794 374 374
795 374 374
796 374 374
797 374 374
798 374 374
799 374 374
800 374 374
801 374 374
802 374 374
803 374 374
804 374 374
805 374 374
806 374 374
807 374 374
808 374 374
809 374 374
810 374 374
811 374 374
812 374 374
813 374 374
814 374 374
815 374 374
816 374 374
817 374 374
818 374 374
819 374 374
820 374 374
821 374 374
822 374 374
823 374 374
824 374 374
825 374 374
826 374 374
827 374 374
828 374 374
829 374 374
830 374 374
831 374 374
832 374 374
833 374 374
834 374 374
835 374 374
836 374 374
837 374 374
838 374 374
839 374 374
840 374 374
841 374 374
842 374 374
843 374 374
844 374 374
845 374 374
846 374 374
847 374 374
848 374 374
849 374 374
850 374 374
851 374 374
852 374 374
853 374 374
854 374 374
855 374 374
856 374 374
857 374 374
858 374 374
859 374 374
860 374 374
861 374 374
862 374 374
863 374 374
864 374 374
865 374 374
866 374 374
867 374 374
868 374 374
869 374 374
870 374 374
871 374 374
872 374 374
873 374 374
874 374 374
875 374 374
876 374 374
877 374 374
878 374 374
879 374 374
880 374 374
881 374 374
882 374 374
883 374 374
884 374 374
885 374 374
886 374 374
887 374 374
888 374 374
889 374 374
890 374 374
891 374 374
892 374 374
893 374 374
894 374 374
895 374 374
896 374 374
897 374 374
898 374 374
899 374 374
900 374 374
901 374 374
902 374 374
903 374 374
904 374 374
905 374 374
906 374 374
907 374 374
908 374 374
909 374 374
910 374 374
911 374 374
912 374 374
913 374 374
914 374 374
915 374 374
916 374 374
917 374 374
918 374 374
919 374 374
920 374 374
921 374 374
922 374 374
923 374 374
924 374 374
925 374 374
926 374 374
927 374 374
928 374 374
929 374 374
930 374 374
931 374 374
932 374 374
933 374 374
934 374 374
935 374 374
936 374 374
937 374 374
938 374 374
939 374 374
940 374 374
941 374 374
942 374 374
943 374 374
944 374 374
945 374 374
946 374 374
947 374 374
948 374 374
949 374 374
950 374 374
951 374 374
952 374 374
953 374 374
954 374 374
955 374 374
956 374 374
957 374 374
958 374 374
959 374 374
960 374 374
961 374 374
962 374 374
963 374 374
964 374 374
965 374 374
966 374 374
967 374 374
968 374 374
969 374 374
970 374 374
971 374 374
972 374 374
973 374 374
974 374 374
975 374 374
976 374 374
977 374 374
978 374 374
979 374 374
980 374 374
981 374 374
982 374 374
983 374 374
984 374 374
985 374 374
986 374 374
987 374 374
988 374 374
989 374 374
990 374 374
991 374 374
992 374 374
993 374 374
994 374 374
995 374 374
996 374 374
997 374 374
998 374 374
999 374 374
1000 374 374
1001 374 374
1002 374 374
1003 374 374
1004 374 374
1005 374 374
1006 374 374
1007 374 374
1008 374 374
1009 374 374
1010 374 374
1011 374 374
1012 374 374
1013 374 374
1014 374 374
1015 374 374
1016 374 374
1017 374 374
1018 374 374
1019 374 374
1020 374 374
1021 374 374
1022 374 374
1023 374 374
1024 374 374
1025 374 374
1026 374 374
1027 374 374
1028 374 374
1029 374 374
1030 374 374
1031 374 374
1032 374 374
1033 374 374
1034 374 374
1035 374 374
1036 374 374
1037 374 374
1038 374 374
1039 374 374
1040 374 374
1041 374 374
1042 374 374
1043 374 374
1044 374 374
1045 374 374
1046 374 374
1047 374 374
1048 374 374
1049 374 374
1050 374 374
1051 374 374
1052 374 374
1053 374 374
1054 374 374
1055 374 374
1056 374 374
1057 374 374
1058 374 374
1059 374 374
1060 374 374
1061 374 374
1062 374 374
1063 374 374
1064 374 374
1065 374 374
1066 374 374
1067 374 374
1068 374 374
1069 374 374
1070 374 374
1071 374 374
1072 374 374
1073 374 374
1074 374 374
1075 374 374
1076 374 374
1077 374 374
1078 374 374
1079 374 374
1080 374 374
1081 374 374
1082 374 374
1083 374 374
1084 374 374
1085 374 374
1086 374 374
1087 374 374
1088 374 374
1089 374 374
1090 374 374
1091 374 374
1092 374 374
1093 374 374
1094 374 374
1095 374 374
1096 374 374
1097 374 374
1098 374 374
1099 374 374
1100 374 374
1101 374 374
1102 374 374
1103 374 374
1104 374 374
1105 374 374
1106 374 374
1107 374 374
1108 374 374
1109 374 374
1110 374 374
1111 374 374
1112 374 374
1113 374 374
1114 374 374
1115 374 374
1116 374 374
1117 374 374
1118 374 374
1119 374 374
1120 374 374
1121 374 374
1122 374 374
1123 374 374
1124 374 374
1125 374 374
1126 374 374
1127 374 374
1128 374 374
1129 374 374
1130 374 374
1131 374 374
1132 374 374
1133 374 374
1134 374 374
1135 374 374
1136 374 374
1137 374 374
1138 374 374
1139 374 374
1140 374 374
1141 374 374
1142 374 374
1143 374 374
1144 374 374
1145 374 374
1146 374 374
1147 374 374
1148 374 374
1149 374 374
1150 374 374
1151 374 374
1152 374 374
1153 374 374
1154 374 374
1155 374 374
1156 374 374
1157 374 374
1158 374 374
1159 374 374
1160 374 374
1161 374 374
1162 374 374
1163 374 374
1164 374 374
1165 374 374
1166 374 374
1167 374 374
1168 374 374
1169 374 374
1170 374 374
1171 374 374
1172 374 374
1173 374 374
1174 374 374
1175 374 374
1176 374 374
1177 374 374
1178 374 374
1179 374 374
1180 374 374
1181 374 374
1182 374 374
1183 374 374
1184 374 374
1185 374 374
1186 374 374
1187 374 374
1188 374 374
1189 374 374
1190 374 374
1191 374 374
1192 374 374
1193 374 374
1194 374 374
1195 374 374
1196 374 374
1197 374 374
1198 374 374
1199 374 374
1200 374 374
1201 374 374
1202 374 374
1203 374 374
1204 374 374
1205 374 374
1206 374 374
1207 374 374
1208 374 374
1209 374 374
1210 374 374
1211 374 374
1212 374 374
1213 374 374
1214 374 374
1215 374 374
1216 374 374
1217 374 374
1218 374 374
1219 374 374
1220 374 374
1221 374 374
1222 374 374
1223 374 374
1224 374 374
1225 374 374
1226 374 374
1227 374 374
1228 374 374
1229 374 374
1230 374 374
1231 374 374
1232 374 374
1233 374 374
1234 374 374
1235 374 374
1236 374 374
1237 374 374
1238 374 374
1239 374 374
1240 374 374
1241 374 374
1242 374 374
1243 374 374
1244 374 374
1245 374 374
1246 374 374
1247 374 374
1248 374 374
1249 374 374
1250 374 374
1251 374 374
1252 374 374
1253 374 374
1254 374 374
1255 374 374
1256 374 374
1257 374 374
1258 374 374
1259 374 374
1260 374 374
1261 374 374
1262 374 374
1263 374 374
1264 374 374
1265 374 374
1266 374 374
1267 374 374
1268 374 374
1269 374 374
1270 374 374
1271 374 374
1272 374 374
1273 374 374
1274 374 374
1275 374 374
1276 374 374
1277 374 374
1278 374 374
1279 374 374
1280 374 374
1281 374 374
1282 374 374
1283 374 374
1284 374 374
1285 374 374
1286 374 374
1287 374 374
1288 374 374
1289 374 374
1290 374 374
1291 374 374
1292 374 374
1293 374 374
1294 374 374
1295 374 374
1296 374 374
1297 374 374
1298 374 374
1299 374 374
1300 374 374
1301 374 374
1302 374 374
1303 374 374
1304 374 374
1305 374 374
1306 374 374
1307 374 374
1308 374 374
1309 374 374
1310 374 374
1311 374 374
1312 374 374
1313 374 374
1314 374 374
1315 374 374
1316 374 374
1317 374 374
1318 374 374
1319 374 374
1320 374 374
1321 374 374
1322 374 374
1323 374 374
1324 374 374
1325 374 374
1326 374 374
1327 374 374
1328 374 374
1329 374 374
1330 374 374
1331 374 374
1332 374 374
1333 374 374
1334 374 374
1335 374 374
1336 374 374
1337 374 374
1338 374 374
1339 374 374
1340 374 374
1341 374 374
1342 374 374
1343 374 374
1344 374 374
1345 374 374
1346 374 374
1347 374 374
1348 374 374
1349 374 374
1350 374 374
1351 374 374
1352 374 374
1353 374 374
1354 374 374
1355 374 374
1356 374 374
1357 374 374
1358 374 374
1359 374 374
1360 374 374
1361 374 374
1362 374 374
1363 374 374
1364 374 374
1365 374 374
1366 374 374
1367 374 374
1368 374 374
1369 374 374
1370 374 374
1371 374 374
1372 374 374
1373 374 374
1374 374 374
1375 374 374
1376 374 374
1377 374 374
1378 374 374
1379 374 374
1380 374 374
1381 374 374
1382 374 374
1383 374 374
1384 374 374
1385 374 374
1386 374 374
1387 374 374
1388 374 374
1389 374 374
1390 374 374
1391 374 374
1392 374 374
1393 374 374
1394 374 374
1395 374 374
1396 374 374
1397 374 374
1398 374 374
1399 374 374
1400 374 374
1401 374 374
1402 374 374
1403 374 374
1404 374 374
1405 374 374
1406 374 374
1407 374 374
1408 374 374
1409 374 374
1410 374 374
1411 374 374
1412 374 374
1413 374 374
1414 374 374
1415 374 374
1416 374 374
1417 374 374
1418 374 374
1419 374 374
1420 374 374
1421 374 374
1422 374 374
1423 374 374
1424 374 374
1425 374 374
1426 374 374
1427 374 374
1428 374 374
1429 374 374
1430 374 374
1431 374 374
1432 374 374
1433 374 374
1434 374 374
1435 374 374
1436 374 374
1437 374 374
1438 374 374
1439 374 374
1440 374 374
1441 374 374
1442 374 374
1443 374 374
1444 374 374
1445 374 374
1446 374 374
1447 374 374
1448 374 374
1449 374 374
1450 374 374
1451 374 374
1452 374 374
1453 374 374
1454 374 374
1455 374 374
1456 374 374
1457 374 374
1458 374 374
1459 374 374
1460 374 374
1461 374 374
1462 374 374
1463 374 374
1464 374 374
1465 374 374
1466 374 374
1467 374 374
1468 374 374
1469 374 374
1470 374 374
1471 374 374
1472 374 374
1473 374 374
1474 374 374
1475 374 374
1476 374 374
1477 374 374
1478 374 374
1479 374 374
1480 374 374
1481 374 374
1482 374 374
1483 374 374
1484 374 374
1485 374 374
1486 374 374
1487 374 374
1488 374 374
1489 374 374
1490 374 374
1491 374 374
1492 374 374
1493 374 374
1494 374 374
1495 374 374
1496 374 374
1497 374 374
1498 374 374
1499 374 374
1500 374 374
1501 374 374
1502 374 374
1503 374 374
1504 374 374
1505 374 374
1506 374 374
1507 374 374
1508 374 374
1509 374 374
1510 374 374
1511 374 374
1512 374 374
1513 374 374
1514 374 374
1515 374 374
1516 374 374
1517 374 374
1518 374 374
1519 374 374
1520 374 374
1521 374 374
1522 374 374
1523 374 374
1524 374 374
1525 374 374
1526 374 374
1527 374 374
1528 374 374
1529 374 374
1530 374 374
1531 374 374
1532 374 374
1533 374 374
1534 374 374
1535 374 374
1536 374 374
1537 374 374
1538 374 374
1539 374 374
1540 374 374
1541 374 374
1542 374 374
1543 374 374
1544 374 374
1545 374 374
1546 374 374
1547 374 374
1548 374 374
1549 374 374
1550 374 374
1551 374 374
1552 374 374
1553 374 374
1554 374 374
1555 374 374
1556 374 374
1557 374 374
1558 374 374
1559 374 374
1560 374 374
1561 374 374
1562 374 374
1563 374 374
1564 374 374
1565 374 374
1566 374 374
1567 374 374
1568 374 374
1569 374 374
1570 374 374
1571 374 374
1572 374 374
1573 374 374
1574 374 374
1575 374 374
1576 374 374
1577 374 374
1578 374 374
1579 374 374
1580 374 374
1581 374 374
1582 374 374
1583 374 374
1584 374 374
1585 374 374
1586 374 374
1587 374 374
1588 374 374
1589 374 374
1590 374 374
1591 374 374
1592 374 374
1593 374 374
1594 374 374
1595 374 374
1596 374 374
1597 374 374
1598 374 374
1599 374 374
1600 374 374
1601 374 374
1602 374 374
1603 374 374
1604 374 374
1605 374 374
1606 374 374
1607 374 374
1608 374 374
1609 374 374
1610 374 374
1611 374 374
1612 374 374
1613 374 374
1614 374 374
1615 374 374
1616 374 374
1617 374 374
1618 374 374
1619 374 374
1620 374 374
1621 374 374
1622 374 374
1623 374 374
1624 374 374
1625 374 374
1626 374 374
1627 374 374
1628 374 374
1629 374 374
1630 374 374
1631 374 374
1632 374 374
1633 374 374
1634 374 374
1635 374 374
1636 374 374
1637 374 374
1638 374 374
1639 374 374
1640 374 374
1641 374 374
1642 374 374
1643 374 374
1644 374 374
1645 374 374
1646 374 374
1647 374 374
1648 374 374
1649 374 374
1650 374 374
1651 374 374
1652 374 374
1653 374 374
1654 374 374
1655 374 374
1656 374 374
1657 374 374
1658 374 374
1659 374 374
1660 374 374
1661 374 374
1662 374 374
1663 374 374
1664 374 374
1665 374 374
1666 374 374
1667 374 374
1668 374 374
1669 374 374
1670 374 374
1671 374 374
1672 374 374
1673 374 374
1674 374 374
1675 374 374
1676 374 374
1677 374 374
1678 374 374
1679 374 374
1680 374 374
1681 374 374
1682 374 374
1683 374 374
1684 374 374
1685 374 374
1686 374 374
1687 374 374
1688 374 374
1689 374 374
1690 374 374
1691 374 374
1692 374 374
1693 374 374
1694 374 374
1695 374 374
1696 374 374
1697 374 374
1698 374 374
1699 374 374
1700 374 374
1701 374 374
1702 374 374
1703 374 374
1704 374 374
1705 374 374
1706 374 374
1707 374 374
1708 374 374
1709 374 374
1710 374 374
1711 374 374
1712 374 374
1713 374 374
1714 374 374
1715 374 374
1716 374 374
1717 374 374
1718 374 374
1719 374 374
1720 374 374
1721 374 374
1722 374 374
1723 374 374
1724 374 374
1725 374 374
1726 374 374
1727 374 374
1728 374 374
1729 374 374
1730 374 374
1731 374 374
1732 374 374
1733 374 374
1734 374 374
1735 374 374
1736 374 374
1737 374 374
1738 374 374
1739 374 374
1740 374 374
1741 374 374
1742 374 374
1743 374 374
1744 374 374
1745 374 374
1746 374 374
1747 374 374
1748 374 374
1749 374 374
1750 374 374
1751 374 374
1752 374 374
1753 374 374
1754 374 374
1755 374 374
1756 374 374
1757 374 374
1758 374 374
1759 374 374
1760 374 374
1761 374 374
1762 374 374
1763 374 374
1764 374 374
1765 374 374
1766 374 374
1767 374 374
1768 374 374
1769 374 374
1770 374 374
1771 374 374
1772 374 374
1773 374 374
1774 374 374
1775 374 374
1776 374 374
1777 374 374
1778 374 374
1779 374 374
1780 374 374
1781 374 374
1782 374 374
1783 374 374
1784 374 374
1785 374 374
1786 374 374
1787 374 374
1788 374 374
1789 374 374
1790 374 374
1791 374 374
1792 374 374
1793 374 374
1794 374 374
1795 374 374
1796 374 374
1797 374 374
1798 374 374
1799 374 374
1800 374 374
1801 374 374
1802 374 374
1803 374 374
1804 374 374
1805 374 374
1806 374 374
1807 374 374
1808 374 374
1809 374 374
1810 374 374
1811 374 374
1812 374 374
1813 374 374
1814 374 374
1815 374 374
1816 374 374
1817 374 374
1818 374 374
1819 374 374
1820 374 374
1821 374 374
1822 374 374
1823 374 374
1824 374 374
1825 374 374
1826 374 374
1827 374 374
1828 374 374
1829 374 374
1830 374 374
1831 374 374
1832 374 374
1833 374 374
1834 374 374
1835 374 374
1836 374 374
1837 374 374
1838 374 374
1839 374 374
1840 374 374
1841 374 374
1842 374 374
1843 374 374
1844 374 374
1845 374 374
1846 374 374
1847 374 374
1848 374 374
1849 374 374
1850 374 374
1851 374 374
1852 374 374
1853 374 374
1854 374 374
1855 374 374
1856 374 374
1857 374 374
1858 374 374
1859 374 374
1860 374 374
1861 374 374
1862 374 374
1863 374 374
1864 374 374
1865 374 374
1866 374 374
1867 374 374
1868 374 374
1869 374 374
1870 374 374
1871 374 374
1872 374 374
1873 374 374
1874 374 374
1875 374 374
1876 374 374
1877 374 374
1878 374 374
1879 374 374
1880 374 374
1881 374 374
1882 374 374
1883 374 374
1884 374 374
1885 374 374
1886 374 374
1887 374 374
1888 374 374
1889 374 374
1890 374 374
1891 374 374
1892 374 374
1893 374 374
1894 374 374
1895 374 374
1896 374 374
1897 374 374
1898 374 374
1899 374 374
1900 374 374
1901 374 374
1902 374 374
1903 374 374
1904 374 374
1905 374 374
1906 374 374
1907 374 374
1908 374 374
1909 374 374
1910 374 374
1911 374 374
1912 374 374
1913 374 374
1914 374 374
1915 374 374
1916 374 374
1917 374 374
1918 374 374
1919 374 374
1920 374 374
1921 374 374
1922 374 374
1923 374 374
1924 374 374
1925 374 374
1926 374 374
1927 374 374
1928 374 374
1929 374 374
1930 374 374
1931 374 374
1932 374 374
1933 374 374
1934 374 374
1935 374 374
1936 374 374
1937 374 374
1938 374 374
1939 374 374
1940 374 374
1941 374 374
1942 374 374
1943 374 374
1944 374 374
1945 374 374
1946 374 374
1947 374 374
1948 374 374
1949 374 374
1950 374 374
1951 374 374
1952 374 374
1953 374 374
1954 374 374
1955 374 374
1956 374 374
1957 374 374
1958 374 374
1959 374 374
1960 374 374
1961 374 374
1962 374 374
1963 374 374
1964 374 374
1965 374 374
1966 374 374
1967 374 374
1968 374 374
1969 374 374
1970 374 374
1971 374 374
1972 374 374
1973 374 374
1974 374 374
1975 374 374
1976 374 374
1977 374 374
1978 374 374
1979 374 374
1980 374 374
1981 374 374
1982 374 374
1983 374 374
1984 374 374
1985 374 374
1986 374 374
1987 374 374
1988 374 374
1989 374 374
1990 374 374
1991 374 374
1992 374 374
1993 374 374
1994 374 374
1995 374 374
1996 374 374
1997 374 374
1998 374 374
1999 374 374
2000 374 374
2001 374 374
2002 374 374
2003 374 374
2004 374 374
2005 374 374
2006 374 374
2007 374 374
2008 374 374
2009 374 374
2010 374 374
2011 374 374
2012 374 374
2013 374 374
2014 374 374
2015 374 374
2016 374 374
2017 374 374
2018 374 374
2019 374 374
2020 374 374
2021 374 374
2022 374 374
2023 374 374
2024 374 374
2025 374 374
2026 374 374
2027 374 374
2028 374 374
2029 374 374
2030 374 374
2031 374 374
2032 374 374
2033 374 374
2034 374 374
2035 374 374
2036 374 374
2037 374 374
2038 374 374
2039 374 374
2040 374 374
2041 374 374
2042 374 374
2043 374 374
2044 374 374
2045 374 374
2046 374 374
2047 374 374
2048 374 374
2049 374 374
2050 374 374
2051 374 374
2052 374 374
2053 374 374
2054 374 374
2055 374 374
2056 374 374
2057 374 374
2058 374 374
2059 374 374
2060 374 374
2061 374 374
2062 374 374
2063 374 374
2064 374 374
2065 374 374
2066 374 374
2067 374 374
2068 374 374
2069 374 374
2070 374 374
2071 374 374
2072 374 374
2073 374 374
2074 374 374
2075 374 374
2076 374 374
2077 374 374
2078 374 374
2079 374 374
2080 374 374
2081 374 374
2082 374 374
2083 374 374
2084 374 374
2085 374 374
2086 374 374
2087 374 374
2088 374 374
2089 374 374
2090 374 374
2091 374 374
2092 374 374
2093 374 374
2094 374 374
2095 374 374
2096 374 374
2097 374 374
2098 374 374
2099 374 374
2100 374 374
2101 374 374
2102 374 374
2103 374 374
2104 374 374
2105 374 374
2106 374 374
2107 374 374
2108 374 374
2109 374 374
2110 374 374
2111 374 374
2112 374 374
2113 374 374
2114 374 374
2115 374 374
2116 374 374
2117 374 374
2118 374 374
2119 374 374
2120 374 374
2121 374 374
2122 374 374
2123 374 374
2124 374 374
2125 374 374
2126 374 374
2127 374 374
2128 374 374
2129 374 374
2130 374 374
2131 374 374
2132 374 374
2133 374 374
2134 374 374
2135 374 374
2136 374 374
2137 374 374
2138 374 374
2139 374 374
2140 374 374
2141 374 374
2142 374 374
2143 374 374
2144 374 374
2145 374 374
2146 374 374
2147 374 374
2148 374 374
2149 374 374
2150 374 374
2151 374 374
2152 374 374
2153 374 374
2154 374 374
2155 374 374
2156 374 374
2157 374 374
2158 374 374
2159 374 374
2160 374 374
2161 374 374
2162 374 374
2163 374 374
2164 374 374
2165 374 374
2166 374 374
2167 374 374
2168 374 374
2169 374 374
2170 374 374
2171 374 374
2172 374 374
2173 374 374
2174 374 374
2175 374 374
2176 374 374
2177 374 374
2178 374 374
2179 374 374
2180 374 374
2181 374 374
2182 374 374
2183 374 374
2184 374 374
2185 374 374
2186 374 374
2187 374 374
2188 374 374
2189 374 374
2190 374 374
2191 374 374
2192 374 374
2193 374 374
2194 374 374
2195 374 374
2196 374 374
2197 374 374
2198 374 374
2199 374 374
2200 374 374
2201 374 374
2202 374 374
2203 374 374
2204 374 374
2205 374 374
2206 374 374
2207 374 374
2208 374 374
2209 374 374
2210 374 374
2211 374 374
2212 374 374
2213 374 374
2214 374 374
2215 374 374
2216 374 374
2217 374 374
2218 374 374
2219 374 374
2220 374 374
2221 374 374
2222 374 374
2223 374 374
2224 374 374
2225 374 374
2226 374 374
2227 374 374
2228 374 374
2229 374 374
2230 374 374
2231 374 374
2232 374 374
2233 374 374
2234 374 374
2235 374 374
2236 374 374
2237 374 374
2238 374 374
2239 374 374
2240 374 374
2241 374 374
2242 374 374
2243 374 374
2244 374 374
2245 374 374
2246 374 374
2247 374 374
2248 374 374
2249 374 374
2250 374 374
2251 374 374
2252 374 374
2253 374 374
2254 374 374
2255 374 374
2256 374 374
2257 374 374
2258 374 374
2259 374 374
2260 374 374
2261 374 374
2262 374 374
2263 374 374
2264 374 374
2265 374 374
2266 374 374
2267 374 374
2268 374 374
2269 374 374
2270 374 374
2271 374 374
2272 374 374
2273 374 374
2274 374 374
2275 374 374
2276 374 374
2277 374 374
2278 374 374
2279 374 374
2280 374 374
2281 374 374
2282 374 374
2283 374 374
2284 374 374
2285 374 374
2286 374 374
2287 374 374
2288 374 374
2289 374 374
2290 374 374
2291 374 374
2292 374 374
2293 374 374
2294 374 374
2295 374 374
2296 374 374
2297 374 374
2298 374 374
2299 374 374
2300 374 374
2301 374 374
2302 374 374
2303 374 374
2304 374 374
2305 374 374
2306 374 374
2307 374 374
2308 374 374
2309 374 374
2310 374 374
2311 374 374
2312 374 374
2313 374 374
2314 374 374
2315 374 374
2316 374 374
2317 374 374
2318 374 374
2319 374 374
2320 374 374
2321 374 374
2322 374 374
2323 374 374
2324 374 374
2325 374 374
2326 374 374
2327 374 374
2328 374 374
2329 374 374
2330 374 374
2331 374 374
2332 374 374
2333 374 374
2334 374 374
2335 374 374
2336 374 374
2337 374 374
2338 374 374
2339 374 374
2340 374 374
2341 374 374
2342 374 374
2343 374 374
2344 374 374
2345 374 374
2346 374 374
2347 374 374
2348 374 374
2349 374 374
2350 374 374
2351 374 374
2352 374 374
2353 374 374
2354 374 374
2355 374 374
2356 374 374
2357 374 374
2358 374 374
2359 374 374
2360 374 374
2361 374 374
2362 374 374
2363 374 374
2364 374 374
2365 374 374
2366 374 374
2367 374 374
2368 374 374
2369 374 374
2370 374 374
2371 374 374
2372 374 374
2373 374 374
2374 374 374
2375 374 374
2376 374 374
2377 374 374
2378 374 374
2379 374 374
2380 374 374
2381 374 374
2382 374 374
2383 374 374
2384 374 374
2385 374 374
2386 374 374
2387 374 374
2388 374 374
2389 374 374
2390 374 374
2391 374 374
2392 374 374
2393 374 374
2394 374 374
2395 374 374
2396 374 374
2397 374 374
2398 374 374
2399 374 374
2400 374 374
2401 374 374
2402 374 374
2403 374 374
2404 374 374
2405 374 374
2406 374 374
2407 374 374
2408 374 374
2409 374 374
2410 374 374
2411 374 374
2412 374 374
2413 374 374
2414 374 374
2415 374 374
2416 374 374
2417 374 374
2418 374 374
2419 374 374
2420 374 374
2421 374 374
2422 374 374
2423 374 374
2424 374 374
2425 374 374
2426 374 374
2427 374 374
2428 374 374
2429 374 374
2430 374 374
2431 374 374
2432 374 374
2433 374 374
2434 374 374
2435 374 374
2436 374 374
2437 374 374
2438 374 374
2439 374 374
2440 374 374
2441 374 374
2442 374 374
2443 374 374
2444 374 374
2445 374 374
2446 374 374
2447 374 374
2448 374 374
2449 374 374
2450 374 374
2451 374 374
2452 374 374
2453 374 374
2454 374 374
2455 374 374
2456 374 374
2457 374 374
2458 374 374
2459 374 374
2460 374 374
2461 374 374
2462 374 374
2463 374 374
2464 374 374
2465 374 374
2466 374 374
2467 374 374
2468 374 374
2469 374 374
2470 374 374
2471 374 374
2472 374 374
2473 374 374
2474 374 374
2475 374 374
2476 374 374
2477 374 374
2478 374 374
2479 374 374
2480 374 374
2481 374 374
2482 374 374
2483 374 374
2484 374 374
2485 374 374
2486 374 374
2487 374 374
2488 374 374
2489 374 374
2490 374 374
2491 374 374
2492 374 374
2493 374 374
2494 374 374
2495 374 374
2496 374 374
2497 374 374
2498 374 374
2499 374 374
2500 374 374
2501 374 374
2502 374 374
2503 374 374
2504 374 374
2505 374 374
2506 374 374
2507 374 374
2508 374 374
2509 374 374
2510 374 374
2511 374 374
2512 374 374
2513 374 374
2514 374 374
2515 374 374
2516 374 374
2517 374 374
2518 374 374
2519 374 374
2520 374 374
2521 374 374
2522 374 374
2523 374 374
2524 374 374
2525 374 374
2526 374 374
2527 374 374
2528 374 374
2529 374 374
2530 374 374
2531 374 374
2532 374 374
2533 374 374
2534 374 374
2535 374 374
2536 374 374
2537 374 374
2538 374 374
2539 374 374
2540 374 374
2541 374 374
2542 374 374
2543 374 374
2544 374 374
2545 374 374
2546 374 374
2547 374 374
2548 374 374
2549 374 374
2550 374 374
2551 374 374
2552 374 374
2553 374 374
2554 374 374
2555 374 374
2556 374 374
2557 374 374
2558 374 374
2559 374 374
2560 374 374
2561 374 374
2562 374 374
2563 374 374
2564 374 374
2565 374 374
2566 374 374
2567 374 374
2568 374 374
2569 374 374
2570 374 374
2571 374 374
2572 374 374
2573 374 374
2574 374 374
2575 374 374
2576 374 374
2577 374 374
2578 374 374
2579 374 374
2580 374 374
2581 374 374
2582 374 374
2583 374 374
2584 374 374
2585 374 374
2586 374 374
2587 374 374
2588 374 374
2589 374 374
2590 374 374
2591 374 374
2592 374 374
2593 374 374
2594 374 374
2595 374 374
2596 374 374
2597 374 374
2598 374 374
2599 374 374
2600 374 374
2601 374 374
2602 374 374
2603 374 374
2604 374 374
2605 374 374
2606 374 374
2607 374 374
2608 374 374
2609 374 374
2610 374 374
2611 374 374
2612 374 374
2613 374 374
2614 374 374
2615 374 374
2616 374 374
2617 374 374
2618 374 374
2619 374 374
2620 374 374
2621 374 374
2622 374 374
2623 374 374
2624 374 374
2625 374 374
2626 374 374
2627 374 374
2628 374 374
2629 374 374
2630 374 374
2631 374 374
2632 374 374
2633 374 374
2634 374 374
2635 374 374
2636 374 374
2637 374 374
2638 374 374
2639 374 374
2640 374 374
2641 374 374
2642 374 374
2643 374 374
2644 374 374
2645 374 374
2646 374 374
2647 374 374
2648 374 374
2649 374 374
2650 374 374
2651 374 374
2652 374 374
2653 374 374
2654 374 374
2655 374 374
2656 374 374
2657 374 374
2658 374 374
2659 374 374
2660 374 374
2661 374 374
2662 374 374
2663 374 374
2664 374 374
2665 374 374
2666 374 374
2667 374 374
2668 374 374
2669 374 374
2670 374 374
2671 374 374
2672 374 374
2673 374 374
2674 374 374
2675 374 374
2676 374 374
2677 374 374
2678 374 374
2679 374 374
2680 374 374
2681 374 374
2682 374 374
2683 374 374
2684 374 374
2685 374 374
2686 374 374
2687 374 374
2688 374 374
2689 374 374
2690 374 374
2691 374 374
2692 374 374
2693 374 374
2694 374 374
2695 374 374
2696 374 374
2697 374 374
2698 374 374
2699 374 374
2700 374 374
2701 374 374
2702 374 374
2703 374 374
2704 374 374
2705 374 374
2706 374 374
2707 374 374
2708 374 374
2709 374 374
2710 374 374
2711 374 374
2712 374 374
2713 374 374
2714 374 374
2715 374 374
2716 374 374
2717 374 374
2718 374 374
2719 374 374
2720 374 374
2721 374 374
2722 374 374
2723 374 374
2724 374 374
2725 374 374
2726 374 374
2727 374 374
2728 374 374
2729 374 374
2730 374 374
2731 374 374
2732 374 374
2733 374 374
2734 374 374
2735 374 374
2736 374 374
2737 374 374
2738 374 374
2739 374 374
2740 374 374
2741 374 374
2742 374 374
2743 374 374
2744 374 374
2745 374 374
2746 374 374
2747 374 374
2748 374 374
2749 374 374
2750 374 374
2751 374 374
2752 374 374
2753 374 374
2754 374 374
2755 374 374
2756 374 374
2757 374 374
2758 374 374
2759 374 374
2760 374 374
2761 374 374
2762 374 374
2763 374 374
2764 374 374
2765 374 374
2766 374 374
2767 374 374
2768 374 374
2769 374 374
2770 374 374
2771 374 374
2772 374 374
2773 374 374
2774 374 374
2775 374 374
2776 374 374
2777 374 374
2778 374 374
2779 374 374
2780 374 374
2781 374 374
2782 374 374
2783 374 374
2784 374 374
2785 374 374
2786 374 374
2787 374 374
2788 374 374
2789 374 374
2790 374 374
2791 374 374
2792 374 374
2793 374 374
2794 374 374
2795 374 374
2796 374 374
2797 374 374
2798 374 374
2799 374 374
2800 374 374
2801 374 374
2802 374 374
2803 374 374
2804 374 374
2805 374 374
2806 374 374
2807 374 374
2808 374 374
2809 374 374
2810 374 374
2811 374 374
2812 374 374
2813 374 374
2814 374 374
2815 374 374
2816 374 374
2817 374 374
2818 374 374
2819 374 374
2820 374 374
2821 374 374
2822 374 374
2823 374 374
2824 374 374
2825 374 374
2826 374 374
2827 374 374
2828 374 374
2829 374 374
2830 374 374
2831 374 374
2832 374 374
2833 374 374
2834 374 374
2835 374 374
2836 374 374
2837 374 374
2838 374 374
2839 374 374
2840 374 374
2841 374 374
2842 374 374
2843 374 374
2844 374 374
2845 374 374
2846 374 374
2847 374 374
2848 374 374
2849 374 374
2850 374 374
2851 374 374
2852 374 374
2853 374 374
2854 374 374
2855 374 374
2856 374 374
2857 374 374
2858 374 374
2859 374 374
2860 374 374
2861 374 374
2862 374 374
2863 374 374
2864 374 374
2865 374 374
2866 374 374
2867 374 374
2868 374 374
2869 374 374
2870 374 374
2871 374 374
2872 374 374
2873 374 374
2874 374 374
2875 374 374
2876 374 374
2877 374 374
2878 374 374
2879 374 374
2880 374 374
2881 374 374
2882 374 374
2883 374 374
2884 374 374
2885 374 374
2886 374 374
2887 374 374
2888 374 374
2889 374 374
2890 374 374
2891 374 374
2892 374 374
2893 374 374
2894 374 374
2895 374 374
2896 374 374
2897 374 374
2898 374 374
2899 374 374
2900 374 374
2901 374 374
2902 374 374
2903 374 374
2904 374 374
2905 374 374
2906 374 374
2907 374 374
2908 374 374
2909 374 374
2910 374 374
2911 374 374
2912 374 374
2913 374 374
2914 374 374
2915 374 374
2916 374 374
2917 374 374
2918 374 374
2919 374 374
2920 374 374
2921 374 374
2922 374 374
2923 374 374
2924 374 374
2925 374 374
2926 374 374
2927 374 374
2928 374 374
2929 374 374
2930 374 374
2931 374 374
2932 374 374
2933 374 374
2934 374 374
2935 374 374
2936 374 374
2937 374 374
2938 374 374
2939 374 374
2940 374 374
2941 374 374
2942 374 374
2943 374 374
2944 374 374
2945 374 374
2946 374 374
2947 374 374
2948 374 374
2949 374 374
2950 374 374
2951 374 374
2952 374 374
2953 374 374
2954 374 374
2955 374 374
2956 374 374
2957 374 374
2958 374 374
2959 374 374
2960 374 374
2961 374 374
2962 374 374
2963 374 374
2964 374 374
2965 374 374
2966 374 374
2967 374 374
2968 374 374
2969 374 374
2970 374 374
2971 374 374
2972 374 374
2973 374 374
2974 374 374
2975 374 374
2976 374 374
2977 374 374
2978 374 374
2979 374 374
2980 374 374
2981 374 374
2982 374 374
2983 374 374
2984 374 374
2985 374 374
2986 374 374
2987 374 374
2988 374 374
2989 374 374
2990 374 374
2991 374 374
2992 374 374
2993 374 374
2994 374 374
2995 374 374
2996 374 374
2997 374 374
2998 374 374
2999 374 374
3000 374 374
3001 374 374
3002 374 374
3003 374 374
3004 374 374
3005 374 374
3006 374 374
3007 374 374
3008 374 374
3009 374 374
3010 374 374
3011 374 374
3012 374 374
3013 374 374
3014 374 374
3015 374 374
3016 374 374
3017 374 374
3018 374 374
3019 374 374
3020 374 374
3021 374 374
3022 374 374
3023 374 374
3024 374 374
3025 374 374
3026 374 374
3027 374 374
3028 374 374
3029 374 374
3030 374 374
3031 374 374
3032 374 374
3033 374 374
3034 374 374
3035 374 374
3036 374 374
3037 374 374
3038 374 374
3039 374 374
3040 374 374
3041 374 374
3042 374 374
3043 374 374
3044 374 374
3045 374 374
3046 374 374
3047 374 374
3048 374 374
3049 374 374
3050 374 374
3051 374 374
3052 374 374
3053 374 374
3054 374 374
3055 374 374
3056 374 374
3057 374 374
3058 374 374
3059 374 374
3060 374 374
3061 374 374
3062 374 374
3063 374 374
3064 374 374
3065 374 374
3066 374 374
3067 374 374
3068 374 374
3069 374 374
3070 374 374
3071 374 374
3072 374 374
3073 374 374
3074 374 374
3075 374 374
3076 374 374
3077 374 374
3078 374 374
3079 374 374
3080 374 374
3081 374 374
3082 374 374
3083 374 374
3084 374 374
3085 374 374
3086 374 374
3087 374 374
3088 374 374
3089 374 374
3090 374 374
3091 374 374
3092 374 374
3093 374 374
3094 374 374
3095 374 374
3096 374 374
3097 374 374
3098 374 374
3099 374 374
3100 374 374
3101 374 374
3102 374 374
3103 374 374
3104 374 374
3105 374 374
3106 374 374
3107 374 374
3108 374 374
3109 374 374
3110 374 374
3111 374 374
3112 374 374
3113 374 374
3114 374 374
3115 374 374
3116 374 374
3117 374 374
3118 374 374
3119 374 374
3120 374 374
3121 374 374
3122 374 374
3123 374 374
3124 374 374
3125 374 374
3126 374 374
3127 374 374
3128 374 374
3129 374 374
3130 374 374
3131 374 374
3132 374 374
3133 374 374
3134 374 374
3135 374 374
3136 374 374
3137 374 374
3138 374 374
3139 374 374
3140 374 374
3141 374 374
3142 374 374
3143 374 374
3144 374 374
3145 374 374
3146 374 374
3147 374 374
3148 374 374
3149 374 374
3150 374 374
3151 374 374
3152 374 374
3153 374 374
3154 374 374
3155 374 374
3156 374 374
3157 374 374
3158 374 374
3159 374 374
3160 374 374
3161 374 374
3162 374 374
3163 374 374
3164 374 374
3165 374 374
3166 374 374
3167 374 374
3168 374 374
3169 374 374
3170 374 374
3171 374 374
3172 374 374
3173 374 374
3174 374 374
3175 374 374
3176 374 374
3177 374 374
3178 374 374
3179 374 374
3180 374 374
3181 374 374
3182 374 374
3183 374 374
3184 374 374
3185 374 374
3186 374 374
3187 374 374
3188 374 374
3189 374 374
3190 374 374
3191 374 374
3192 374 374
3193 374 374
3194 374 374
3195 374 374
3196 374 374
3197 374 374
3198 374 374
3199 374 374
3200 374 374
3201 374 374
3202 374 374
3203 374 374
3204 374 374
3205 374 374
3206 374 374
3207 374 374
3208 374 374
3209 374 374
3210 374 374
3211 374 374
3212 374 374
3213 374 374
3214 374 374
3215 374 374
3216 374 374
3217 374 374
3218 374 374
3219 374 374
3220 374 374
3221 374 374
3222 374 374
3223 374 374
3224 374 374
3225 374 374
3226 374 374
3227 374 374
3228 374 374
3229 374 374
3230 374 374
3231 374 374
3232 374 374
3233 374 374
3234 374 374
3235 374 374
3236 374 374
3237 374 374
3238 374 374
3239 374 374
3240 374 374
3241 374 374
3242 374 374
3243 374 374
3244 374 374
3245 374 374
3246 374 374
3247 374 374
3248 374 374
3249 374 374
3250 374 374
3251 374 374
3252 374 374
3253 374 374
3254 374 374
3255 374 374
3256 374 374
3257 374 374
3258 374 374
3259 374 374
3260 374 374
3261 374 374
3262 374 374
3263 374 374
3264 374 374
3265 374 374
3266 374 374
3267 374 374
3268 374 374
3269 374 374
3270 374 374
3271 374 374
3272 374 374
3273 374 374
3274 374 374
3275 374 374
3276 374 374
3277 374 374
3278 374 374
3279 374 374
3280 374 374
3281 374 374
3282 374 374
3283 374 374
3284 374 374
3285 374 374
3286 374 374
3287 374 374
3288 374 374
3289 374 374
3290 374 374
3291 374 374
3292 374 374
3293 374 374
3294 374 374
3295 374 374
3296 374 374
3297 374 374
3298 374 374
3299 374 374
3300 374 374
3301 374 374
3302 374 374
3303 374 374
3304 374 374
3305 374 374
3306 374 374
3307 374 374
3308 374 374
3309 374 374
3310 374 374
3311 374 374
3312 374 374
3313 374 374
3314 374 374
3315 374 374
3316 374 374
3317 374 374
3318 374 374
3319 374 374
3320 374 374
3321 374 374
3322 374 374
3323 374 374
3324 374 374
3325 374 374
3326 374 374
3327 374 374
3328 374 374
3329 374 374
3330 374 374
3331 374 374
3332 374 374
3333 374 374
3334 374 374
3335 374 374
3336 374 374
3337 374 374
3338 374 374
3339 374 374
3340 374 374
3341 374 374
3342 374 374
3343 374 374
3344 374 374
3345 374 374
3346 374 374
3347 374 374
3348 374 374
3349 374 374
3350 374 374
3351 374 374
3352 374 374
3353 374 374
3354 374 374
3355 374 374
3356 374 374
3357 374 374
3358 374 374
3359 374 374
3360 374 374
3361 374 374
3362 374 374
3363 374 374
3364 374 374
3365 374 374
3366 374 374
3367 374 374
3368 374 374
3369 374 374
3370 374 374
3371 374 374
3372 374 374
3373 374 374
3374 374 374
3375 374 374
3376 374 374
3377 374 374
3378 374 374
3379 374 374
3380 374 374
3381 374 374
3382 374 374
3383 374 374
3384 374 374
3385 374 374
3386 374 374
3387 374 374
3388 374 374
3389 374 374
3390 374 374
3391 374 374
3392 374 374
3393 374 374
3394 374 374
3395 374 374
3396 374 374
3397 374 374
3398 374 374
3399 374 374
3400 374 374
3401 374 374
3402 374 374
3403 374 374
3404 374 374
3405 374 374
3406 374 374
3407 374 374
3408 374 374
3409 374 374
3410 374 374
3411 374 374
3412 374 374
3413 374 374
3414 374 374
3415 374 374
3416 374 374
3417 374 374
3418 374 374
3419 374 374
3420 374 374
3421 374 374
3422 374 374
3423 374 374
3424 374 374
3425 374 374
3426 374 374
3427 374 374
3428 374 374
3429 374 374
3430 374 374
3431 374 374
3432 374 374
3433 374 374
3434 374 374
3435 374 374
3436 374 374
3437 374 374
3438 374 374
3439 374 374
3440 374 374
3441 374 374
3442 374 374
3443 374 374
3444 374 374
3445 374 374
3446 374 374
3447 374 374
3448 374 374
3449 374 374
3450 374 374
3451 374 374
3452 374 374
3453 374 374
3454 374 374
3455 374 374
3456 374 374
3457 374 374
3458 374 374
3459 374 374
3460 374 374
3461 374 374
3462 374 374
3463 374 374
3464 374 374
3465 374 374
3466 374 374
3467 374 374
3468 374 374
3469 374 374
3470 374 374
3471 374 374
3472 374 374
3473 374 374
3474 374 374
3475 374 374
3476 374 374
3477 374 374
3478 374 374
3479 374 374
3480 374 374
3481 374 374
3482 374 374
3483 374 374
3484 374 374
3485 374 374
3486 374 374
3487 374 374
3488 374 374
3489 374 374
3490 374 374
3491 374 374
3492 374 374
3493 374 374
3494 374 374
3495 374 374
3496 374 374
3497 374 374
3498 374 374
3499 374 374
3500 374 374
3501 374 374
3502 374 374
3503 374 374
3504 374 374
3505 374 374
3506 374 374
3507 374 374
3508 374 374
3509 374 374
3510 374 374
3511 374 374
3512 374 374
3513 374 374
3514 374 374
3515 374 374
3516 374 374
3517 374 374
3518 374 374
3519 374 374
3520 374 374
3521 374 374
3522 374 374
3523 374 374
3524 374 374
3525 374 374
3526 374 374
3527 374 374
3528 374 374
3529 374 374
3530 374 374
3531 374 374
3532 374 374
3533 374 374
3534 374 374
3535 374 374
3536 374 374
3537 374 374
3538 374 374
3539 374 374
3540 374 374
3541 374 374
3542 374 374
3543 374 374
3544 374 374
3545 374 374
3546 374 374
3547 374 374
3548 374 374
3549 374 374
3550 374 374
3551 374 374
3552 374 374
3553 374 374
3554 374 374
3555 374 374
3556 374 374
3557 374 374
3558 374 374
3559 374 374
3560 374 374
3561 374 374
3562 374 374
3563 374 374
3564 374 374
3565 374 374
3566 374 374
3567 374 374
3568 374 374
3569 374 374
3570 374 374
3571 374 374
3572 374 374
3573 374 374
3574 374 374
3575 374 374
3576 374 374
3577 374 374
3578 374 374
3579 374 374
3580 374 374
3581 374 374
3582 374 374
3583 374 374
3584 374 374
3585 374 374
3586 374 374
3587 374 374
3588 374 374
3589 374 374
3590 374 374
3591 374 374
3592 374 374
3593 374 374
3594 374 374
3595 374 374
3596 374 374
3597 374 374
3598 374 374
3599 374 374
3600 374 374
3601 374 374
3602 374 374
3603 374 374
3604 374 374
3605 374 374
3606 374 374
3607 374 374
3608 374 374
3609 374 374
3610 374 374
3611 374 374
3612 374 374
3613 374 374
3614 374 374
3615 374 374
3616 374 374
3617 374 374
3618 374 374
3619 374 374
3620 374 374
3621 374 374
3622 374 374
3623 374 374
3624 374 374
3625 374 374
3626 374 374
3627 374 374
3628 374 374
3629 374 374
3630 374 374
3631 374 374
3632 374 374
3633 374 374
3634 374 374
3635 374 374
3636 374 374
3637 374 374
3638 374 374
3639 374 374
3640 374 374
3641 374 374
3642 374 374
3643 374 374
3644 374 374
3645 374 374
3646 374 374
3647 374 374
3648 374 374
3649 374 374
3650 374 374
3651 374 374
3652 374 374
3653 374 374
3654 374 374
3655 374 374
3656 374 374
3657 374 374
3658 374 374
3659 374 374
3660 374 374
3661 374 374
3662 374 374
3663 374 374
3664 374 374
3665 374 374
3666 374 374
3667 374 374
3668 374 374
3669 374 374
3670 374 374
3671 374 374
3672 374 374
3673 374 374
3674 374 374
3675 374 374
3676 374 374
3677 374 374
3678 374 374
3679 374 374
3680 374 374
3681 374 374
3682 374 374
3683 374 374
3684 374 374
3685 374 374
3686 374 374
3687 374 374
3688 374 374
3689 374 374
3690 374 374
3691 374 374
3692 374 374
3693 374 374
3694 374 374
3695 374 374
3696 374 374
3697 374 374
3698 374 374
3699 374 374
3700 374 374
3701 374 374
3702 374 374
3703 374 374
3704 374 374
3705 374 374
3706 374 374
3707 374 374
3708 374 374
3709 374 374
3710 374 374
3711 374 374
3712 374 374
3713 374 374
3714 374 374
3715 374 374
3716 374 374
3717 374 374
3718 374 374
3719 374 374
3720 374 374
3721 374 374
3722 374 374
3723 374 374
3724 374 374
3725 374 374
3726 374 374
3727 374 374
3728 374 374
3729 374 374
3730 374 374
3731 374 374
3732 374 374
3733 374 374
3734 374 374
3735 374 374
3736 374 374
3737 374 374
3738 374 374
3739 374 374
3740 374 374
3741 374 374
3742 374 374
3743 374 374
3744 374 374
3745 374 374
3746 374 374
3747 374 374
3748 374 374
3749 374 374
3750 374 374
3751 374 374
3752 374 374
3753 374 374
3754 374 374
3755 374 374
3756 374 374
3757 374 374
3758 374 374
3759 374 374
3760 374 374
3761 374 374
3762 374 374
3763 374 374
3764 374 374
3765 374 374
3766 374 374
3767 374 374
3768 374 374
3769 374 374
3770 374 374
3771 374 374
3772 374 374
3773 374 374
3774 374 374
3775 374 374
3776 374 374
3777 374 374
3778 374 374
3779 374 374
3780 374 374
3781 374 374
3782 374 374
3783 374 374
3784 374 374
3785 374 374
3786 374 374
3787 374 374
3788 374 374
3789 374 374
3790 374 374
3791 374 374
3792 374 374
3793 374 374
3794 374 374
3795 374 374
3796 374 374
3797 374 374
3798 374 374
3799 374 374
3800 374 374
3801 374 374
3802 374 374
3803 374 374
3804 374 374
3805 374 374
3806 374 374
3807 374 374
3808 374 374
3809 374 374
3810 374 374
3811 374 374
3812 374 374
3813 374 374
3814 374 374
3815 374 374
3816 374 374
3817 374 374
3818 374 374
3819 374 374
3820 374 374
3821 374 374
3822 374 374
3823 374 374
3824 374 374
3825 374 374
3826 374 374
3827 374 374
3828 374 374
3829 374 374
3830 374 374
3831 374 374
3832 374 374
3833 374 374
3834 374 374
3835 374 374
3836 374 374
3837 374 374
3838 374 374
3839 374 374
3840 374 374
3841 374 374
3842 374 374
3843 374 374
3844 374 374
3845 374 374
3846 374 374
3847 374 374
3848 374 374
3849 374 374
3850 374 374
3851 374 374
3852 374 374
3853 374 374
3854 374 374
3855 374 374
3856 374 374
3857 374 374
3858 374 374
3859 374 374
3860 374 374
3861 374 374
3862 374 374
3863 374 374
3864 374 374
3865 374 374
3866 374 374
3867 374 374
3868 374 374
3869 374 374
3870 374 374
3871 374 374
3872 374 374
3873 374 374
3874 374 374
3875 374 374
3876 374 374
3877 374 374
3878 374 374
3879 374 374
3880 374 374
3881 374 374
3882 374 374
3883 374 374
3884 374 374
3885 374 374
3886 374 374
3887 374 374
3888 374 374
3889 374 374
3890 374 374
3891 374 374
3892 374 374
3893 374 374
3894 374 374
3895 374 374
3896 374 374
3897 374 374
3898 374 374
3899 374 374
3900 374 374
3901 374 374
3902 374 374
3903 374 374
3904 374 374
3905 374 374
3906 374 374
3907 374 374
3908 374 374
3909 374 374
3910 374 374
3911 374 374
3912 374 374
3913 374 374
3914 374 374
3915 374 374
3916 374 374
3917 374 374
3918 374 374
3919 374 374
3920 374 374
3921 374 374
3922 374 374
3923 374 374
3924 374 374
3925 374 374
3926 374 374
3927 374 374
3928 374 374
3929 374 374
3930 374 374
3931 374 374
3932 374 374
3933 374 374
3934 374 374
3935 374 374
3936 374 374
3937 374 374
3938 374 374
3939 374 374
3940 374 374
3941 374 374
3942 374 374
3943 374 374
3944 374 374
3945 374 374
3946 374 374
3947 374 374
3948 374 374
3949 374 374
3950 374 374
3951 374 374
3952 374 374
3953 374 374
3954 374 374
3955 374 374
3956 374 374
3957 374 374
3958 374 374
3959 374 374
3960 374 374
3961 374 374
3962 374 374
3963 374 374
3964 374 374
3965 374 374
3966 374 374
3967 374 374
3968 374 374
3969 374 374
3970 374 374
3971 374 374
3972 374 374
3973 374 374
3974 374 374
3975 374 374
3976 374 374
3977 374 374
3978 374 374
3979 374 374
3980 374 374
3981 374 374
3982 374 374
3983 374 374
3984 374 374
3985 374 374
3986 374 374
3987 374 374
3988 374 374
3989 374 374
3990 374 374
3991 374 374
3992 374 374
3993 374 374
3994 374 374
3995 374 374
3996 374 374
3997 374 374
3998 374 374
3999 374 374
4000 374 374
4001 374 374
4002 374 374
4003 374 374
4004 374 374
4005 374 374
4006 374 374
4007 374 374
4008 374 374
4009 374 374
4010 374 374
4011 374 374
4012 374 374
4013 374 374
4014 374 374
4015 374 374
4016 374 374
4017 374 374
4018 374 374
4019 374 374
4020 374 374
4021 374 374
4022 374 374
4023 374 374
4024 374 374
4025 374 374
4026 374 374
4027 374 374
4028 374 374
4029 374 374
4030 374 374
4031 374 374
4032 374 374
4033 374 374
4034 374 374
4035 374 374
4036 374 374
4037 374 374
4038 374 374
4039 374 374
4040 374 374
4041 374 374
4042 374 374
4043 374 374
4044 374 374
4045 374 374
4046 374 374
4047 374 374
4048 374 374
4049 374 374
4050 374 374
4051 374 374
4052 374 374
4053 374 374
4054 374 374
4055 374 374
4056 374 374
4057 374 374
4058 374 374
4059 374 374
4060 374 374
4061 374 374
4062 374 374
4063 374 374
4064 374 374
4065 374 374
4066 374 374
4067 374 374
4068 374 374
4069 374 374
4070 374 374
4071 374 374
4072 374 374
4073 374 374
4074 374 374
4075 374 374
4076 374 374
4077 374 374
4078 374 374
4079 374 374
4080 374 374
4081 374 374
4082 374 374
4083 374 374
4084 374 374
4085 374 374
4086 374 374
4087 374 374
4088 374 374
4089 374 374
4090 374 374
4091 374 374
4092 374 374
4093 374 374
4094 374 374
4095 374 374
4096 374 374
4097 374 374
4098 374 374
4099 374 374
4100 374 374
4101 374 374
4102 374 374
4103 374 374
4104 374 374
4105 374 374
4106 374 374
4107 374 374
4108 374 374
4109 374 374
4110 374 374
4111 374 374
4112 374 374
4113 374 374
4114 374 374
4115 374 374
4116 374 374
4117 374 374
4118 374 374
4119 374 374
4120 374 374
4121 374 374
4122 374 374
4123 374 374
4124 374 374
4125 374 374
4126 374 374
4127 374 374
4128 374 374
4129 374 374
4130 374 374
4131 374 374
4132 374 374
4133 374 374
4134 374 374
4135 374 374
4136 374 374
4137 374 374
4138 374 374
4139 374 374
4140 374 374
4141 374 374
4142 374 374
4143 374 374
4144 374 374
4145 374 374
4146 374 374
4147 374 374
4148 374 374
4149 374 374
4150 374 374
4151 374 374
4152 374 374
4153 374 374
4154 374 374
4155 374 374
4156 374 374
4157 374 374
4158 374 374
4159 374 374
4160 374 374
4161 374 374
4162 374 374
4163 374 374
4164 374 374
4165 374 374
4166 374 374
4167 374 374
4168 374 374
4169 374 374
4170 374 374
4171 374 374
4172 374 374
4173 374 374
4174 374 374
4175 374 374
4176 374 374
4177 374 374
4178 374 374
4179 374 374
4180 374 374
4181 374 374
4182 374 374
4183 374 374
4184 374 374
4185 374 374
4186 374 374
4187 374 374
4188 374 374
4189 374 374
4190 374 374
4191 374 374
4192 374 374
4193 374 374
4194 374 374
4195 374 374
4196 374 374
4197 374 374
4198 374 374
4199 374 374
4200 374 374
4201 374 374
4202 374 374
4203 374 374
4204 374 374
4205 374 374
4206 374 374
4207 374 374
4208 374 374
4209 374 374
4210 374 374
4211 374 374
4212 374 374
4213 374 374
4214 374 374
4215 374 374
4216 374 374
4217 374 374
4218 374 374
4219 374 374
4220 374 374
4221 374 374
4222 374 374
4223 374 374
4224 374 374
4225 374 374
4226 374 374
4227 374 374
4228 374 374
4229 374 374
4230 374 374
4231 374 374
4232 374 374
4233 374 374
4234 374 374
4235 374 374
4236 374 374
4237 374 374
4238 374 374
4239 374 374
4240 374 374
4241 374 374
4242 374 374
4243 374 374
4244 374 374
4245 374 374
4246 374 374
4247 374 374
4248 374 374
4249 374 374
4250 374 374
4251 374 374
4252 374 374
4253 374 374
4254 374 374
4255 374 374
4256 374 374
4257 374 374
4258 374 374
4259 374 374
4260 374 374
4261 374 374
4262 374 374
4263 374 374
4264 374 374
4265 374 374
4266 374 374
4267 374 374
4268 374 374
4269 374 374
4270 374 374
4271 374 374
4272 374 374
4273 374 374
4274 374 374
4275 374 374
4276 374 374
4277 374 374
4278 374 374
4279 374 374
4280 374 374
4281 374 374
4282 374 374
4283 374 374
4284 374 374
4285 374 374
4286 374 374
4287 374 374
4288 374 374
4289 374 374
4290 374 374
4291 374 374
4292 374 374
4293 374 374
4294 374 374
4295 374 374
4296 374 374
4297 374 374
4298 374 374
4299 374 374
4300 374 374
4301 374 374
4302 374 374
4303 374 374
4304 374 374
4305 374 374
4306 374 374
4307 374 374
4308 374 374
4309 374 374
4310 374 374
4311 374 374
4312 374 374
4313 374 374
4314 374 374
4315 374 374
4316 374 374
4317 374 374
4318 374 374
4319 374 374
4320 374 374
4321 374 374
4322 374 374
4323 374 374
4324 374 374
4325 374 374
4326 374 374
4327 374 374
4328 374 374
4329 374 374
4330 374 374
4331 374 374
4332 374 374
4333 374 374
4334 374 374
4335 374 374
4336 374 374
4337 374 374
4338 374 374
4339 374 374
4340 374 374
4341 374 374
4342 374 374
4343 374 374
4344 374 374
4345 374 374
4346 374 374
4347 374 374
4348 374 374
4349 374 374
4350 374 374
4351 374 374
4352 374 374
4353 374 374
4354 374 374
4355 374 374
4356 374 374
4357 374 374
4358 374 374
4359 374 374
4360 374 374
4361 374 374
4362 374 374
4363 374 374
4364 374 374
4365 374 374
4366 374 374
4367 374 374
4368 374 374
4369 374 374
4370 374 374
4371 374 374
4372 374 374
4373 374 374
4374 374 374
4375 374 374
4376 374 374
4377 374 374
4378 374 374
4379 374 374
4380 374 374
4381 374 374
4382 374 374
4383 374 374
4384 374 374
4385 374 374
4386 374 374
4387 374 374
4388 374 374
4389 374 374
4390 374 374
4391 374 374
4392 374 374
4393 374 374
4394 374 374
4395 374 374
4396 374 374
4397 374 374
4398 374 374
4399 374 374
4400 374 374
4401 374 374
4402 374 374
4403 374 374
4404 374 374
4405 374 374
4406 374 374
4407 374 374
4408 374 374
4409 374 374
4410 374 374
4411 374 374
4412 374 374
4413 374 374
4414 374 374
4415 374 374
4416 374 374
4417 374 374
4418 374 374
4419 374 374
4420 374 374
4421 374 374
4422 374 374
4423 374 374
4424 374 374
4425 374 374
4426 374 374
4427 374 374
4428 374 374
4429 374 374
4430 374 374
4431 374 374
4432 374 374
4433 374 374
4434 374 374
4435 374 374
4436 374 374
4437 374 374
4438 374 374
4439 374 374
4440 374 374
4441 374 374
4442 374 374
4443 374 374
4444 374 374
4445 374 374
4446 374 374
4447 374 374
4448 374 374
4449 374 374
4450 374 374
4451 374 374
4452 374 374
4453 374 374
4454 374 374
4455 374 374
4456 374 374
4457 374 374
4458 374 374
4459 374 374
4460 374 374
4461 374 374
4462 374 374
4463 374 374
4464 374 374
4465 374 374
4466 374 374
4467 374 374
4468 374 374
4469 374 374
4470 374 374
4471 374 374
4472 374 374
4473 374 374
4474 374 374
4475 374 374
4476 374 374
4477 374 374
4478 374 374
4479 374 374
4480 374 374
4481 374 374
4482 374 374
4483 374 374
4484 374 374
4485 374 374
4486 374 374
4487 374 374
4488 374 374
4489 374 374
4490 374 374
4491 374 374
4492 374 374
4493 374 374
4494 374 374
4495 374 374
4496 374 374
4497 374 374
4498 374 374
4499 374 374
4500 374 374
4501 374 374
4502 374 374
4503 374 374
4504 374 374
4505 374 374
4506 374 374
4507 374 374
4508 374 374
4509 374 374
4510 374 374
4511 374 374
4512 374 374
4513 374 374
4514 374 374
4515 374 374
4516 374 374
4517 374 374
4518 374 374
4519 374 374
4520 374 374
4521 374 374
4522 374 374
4523 374 374
4524 374 374
4525 374 374
4526 374 374
4527 374 374
4528 374 374
4529 374 374
4530 374 374
4531 374 374
4532 374 374
4533 374 374
4534 374 374
4535 374 374
4536 374 374
4537 374 374
4538 374 374
4539 374 374
4540 374 374
4541 374 374
4542 374 374
4543 374 374
4544 374 374
4545 374 374
4546 374 374
4547 374 374
4548 374 374
4549 374 374
4550 374 374
4551 374 374
4552 374 374
4553 374 374
4554 374 374
4555 374 374
4556 374 374
4557 374 374
4558 374 374
4559 374 374
4560 374 374
4561 374 374
4562 374 374
4563 374 374
4564 374 374
4565 374 374
4566 374 374
4567 374 374
4568 374 374
4569 374 374
4570 374 374
4571 374 374
4572 374 374
4573 374 374
4574 374 374
4575 374 374
4576 374 374
4577 374 374
4578 374 374
4579 374 374
4580 374 374
4581 374 374
4582 374 374
4583 374 374
4584 374 374
4585 374 374
4586 374 374
4587 374 374
4588 374 374
4589 374 374
4590 374 374
4591 374 374
4592 374 374
4593 374 374
4594 374 374
4595 374 374
4596 374 374
4597 374 374
4598 374 374
4599 374 374
4600 374 374
4601 374 374
4602 374 374
4603 374 374
4604 374 374
4605 374 374
4606 374 374
4607 374 374
4608 374 374
4609 374 374
4610 374 374
4611 374 374
4612 374 374
4613 374 374
4614 374 374
4615 374 374
4616 374 374
4617 374 374
4618 374 374
4619 374 374
4620 374 374
4621 374 374
4622 374 374
4623 374 374
4624 374 374
4625 374 374
4626 374 374
4627 374 374
4628 374 374
4629 374 374
4630 374 374
4631 374 374
4632 374 374
4633 374 374
4634 374 374
4635 374 374
4636 374 374
4637 374 374
4638 374 374
4639 374 374
4640 374 374
4641 374 374
4642 374 374
4643 374 374
4644 374 374
4645 374 374
4646 374 374
4647 374 374
4648 374 374
4649 374 374
4650 374 374
4651 374 374
4652 374 374
4653 374 374
4654 374 374
4655 374 374
4656 374 374
4657 374 374
4658 374 374
4659 374 374
4660 374 374
4661 374 374
4662 374 374
4663 374 374
4664 374 374
4665 374 374
4666 374 374
4667 374 374
4668 374 374
4669 374 374
4670 374 374
4671 374 374
4672 374 374
4673 374 374
4674 374 374
4675 374 374
4676 374 374
4677 374 374
4678 374 374
4679 374 374
4680 374 374
4681 374 374
4682 374 374
4683 374 374
4684 374 374
4685 374 374
4686 374 374
4687 374 374
4688 374 374
4689 374 374
4690 374 374
4691 374 374
4692 374 374
4693 374 374
4694 374 374
4695 374 374
4696 374 374
4697 374 374
4698 374 374
4699 374 374
4700 374 374
4701 374 374
4702 374 374
4703 374 374
4704 374 374
4705 374 374
4706 374 374
4707 374 374
4708 374 374
4709 374 374
4710 374 374
4711 374 374
4712 374 374
4713 374 374
4714 374 374
4715 374 374
4716 374 374
4717 374 374
4718 374 374
4719 374 374
4720 374 374
4721 374 374
4722 374 374
4723 374 374
4724 374 374
4725 374 374
4726 374 374
4727 374 374
4728 374 374
4729 374 374
4730 374 374
4731 374 374
4732 374 374
4733 374 374
4734 374 374
4735 374 374
4736 374 374
4737 374 374
4738 374 374
4739 374 374
4740 374 374
4741 374 374
4742 374 374
4743 374 374
4744 374 374
4745 374 374
4746 374 374
4747 374 374
4748 374 374
4749 374 374
4750 374 374
4751 374 374
4752 374 374
4753 374 374
4754 374 374
4755 374 374
4756 374 374
4757 374 374
4758 374 374
4759 374 374
4760 374 374
4761 374 374
4762 374 374
4763 374 374
4764 374 374
4765 374 374
4766 374 374
4767 374 374
4768 374 374
4769 374 374
4770 374 374
4771 374 374
4772 374 374
4773 374 374
4774 374 374
4775 374 374
4776 374 374
4777 374 374
4778 374 374
4779 374 374
4780 374 374
4781 374 374
4782 374 374
4783 374 374
4784 374 374
4785 374 374
4786 374 374
4787 374 374
4788 374 374
4789 374 374
4790 374 374
4791 374 374
4792 374 374
4793 374 374
4794 374 374
4795 374 374
4796 374 374
4797 374 374
4798 374 374
4799 374 374
4800 374 374
4801 374 374
4802 374 374
4803 374 374
4804 374 374
4805 374 374
4806 374 374
4807 374 374
4808 374 374
4809 374 374
4810 374 374
4811 374 374
4812 374 374
4813 374 374
4814 374 374
4815 374 374
4816 374 374
4817 374 374
4818 374 374
4819 374 374
4820 374 374
4821 374 374
4822 374 374
4823 374 374
4824 374 374
4825 374 374
4826 374 374
4827 374 374
4828 374 374
4829 374 374
4830 374 374
4831 374 374
4832 374 374
4833 374 374
4834 374 374
4835 374 374
4836 374 374
4837 374 374
4838 374 374
4839 374 374
4840 374 374
4841 374 374
4842 374 374
4843 374 374
4844 374 374
4845 374 374
4846 374 374
4847 374 374
4848 374 374
4849 374 374
4850 374 374
4851 374 374
4852 374 374
4853 374 374
4854 374 374
4855 374 374
4856 374 374
4857 374 374
4858 374 374
4859 374 374
4860 374 374
4861 374 374
4862 374 374
4863 374 374
4864 374 374
4865 374 374
4866 374 374
4867 374 374
4868 374 374
4869 374 374
4870 374 374
4871 374 374
4872 374 374
4873 374 374
4874 374 374
4875 374 374
4876 374 374
4877 374 374
4878 374 374
4879 374 374
4880 374 374
4881 374 374
4882 374 374
4883 374 374
4884 374 374
4885 374 374
4886 374 374
4887 374 374
4888 374 374
4889 374 374
4890 374 374
4891 374 374
4892 374 374
4893 374 374
4894 374 374
4895 374 374
4896 374 374
4897 374 374
4898 374 374
4899 374 374
4900 374 374
4901 374 374
4902 374 374
4903 374 374
4904 374 374
4905 374 374
4906 374 374
4907 374 374
4908 374 374
4909 374 374
4910 374 374
4911 374 374
4912 374 374
4913 374 374
4914 374 374
4915 374 374
4916 374 374
4917 374 374
4918 374 374
4919 374 374
4920 374 374
4921 374 374
4922 374 374
4923 374 374
4924 374 374
4925 374 374
4926 374 374
4927 374 374
4928 374 374
4929 374 374
4930 374 374
4931 374 374
4932 374 374
4933 374 374
4934 374 374
4935 374 374
4936 374 374
4937 374 374
4938 374 374
4939 374 374
4940 374 374
4941 374 374
4942 374 374
4943 374 374
4944 374 374
4945 374 374
4946 374 374
4947 374 374
4948 374 374
4949 374 374
4950 374 374
4951 374 374
4952 374 374
4953 374 374
4954 374 374
4955 374 374
4956 374 374
4957 374 374
4958 374 374
4959 374 374
4960 374 374
4961 374 374
4962 374 374
4963 374 374
4964 374 374
4965 374 374
4966 374 374
4967 374 374
4968 374 374
4969 374 374
4970 374 374
4971 374 374
4972 374 374
4973 374 374
4974 374 374
4975 374 374
4976 374 374
4977 374 374
4978 374 374
4979 374 374
4980 374 374
4981 374 374
4982 374 374
4983 374 374
4984 374 374
4985 374 374
4986 374 374
4987 374 374
4988 374 374
4989 374 374
4990 374 374
4991 374 374
4992 374 374
4993 374 374
4994 374 374
4995 374 374
4996 374 374
4997 374 374
4998 374 374
4999 374 374
5000 374 374
5001 374 374
5002 374 374
5003 374 374
5004 374 374
5005 374 374
5006 374 374
5007 374 374
5008 374 374
5009 374 374
5010 374 374
5011 374 374
5012 374 374
5013 374 374
5014 374 374
5015 374 374
5016 374 374
5017 374 374
5018 374 374
5019 374 374
5020 374 374
5021 374 374
5022 374 374
5023 374 374
5024 374 374
5025 374 374
5026 374 374
5027 374 374
5028 374 374
5029 374 374
5030 374 374
5031 374 374
5032 374 374
5033 374 374
5034 374 374
5035 374 374
5036 374 374
5037 374 374
5038 374 374
5039 374 374
5040 374 374
5041 374 374
5042 374 374
5043 374 374
5044 374 374
5045 374 374
5046 374 374
5047 374 374
5048 374 374
5049 374 374
5050 374 374
5051 374 374
5052 374 374
5053 374 374
5054 374 374
5055 374 374
5056 374 374
5057 374 374
5058 374 374
5059 374 374
5060 374 374
5061 374 374
5062 374 374
5063 374 374
5064 374 374
5065 374 374
5066 374 374
5067 374 374
5068 374 374
5069 374 374
5070 374 374
5071 374 374
5072 374 374
5073 374 374
5074 374 374
5075 374 374
5076 374 374
5077 374 374
5078 374 374
5079 374 374
5080 374 374
5081 374 374
5082 374 374
5083 374 374
5084 374 374
5085 374 374
5086 374 374
5087 374 374
5088 374 374
5089 374 374
5090 374 374
5091 374 374
5092 374 374
5093 374 374
5094 374 374
5095 374 374
5096 374 374
5097 374 374
5098 374 374
5099 374 374
5100 374 374
5101 374 374
5102 374 374
5103 374 374
5104 374 374
5105 374 374
5106 374 374
5107 374 374
5108 374 374
5109 374 374
5110 374 374
5111 374 374
5112 374 374
5113 374 374
5114 374 374
5115 374 374
5116 374 374
5117 374 374
5118 374 374
5119 374 374
5120 374 374
5121 374 374
5122 374 374
5123 374 374
5124 374 374
5125 374 374
5126 374 374
5127 374 374
5128 374 374
5129 374 374
5130 374 374
5131 374 374
5132 374 374
5133 374 374
5134 374 374
5135 374 374
5136 374 374
5137 374 374
5138 374 374
5139 374 374
5140 374 374
5141 374 374
5142 374 374
5143 374 374
5144 374 374
5145 374 374
5146 374 374
5147 374 374
5148 374 374
5149 374 374
5150 374 374
5151 374 374
5152 374 374
5153 374 374
5154 374 374
5155 374 374
5156 374 374
5157 374 374
5158 374 374
5159 374 374
5160 374 374
5161 374 374
5162 374 374
5163 374 374
5164 374 374
5165 374 374
5166 374 374
5167 374 374
5168 374 374
5169 374 374
5170 374 374
5171 374 374
5172 374 374
5173 374 374
5174 374 374
5175 374 374
5176 374 374
5177 374 374
5178 374 374
5179 374 374
5180 374 374
5181 374 374
5182 374 374
5183 374 374
5184 374 374
5185 374 374
5186 374 374
5187 374 374
5188 374 374
5189 374 374
5190 374 374
5191 374 374
5192 374 374
5193 374 374
5194 374 374
5195 374 374
5196 374 374
5197 374 374
5198 374 374
5199 374 374
5200 374 374
5201 374 374
5202 374 374
5203 374 374
5204 374 374
5205 374 374
5206 374 374
5207 374 374
5208 374 374
5209 374 374
5210 374 374
5211 374 374
5212 374 374
5213 374 374
5214 374 374
5215 374 374
5216 374 374
5217 374 374
5218 374 374
5219 374 374
5220 374 374
5221 374 374
5222 374 374
5223 374 374
5224 374 374
5225 374 374
5226 374 374
5227 374 374
5228 374 374
5229 374 374
5230 374 374
5231 374 374
5232 374 374
5233 374 374
5234 374 374
5235 374 374
5236 374 374
5237 374 374
5238 374 374
5239 374 374
5240 374 374
5241 374 374
5242 374 374
5243 374 374
5244 374 374
5245 374 374
5246 374 374
5247 374 374
5248 374 374
5249 374 374
5250 374 374
5251 374 374
5252 374 374
5253 374 374
5254 374 374
5255 374 374
5256 374 374
5257 374 374
5258 374 374
5259 374 374
5260 374 374
5261 374 374
5262 374 374
5263 374 374
5264 374 374
5265 374 374
5266 374 374
5267 374 374
5268 374 374
5269 374 374
5270 374 374
5271 374 374
5272 374 374
5273 374 374
5274 374 374
5275 374 374
5276 374 374
5277 374 374
5278 374 374
5279 374 374
5280 374 374
5281 374 374
5282 374 374
5283 374 374
5284 374 374
5285 374 374
5286 374 374
5287 374 374
5288 374 374
5289 374 374
5290 374 374
5291 374 374
5292 374 374
5293 374 374
5294 374 374
5295 374 374
5296 374 374
5297 374 374
5298 374 374
5299 374 374
5300 374 374
5301 374 374
5302 374 374
5303 374 374
5304 374 374
5305 374 374
5306 374 374
5307 374 374
5308 374 374
5309 374 374
5310 374 374
5311 374 374
5312 374 374
5313 374 374
5314 374 374
5315 374 374
5316 374 374
5317 374 374
5318 374 374
5319 374 374
5320 374 374
5321 374 374
5322 374 374
5323 374 374
5324 374 374
5325 374 374
5326 374 374
5327 374 374
5328 374 374
5329 374 374
5330 374 374
5331 374 374
5332 374 374
5333 374 374
5334 374 374
5335 374 374
5336 374 374
5337 374 374
5338 374 374
5339 374 374
5340 374 374
5341 374 374
5342 374 374
5343 374 374
5344 374 374
5345 374 374
5346 374 374
5347 374 374
5348 374 374
5349 374 374
5350 374 374
5351 374 374
5352 374 374
5353 374 374
5354 374 374
5355 374 374
5356 374 374
5357 374 374
5358 374 374
5359 374 374
5360 374 374
5361 374 374
5362 374 374
5363 374 374
5364 374 374
5365 374 374
5366 374 374
5367 374 374
5368 374 374
5369 374 374
5370 374 374
5371 374 374
5372 374 374
5373 374 374
5374 374 374
5375 374 374
5376 374 374
5377 374 374
5378 374 374
5379 374 374
5380 374 374
5381 374 374
5382 374 374
5383 374 374
5384 374 374
5385 374 374
5386 374 374
5387 374 374
5388 374 374
5389 374 374
5390 374 374
5391 374 374
5392 374 374
5393 374 374
5394 374 374
5395 374 374
5396 374 374
5397 374 374
5398 374 374
5399 374 374
5400 374 374
5401 374 374
5402 374 374
5403 374 374
5404 374 374
5405 374 374
5406 374 374
5407 374 374
5408 374 374
5409 374 374
5410 374 374
5411 374 374
5412 374 374
5413 374 374
5414 374 374
5415 374 374
5416 374 374
5417 374 374
5418 374 374
5419 374 374
5420 374 374
5421 374 374
5422 374 374
5423 374 374
5424 374 374
5425 374 374
5426 374 374
5427 374 374
5428 374 374
5429 374 374
5430 374 374
5431 374 374
5432 374 374
5433 374 374
5434 374 374
5435 374 374
5436 374 374
5437 374 374
5438 374 374
5439 374 374
5440 374 374
5441 374 374
5442 374 374
5443 374 374
5444 374 374
5445 374 374
5446 374 374
5447 374 374
5448 374 374
5449 374 374
5450 374 374
5451 374 374
5452 374 374
5453 374 374
5454 374 374
5455 374 374
5456 374 374
5457 374 374
5458 374 374
5459 374 374
5460 374 374
5461 374 374
5462 374 374
5463 374 374
5464 374 374
5465 374 374
5466 374 374
5467 374 374
5468 374 374
5469 374 374
5470 374 374
5471 374 374
5472 374 374
5473 374 374
5474 374 374
5475 374 374
5476 374 374
5477 374 374
5478 374 374
5479 374 374
5480 374 374
5481 374 374
5482 374 374
5483 374 374
5484 374 374
5485 374 374
5486 374 374
5487 374 374
5488 374 374
5489 374 374
5490 374 374
5491 374 374
5492 374 374
5493 374 374
5494 374 374
5495 374 374
5496 374 374
5497 374 374
5498 374 374
5499 374 374
5500 374 374
5501 374 374
5502 374 374
5503 374 374
5504 374 374
5505 374 374
5506 374 374
5507 374 374
5508 374 374
5509 374 374
5510 374 374
5511 374 374
5512 374 374
5513 374 374
5514 374 374
5515 374 374
5516 374 374
5517 374 374
5518 374 374
5519 374 374
5520 374 374
5521 374 374
5522 374 374
5523 374 374
5524 374 374
5525 374 374
5526 374 374
5527 374 374
5528 374 374
5529 374 374
5530 374 374
5531 374 374
5532 374 374
5533 374 374
5534 374 374
5535 374 374
5536 374 374
5537 374 374
5538 374 374
5539 374 374
5540 374 374
5541 374 374
5542 374 374
5543 374 374
5544 374 374
5545 374 374
5546 374 374
5547 374 374
5548 374 374
5549 374 374
5550 374 374
5551 374 374
5552 374 374
5553 374 374
5554 374 374
5555 374 374
5556 374 374
5557 374 374
5558 374 374
5559 374 374
5560 374 374
5561 374 374
5562 374 374
5563 374 374
5564 374 374
5565 374 374
5566 374 374
5567 374 374
5568 374 374
5569 374 374
5570 374 374
5571 374 374
5572 374 374
5573 374 374
5574 374 374
5575 374 374
5576 374 374
5577 374 374
5578 374 374
5579 374 374
5580 374 374
5581 374 374
5582 374 374
5583 374 374
5584 374 374
5585 374 374
5586 374 374
5587 374 374
5588 374 374
5589 374 374
5590 374 374
5591 374 374
5592 374 374
5593 374 374
5594 374 374
5595 374 374
5596 374 374
5597 374 374
5598 374 374
5599 374 374
5600 374 374
5601 374 374
5602 374 374
5603 374 374
5604 374 374
5605 374 374
5606 374 374
5607 374 374
5608 374 374
5609 374 374
5610 374 374
5611 374 374
5612 374 374
5613 374 374
5614 374 374
5615 374 374
5616 374 374
5617 374 374
5618 374 374
5619 374 374
5620 374 374
5621 374 374
5622 374 374
5623 374 374
5624 374 374
5625 374 374
5626 374 374
5627 374 374
5628 374 374
5629 374 374
5630 374 374
5631 374 374
5632 374 374
5633 374 374
5634 374 374
5635 374 374
5636 374 374
5637 374 374
5638 374 374
5639 374 374
5640 374 374
5641 374 374
5642 374 374
5643 374 374
5644 374 374
5645 374 374
5646 374 374
5647 374 374
5648 374 374
5649 374 374
5650 374 374
5651 374 374
5652 374 374
5653 374 374
5654 374 374
5655 374 374
5656 374 374
5657 374 374
5658 374 374
5659 374 374
5660 374 374
5661 374 374
5662 374 374
5663 374 374
5664 374 374
5665 374 374
5666 374 374
5667 374 374
5668 374 374
5669 374 374
5670 374 374
5671 374 374
5672 374 374
5673 374 374
5674 374 374
5675 374 374
5676 374 374
5677 374 374
5678 374 374
5679 374 374
5680 374 374
5681 374 374
5682 374 374
5683 374 374
5684 374 374
5685 374 374
5686 374 374
5687 374 374
5688 374 374
5689 374 374
5690 374 374
5691 374 374
5692 374 374
5693 374 374
5694 374 374
5695 374 374
5696 374 374
5697 374 374
5698 374 374
5699 374 374
5700 374 374
5701 374 374
5702 374 374
5703 374 374
5704 374 374
5705 374 374
5706 374 374
5707 374 374
5708 374 374
5709 374 374
5710 374 374
5711 374 374
5712 374 374
5713 374 374
5714 374 374
5715 374 374
5716 374 374
5717 374 374
5718 374 374
5719 374 374
5720 374 374
5721 374 374
5722 374 374
5723 374 374
5724 374 374
5725 374 374
5726 374 374
5727 374 374
5728 374 374
5729 374 374
5730 374 374
5731 374 374
5732 374 374
5733 374 374
5734 374 374
5735 374 374
5736 374 374
5737 374 374
5738 374 374
5739 374 374
5740 374 374
5741 374 374
5742 374 374
5743 374 374
5744 374 374
5745 374 374
5746 374 374
5747 374 374
5748 374 374
5749 374 374
5750 374 374
5751 374 374
5752 374 374
5753 374 374
5754 374 374
5755 374 374
5756 374 374
5757 374 374
5758 374 374
5759 374 374
5760 374 374
5761 374 374
5762 374 374
5763 374 374
5764 374 374
5765 374 374
5766 374 374
5767 374 374
5768 374 374
5769 374 374
5770 374 374
5771 374 374
5772 374 374
5773 374 374
5774 374 374
5775 374 374
5776 374 374
5777 374 374
5778 374 374
5779 374 374
5780 374 374
5781 374 374
5782 374 374
5783 374 374
5784 374 374
5785 374 374
5786 374 374
5787 374 374
5788 374 374
5789 374 374
5790 374 374
5791 374 374
5792 374 374
5793 374 374
5794 374 374
5795 374 374
5796 374 374
5797 374 374
5798 374 374
5799 374 374
5800 374 374
5801 374 374
5802 374 374
5803 374 374
5804 374 374
5805 374 374
5806 374 374
5807 374 374
5808 374 374
5809 374 374
5810 374 374
5811 374 374
5812 374 374
5813 374 374
5814 374 374
5815 374 374
5816 374 374
5817 374 374
5818 374 374
5819 374 374
5820 374 374
5821 374 374
5822 374 374
5823 374 374
5824 374 374
5825 374 374
5826 374 374
5827 374 374
5828 374 374
5829 374 374
5830 374 374
5831 374 374
5832 374 374
5833 374 374
5834 374 374
5835 374 374
5836 374 374
5837 374 374
5838 374 374
5839 374 374
5840 374 374
5841 374 374
5842 374 374
5843 374 374
5844 374 374
5845 374 374
5846 374 374
5847 374 374
5848 374 374
5849 374 374
5850 374 374
5851 374 374
5852 374 374
5853 374 374
5854 374 374
5855 374 374
5856 374 374
5857 374 374
5858 374 374
5859 374 374
5860 374 374
5861 374 374
5862 374 374
5863 374 374
5864 374 374
5865 374 374
5866 374 374
5867 374 374
5868 374 374
5869 374 374
5870 374 374
5871 374 374
5872 374 374
5873 374 374
5874 374 374
5875 374 374
5876 374 374
5877 374 374
5878 374 374
5879 374 374
5880 374 374
5881 374 374
5882 374 374
5883 374 374
5884 374 374
5885 374 374
5886 374 374
5887 374 374
5888 374 374
5889 374 374
5890 374 374
5891 374 374
5892 374 374
5893 374 374
5894 374 374
5895 374 374
5896 374 374
5897 374 374
5898 374 374
5899 374 374
5900 374 374
5901 374 374
5902 374 374
5903 374 374
5904 374 374
5905 374 374
5906 374 374
5907 374 374
5908 374 374
5909 374 374
5910 374 374
5911 374 374
5912 374 374
5913 374 374
5914 374 374
5915 374 374
5916 374 374
5917 374 374
5918 374 374
5919 374 374
5920 374 374
5921 374 374
5922 374 374
5923 374 374
5924 374 374
5925 374 374
5926 374 374
5927 374 374
5928 374 374
5929 374 374
5930 374 374
5931 374 374
5932 374 374
5933 374 374
5934 374 374
5935 374 374
5936 374 374
5937 374 374
5938 374 374
5939 374 374
5940 374 374
5941 374 374
5942 374 374
5943 374 374
5944 374 374
5945 374 374
5946 374 374
5947 374 374
5948 374 374
5949 374 374
5950 374 374
5951 374 374
5952 374 374
5953 374 374
5954 374 374
5955 374 374
5956 374 374
5957 374 374
5958 374 374
5959 374 374
5960 374 374
5961 374 374
5962 374 374
5963 374 374
5964 374 374
5965 374 374
5966 374 374
5967 374 374
5968 374 374
5969 374 374
5970 374 374
5971 374 374
5972 374 374
5973 374 374
5974 374 374
5975 374 374
5976 374 374
5977 374 374
5978 374 374
5979 374 374
5980 374 374
5981 374 374
5982 374 374
5983 374 374
5984 374 374
5985 374 374
5986 374 374
5987 374 374
5988 374 374
5989 374 374
5990 374 374
5991 374 374
5992 374 374
5993 374 374
5994 374 374
5995 374 374
5996 374 374
5997 374 374
5998 374 374
5999 374 374
6000 374 374
6001 374 374
6002 374 374
6003 374 374
6004 374 374
6005 374 374
6006 374 374
6007 374 374
6008 374 374
6009 374 374
6010 374 374
6011 374 374
6012 374 374
6013 374 374
6014 374 374
6015 374 374
6016 374 374
6017 374 374
6018 374 374
6019 374 374
6020 374 374
6021 374 374
6022 374 374
6023 374 374
6024 374 374
6025 374 374
6026 374 374
6027 374 374
6028 374 374
6029 374 374
6030 374 374
6031 374 374
6032 374 374
6033 374 374
6034 374 374
6035 374 374
6036 374 374
6037 374 374
6038 374 374
6039 374 374
6040 374 374
6041 374 374
6042 374 374
6043 374 374
6044 374 374
6045 374 374
6046 374 374
6047 374 374
6048 374 374
6049 374 374
6050 374 374
6051 374 374
6052 374 374
6053 374 374
6054 374 374
6055 374 374
6056 374 374
6057 374 374
6058 374 374
6059 374 374
6060 374 374
6061 374 374
6062 374 374
6063 374 374
6064 374 374
6065 374 374
6066 374 374
6067 374 374
6068 374 374
6069 374 374
6070 374 374
6071 374 374
6072 374 374
6073 374 374
6074 374 374
6075 374 374
6076 374 374
6077 374 374
6078 374 374
6079 374 374
6080 374 374
6081 374 374
6082 374 374
6083 374 374
6084 374 374
6085 374 374
6086 374 374
6087 374 374
6088 374 374
6089 374 374
6090 374 374
6091 374 374
6092 374 374
6093 374 374
6094 374 374
6095 374 374
6096 374 374
6097 374 374
6098 374 374
6099 374 374
6100 374 374
6101 374 374
6102 374 374
6103 374 374
6104 374 374
6105 374 374
6106 374 374
6107 374 374
6108 374 374
6109 374 374
6110 374 374
6111 374 374
6112 374 374
6113 374 374
6114 374 374
6115 374 374
6116 374 374
6117 374 374
6118 374 374
6119 374 374
6120 374 374
6121 374 374
