iter "mejor iteracion actual" "mejor encontrado"
0 421 421
1 418 421
2 422 422
3 420 422
4 426 426
5 419 426
6 417 426
7 422 426
8 421 426
9 418 426
10 424 426
11 414 426
12 422 426
13 421 426
14 419 426
15 416 426
16 421 426
17 422 426
18 419 426
19 416 426
20 419 426
21 417 426
22 417 426
23 417 426
24 421 426
25 420 426
26 423 426
27 422 426
28 417 426
29 420 426
30 416 426
31 421 426
32 420 426
33 422 426
34 416 426
35 420 426
36 423 426
37 422 426
38 419 426
39 419 426
40 421 426
41 417 426
42 425 426
43 418 426
44 425 426
45 418 426
46 424 426
47 422 426
48 419 426
49 423 426
50 415 426
51 420 426
52 423 426
53 421 426
54 425 426
55 413 426
56 420 426
57 418 426
58 415 426
59 421 426
60 421 426
61 421 426
62 423 426
63 421 426
64 415 426
65 423 426
66 419 426
67 419 426
68 421 426
69 419 426
70 422 426
71 419 426
72 416 426
73 424 426
74 420 426
75 422 426
76 424 426
77 425 426
78 424 426
79 421 426
80 421 426
81 424 426
82 422 426
83 420 426
84 420 426
85 418 426
86 421 426
87 422 426
88 422 426
89 420 426
90 420 426
91 423 426
92 424 426
93 419 426
94 422 426
95 420 426
96 420 426
97 421 426
98 424 426
99 421 426
100 421 426
101 414 426
102 419 426
103 421 426
104 421 426
105 417 426
106 421 426
107 418 426
108 421 426
109 418 426
110 421 426
111 417 426
112 424 426
113 419 426
114 420 426
115 418 426
116 424 426
117 420 426
118 421 426
119 421 426
120 417 426
121 424 426
122 423 426
123 417 426
124 419 426
125 424 426
126 414 426
127 419 426
128 420 426
129 419 426
130 418 426
131 421 426
132 418 426
133 422 426
134 422 426
135 424 426
136 419 426
137 417 426
138 422 426
139 422 426
140 422 426
141 421 426
142 417 426
143 421 426
144 419 426
145 419 426
146 421 426
147 422 426
148 420 426
149 419 426
150 421 426
151 422 426
152 420 426
153 421 426
154 420 426
155 422 426
156 424 426
157 423 426
158 423 426
159 418 426
160 421 426
161 425 426
162 415 426
163 420 426
164 422 426
165 417 426
166 420 426
167 421 426
168 420 426
169 420 426
170 422 426
171 422 426
172 417 426
173 421 426
174 416 426
175 421 426
176 420 426
177 418 426
178 418 426
179 415 426
180 421 426
181 423 426
182 425 426
183 419 426
184 421 426
185 422 426
186 417 426
187 421 426
188 425 426
189 421 426
190 424 426
191 421 426
192 417 426
193 419 426
