0 396 396
1 401 401
2 401 401
3 401 401
4 401 401
5 401 401
6 404 404
7 404 404
8 404 404
9 404 404
10 404 404
11 406 406
12 406 406
13 406 406
14 406 406
15 406 406
16 407 407
17 407 407
18 407 407
19 409 409
20 409 409
21 409 409
22 409 409
23 412 412
24 413 413
25 413 413
26 413 413
27 413 413
28 415 415
29 415 415
30 417 417
31 417 417
32 417 417
33 417 417
34 417 417
35 417 417
36 418 418
37 419 419
38 419 419
39 419 419
40 419 419
41 419 419
42 420 420
43 420 420
44 420 420
45 423 423
46 423 423
47 423 423
48 423 423
49 423 423
50 423 423
51 424 424
52 424 424
53 424 424
54 425 425
55 425 425
56 425 425
57 426 426
58 426 426
59 426 426
60 426 426
61 426 426
62 426 426
63 426 426
64 426 426
65 426 426
66 426 426
67 427 427
68 427 427
69 427 427
70 427 427
71 427 427
72 427 427
73 427 427
74 427 427
75 427 427
76 427 427
77 427 427
78 427 427
79 427 427
80 427 427
81 427 427
82 427 427
83 427 427
84 427 427
85 427 427
86 427 427
87 427 427
88 427 427
89 427 427
90 427 427
91 427 427
92 427 427
93 427 427
94 427 427
95 427 427
96 427 427
97 427 427
98 427 427
99 427 427
100 427 427
101 427 427
102 427 427
103 427 427
104 427 427
105 427 427
106 427 427
107 427 427
108 427 427
109 427 427
110 427 427
111 427 427
112 427 427
113 427 427
114 427 427
115 427 427
116 427 427
117 427 427
118 427 427
119 427 427
120 427 427
121 427 427
122 427 427
123 427 427
124 427 427
125 427 427
126 427 427
127 427 427
128 427 427
129 427 427
130 427 427
131 427 427
132 427 427
133 427 427
134 427 427
135 427 427
136 427 427
137 427 427
138 427 427
139 427 427
140 427 427
141 427 427
142 427 427
143 427 427
144 427 427
145 427 427
146 427 427
147 427 427
148 427 427
149 427 427
150 427 427
151 427 427
152 427 427
153 427 427
154 427 427
155 427 427
156 427 427
157 427 427
158 427 427
159 427 427
160 427 427
161 427 427
162 427 427
163 427 427
164 427 427
165 427 427
166 427 427
167 427 427
168 427 427
169 427 427
170 427 427
171 427 427
172 427 427
173 427 427
174 427 427
175 427 427
176 427 427
177 427 427
178 427 427
179 427 427
180 427 427
181 427 427
182 427 427
183 427 427
184 427 427
185 427 427
186 427 427
187 427 427
188 427 427
189 427 427
190 427 427
191 427 427
192 427 427
193 427 427
194 427 427
195 427 427
196 427 427
197 427 427
198 427 427
199 427 427
200 427 427
201 427 427
202 427 427
203 427 427
204 427 427
205 427 427
206 427 427
207 427 427
208 427 427
209 427 427
210 427 427
211 427 427
212 427 427
213 427 427
214 427 427
215 427 427
216 427 427
217 427 427
218 427 427
219 427 427
220 427 427
221 427 427
222 427 427
223 427 427
224 427 427
225 427 427
226 427 427
227 427 427
228 427 427
229 427 427
230 427 427
231 427 427
232 427 427
233 427 427
234 427 427
235 427 427
236 427 427
237 427 427
238 427 427
239 427 427
240 427 427
241 427 427
242 427 427
243 427 427
244 427 427
245 427 427
246 427 427
247 427 427
248 427 427
249 427 427
250 427 427
251 427 427
252 427 427
253 427 427
254 427 427
255 427 427
256 427 427
257 427 427
258 427 427
259 427 427
260 427 427
261 427 427
262 427 427
263 427 427
264 427 427
265 427 427
266 427 427
267 427 427
268 427 427
269 427 427
270 427 427
271 427 427
272 427 427
273 427 427
274 427 427
275 427 427
276 427 427
277 427 427
278 427 427
279 427 427
280 427 427
281 427 427
282 427 427
283 427 427
284 427 427
285 427 427
286 427 427
287 427 427
288 427 427
289 427 427
290 427 427
291 427 427
292 427 427
293 427 427
294 427 427
295 427 427
296 427 427
297 427 427
298 427 427
299 427 427
300 427 427
301 427 427
302 427 427
303 427 427
304 427 427
305 427 427
306 427 427
307 427 427
308 427 427
309 427 427
310 427 427
311 427 427
312 427 427
313 427 427
314 427 427
315 427 427
316 427 427
317 427 427
318 427 427
319 427 427
320 427 427
321 427 427
322 427 427
323 427 427
324 427 427
325 427 427
326 427 427
327 427 427
328 427 427
329 427 427
330 427 427
331 427 427
332 427 427
333 427 427
334 427 427
335 427 427
336 427 427
337 427 427
338 427 427
339 427 427
340 427 427
341 427 427
342 427 427
343 427 427
344 427 427
345 427 427
346 427 427
347 427 427
348 427 427
349 427 427
350 427 427
351 427 427
352 427 427
353 427 427
354 427 427
355 427 427
356 427 427
357 427 427
358 427 427
359 427 427
360 427 427
361 427 427
362 427 427
363 427 427
364 427 427
365 427 427
366 427 427
367 427 427
368 427 427
369 427 427
370 427 427
371 427 427
372 427 427
373 427 427
374 427 427
375 427 427
376 427 427
377 427 427
378 427 427
379 427 427
380 427 427
381 427 427
382 427 427
383 427 427
384 427 427
385 427 427
386 427 427
387 427 427
388 427 427
389 427 427
390 427 427
391 427 427
392 427 427
393 427 427
394 427 427
395 427 427
396 427 427
397 427 427
398 427 427
399 427 427
400 427 427
401 427 427
402 427 427
403 427 427
404 427 427
405 427 427
406 427 427
407 427 427
408 427 427
409 427 427
410 427 427
411 427 427
412 427 427
413 427 427
414 427 427
415 427 427
416 427 427
417 427 427
418 427 427
419 427 427
420 427 427
421 427 427
422 427 427
423 427 427
424 427 427
425 427 427
426 427 427
427 427 427
428 427 427
429 427 427
430 427 427
431 427 427
432 427 427
433 427 427
434 427 427
435 427 427
436 427 427
437 427 427
438 427 427
439 427 427
440 427 427
441 427 427
442 427 427
443 427 427
444 427 427
445 427 427
446 427 427
447 427 427
448 427 427
449 427 427
450 427 427
451 427 427
452 427 427
453 427 427
454 427 427
455 427 427
456 427 427
457 427 427
458 427 427
459 427 427
460 427 427
461 427 427
462 427 427
463 427 427
464 427 427
465 427 427
466 427 427
467 427 427
468 427 427
469 427 427
470 427 427
471 427 427
472 427 427
473 427 427
474 427 427
475 427 427
476 427 427
477 427 427
478 427 427
479 427 427
480 427 427
481 427 427
482 427 427
483 427 427
484 427 427
485 427 427
486 427 427
487 427 427
488 427 427
489 427 427
490 427 427
491 427 427
492 427 427
493 427 427
494 427 427
495 427 427
496 427 427
497 427 427
498 427 427
499 427 427
500 427 427
501 427 427
502 427 427
503 427 427
504 427 427
505 427 427
506 427 427
507 427 427
508 427 427
509 427 427
510 427 427
511 427 427
512 427 427
513 427 427
514 427 427
515 427 427
516 427 427
517 427 427
518 427 427
519 427 427
520 427 427
521 427 427
522 427 427
523 427 427
524 427 427
525 427 427
526 427 427
527 427 427
528 427 427
529 427 427
530 427 427
531 427 427
532 427 427
533 427 427
534 427 427
535 427 427
536 427 427
537 427 427
538 427 427
539 427 427
540 427 427
541 427 427
542 427 427
543 427 427
544 427 427
545 427 427
546 427 427
547 427 427
548 427 427
549 427 427
550 427 427
551 427 427
552 427 427
553 427 427
554 427 427
555 427 427
556 427 427
557 427 427
558 427 427
559 427 427
560 427 427
561 427 427
562 427 427
563 427 427
564 427 427
565 427 427
566 427 427
567 427 427
568 427 427
569 427 427
570 427 427
571 427 427
572 427 427
573 427 427
574 427 427
575 427 427
576 427 427
577 427 427
578 427 427
579 427 427
580 427 427
581 427 427
582 427 427
583 427 427
584 427 427
585 427 427
586 427 427
587 427 427
588 427 427
589 427 427
590 427 427
591 427 427
592 427 427
593 427 427
594 427 427
595 427 427
596 427 427
597 427 427
598 427 427
599 427 427
600 427 427
601 427 427
602 427 427
603 427 427
604 427 427
605 427 427
606 427 427
607 427 427
608 427 427
609 427 427
610 427 427
611 427 427
612 427 427
613 427 427
614 427 427
615 427 427
616 427 427
617 427 427
618 427 427
619 427 427
620 427 427
621 427 427
622 427 427
623 427 427
624 427 427
625 427 427
626 427 427
627 427 427
628 427 427
629 427 427
630 427 427
631 427 427
632 427 427
633 427 427
634 427 427
635 427 427
636 427 427
637 427 427
638 427 427
639 427 427
640 427 427
641 427 427
642 427 427
643 427 427
644 427 427
645 427 427
646 427 427
647 427 427
648 427 427
649 427 427
650 427 427
651 427 427
652 427 427
653 427 427
654 427 427
655 427 427
656 427 427
657 427 427
658 427 427
659 427 427
660 427 427
661 427 427
662 427 427
663 427 427
664 427 427
665 427 427
666 427 427
667 427 427
668 427 427
669 427 427
670 427 427
671 427 427
672 427 427
673 427 427
674 427 427
675 427 427
676 427 427
677 427 427
678 427 427
679 427 427
680 427 427
681 427 427
682 427 427
683 427 427
684 427 427
685 427 427
686 427 427
687 427 427
688 427 427
689 427 427
690 427 427
691 427 427
692 427 427
693 427 427
694 427 427
695 427 427
696 427 427
697 427 427
698 427 427
699 427 427
700 427 427
701 427 427
702 427 427
703 427 427
704 427 427
705 427 427
706 427 427
707 427 427
708 427 427
709 427 427
710 427 427
711 427 427
712 427 427
713 427 427
714 427 427
715 427 427
716 427 427
717 427 427
718 427 427
719 427 427
720 427 427
721 427 427
722 427 427
723 427 427
724 427 427
725 427 427
726 427 427
727 427 427
728 427 427
729 427 427
730 427 427
731 427 427
732 427 427
733 427 427
734 427 427
735 427 427
736 427 427
737 427 427
738 427 427
739 427 427
740 427 427
741 427 427
742 427 427
743 427 427
744 427 427
745 427 427
746 427 427
747 427 427
748 427 427
749 427 427
750 427 427
751 427 427
752 427 427
753 427 427
754 427 427
755 427 427
756 427 427
757 427 427
758 427 427
759 427 427
760 427 427
761 427 427
762 427 427
763 427 427
764 427 427
765 427 427
766 427 427
767 427 427
768 427 427
769 427 427
770 427 427
771 427 427
772 427 427
773 427 427
774 427 427
775 427 427
776 427 427
777 427 427
778 427 427
779 427 427
780 427 427
781 427 427
782 427 427
783 427 427
784 427 427
785 427 427
786 427 427
787 427 427
788 427 427
789 427 427
790 427 427
791 427 427
792 427 427
793 427 427
794 427 427
795 427 427
796 427 427
797 427 427
798 427 427
799 427 427
800 427 427
801 427 427
802 427 427
803 427 427
804 427 427
805 427 427
806 427 427
807 427 427
808 427 427
809 427 427
810 427 427
811 427 427
812 427 427
813 427 427
814 427 427
815 427 427
816 427 427
817 427 427
818 427 427
819 427 427
820 427 427
821 427 427
822 427 427
823 427 427
824 427 427
825 427 427
826 427 427
827 427 427
828 427 427
829 427 427
830 427 427
831 427 427
832 427 427
833 427 427
834 427 427
835 427 427
836 427 427
837 427 427
838 427 427
839 427 427
840 427 427
841 427 427
842 427 427
843 427 427
844 427 427
845 427 427
846 427 427
847 427 427
848 427 427
849 427 427
850 427 427
851 427 427
852 427 427
853 427 427
854 427 427
855 427 427
856 427 427
857 427 427
858 427 427
859 427 427
860 427 427
861 427 427
862 427 427
863 427 427
864 427 427
865 427 427
866 427 427
867 427 427
868 427 427
869 427 427
870 427 427
871 427 427
872 427 427
873 427 427
874 427 427
875 427 427
876 427 427
877 427 427
878 427 427
879 427 427
880 427 427
881 427 427
882 427 427
883 427 427
884 427 427
885 427 427
886 427 427
887 427 427
888 427 427
889 427 427
890 427 427
891 427 427
892 427 427
893 427 427
894 427 427
895 427 427
896 427 427
897 427 427
898 427 427
899 427 427
900 427 427
901 427 427
902 427 427
903 427 427
904 427 427
905 427 427
906 427 427
907 427 427
908 427 427
909 427 427
910 427 427
911 427 427
912 427 427
913 427 427
914 427 427
915 427 427
916 427 427
917 427 427
918 427 427
919 427 427
920 427 427
921 427 427
922 427 427
923 427 427
924 427 427
925 427 427
926 427 427
927 427 427
928 427 427
929 427 427
930 427 427
931 427 427
932 427 427
933 427 427
934 427 427
935 427 427
936 427 427
937 427 427
938 427 427
939 427 427
940 427 427
941 427 427
942 427 427
943 427 427
944 427 427
945 427 427
946 427 427
947 427 427
948 427 427
949 427 427
950 427 427
951 427 427
952 427 427
953 427 427
954 427 427
955 427 427
956 427 427
957 427 427
958 427 427
959 427 427
960 427 427
961 427 427
962 427 427
963 427 427
964 427 427
965 427 427
966 427 427
967 427 427
968 427 427
969 427 427
970 427 427
971 427 427
972 427 427
973 427 427
974 427 427
975 427 427
976 427 427
977 427 427
978 427 427
979 427 427
980 427 427
981 427 427
982 427 427
983 427 427
984 427 427
985 427 427
986 427 427
987 427 427
988 427 427
989 427 427
990 427 427
991 427 427
992 427 427
993 427 427
994 427 427
995 427 427
996 427 427
997 427 427
998 427 427
999 427 427
1000 427 427
1001 427 427
1002 427 427
1003 427 427
1004 427 427
1005 427 427
1006 427 427
1007 427 427
1008 427 427
1009 427 427
1010 427 427
1011 427 427
1012 427 427
1013 427 427
1014 427 427
1015 427 427
1016 427 427
1017 427 427
1018 427 427
1019 427 427
1020 427 427
1021 427 427
1022 427 427
1023 427 427
1024 427 427
1025 427 427
1026 427 427
1027 427 427
1028 427 427
1029 427 427
1030 427 427
1031 427 427
1032 427 427
1033 427 427
1034 427 427
1035 427 427
1036 427 427
1037 427 427
1038 427 427
1039 427 427
1040 427 427
1041 427 427
1042 427 427
1043 427 427
1044 427 427
1045 427 427
1046 427 427
1047 427 427
1048 427 427
1049 427 427
1050 427 427
1051 427 427
1052 427 427
1053 427 427
1054 427 427
1055 427 427
1056 427 427
1057 427 427
1058 427 427
1059 427 427
1060 427 427
1061 427 427
1062 427 427
1063 427 427
1064 427 427
1065 427 427
1066 427 427
1067 427 427
1068 427 427
1069 427 427
1070 427 427
1071 427 427
1072 427 427
1073 427 427
1074 427 427
1075 427 427
1076 427 427
1077 427 427
1078 427 427
1079 427 427
1080 427 427
1081 427 427
1082 427 427
1083 427 427
1084 427 427
1085 427 427
1086 427 427
1087 427 427
1088 427 427
1089 427 427
1090 427 427
1091 427 427
1092 427 427
1093 427 427
1094 427 427
1095 427 427
1096 427 427
1097 427 427
1098 427 427
1099 427 427
1100 427 427
1101 427 427
1102 427 427
1103 427 427
1104 427 427
1105 427 427
1106 427 427
1107 427 427
1108 427 427
1109 427 427
1110 427 427
1111 427 427
1112 427 427
1113 427 427
1114 427 427
1115 427 427
1116 427 427
1117 427 427
1118 427 427
1119 427 427
1120 427 427
1121 427 427
1122 427 427
1123 427 427
1124 427 427
1125 427 427
1126 427 427
1127 427 427
1128 427 427
1129 427 427
1130 427 427
1131 427 427
1132 427 427
1133 427 427
1134 427 427
1135 427 427
1136 427 427
1137 427 427
1138 427 427
1139 427 427
1140 427 427
1141 427 427
1142 427 427
1143 427 427
1144 427 427
1145 427 427
1146 427 427
1147 427 427
1148 427 427
1149 427 427
1150 427 427
1151 427 427
1152 427 427
1153 427 427
1154 427 427
1155 427 427
1156 427 427
1157 427 427
1158 427 427
1159 427 427
1160 427 427
1161 427 427
1162 427 427
1163 427 427
1164 427 427
1165 427 427
1166 427 427
1167 427 427
1168 427 427
1169 427 427
1170 427 427
1171 427 427
1172 427 427
1173 427 427
1174 427 427
1175 427 427
1176 427 427
1177 427 427
1178 427 427
1179 427 427
1180 427 427
1181 427 427
1182 427 427
1183 427 427
1184 427 427
1185 427 427
1186 427 427
1187 427 427
1188 427 427
1189 427 427
1190 427 427
1191 427 427
1192 427 427
1193 427 427
1194 427 427
1195 427 427
1196 427 427
1197 427 427
1198 427 427
1199 427 427
1200 427 427
1201 427 427
1202 427 427
1203 427 427
1204 427 427
1205 427 427
1206 427 427
1207 427 427
1208 427 427
1209 427 427
1210 427 427
1211 427 427
1212 427 427
1213 427 427
1214 427 427
1215 427 427
1216 427 427
1217 427 427
1218 427 427
1219 427 427
1220 427 427
1221 427 427
1222 427 427
1223 427 427
1224 427 427
1225 427 427
1226 427 427
1227 427 427
1228 427 427
1229 427 427
1230 427 427
1231 427 427
1232 427 427
1233 427 427
1234 427 427
1235 427 427
1236 427 427
1237 427 427
1238 427 427
1239 427 427
1240 427 427
1241 427 427
1242 427 427
1243 427 427
1244 427 427
1245 427 427
1246 427 427
1247 427 427
1248 427 427
1249 427 427
1250 427 427
1251 427 427
1252 427 427
1253 427 427
1254 427 427
1255 427 427
1256 427 427
1257 427 427
1258 427 427
1259 427 427
1260 427 427
1261 427 427
1262 427 427
1263 427 427
1264 427 427
1265 427 427
1266 427 427
1267 427 427
1268 427 427
1269 427 427
1270 427 427
1271 427 427
1272 427 427
1273 427 427
1274 427 427
1275 427 427
1276 427 427
1277 427 427
1278 427 427
1279 427 427
1280 427 427
1281 427 427
1282 427 427
1283 427 427
1284 427 427
1285 427 427
1286 427 427
1287 427 427
1288 427 427
1289 427 427
1290 427 427
1291 427 427
1292 427 427
1293 427 427
1294 427 427
1295 427 427
1296 427 427
1297 427 427
1298 427 427
1299 427 427
1300 427 427
1301 427 427
1302 427 427
1303 427 427
1304 427 427
1305 427 427
1306 427 427
1307 427 427
1308 427 427
1309 427 427
1310 427 427
1311 427 427
1312 427 427
1313 427 427
1314 427 427
1315 427 427
1316 427 427
1317 427 427
1318 427 427
1319 427 427
1320 427 427
1321 427 427
1322 427 427
1323 427 427
1324 427 427
1325 427 427
1326 427 427
1327 427 427
1328 427 427
1329 427 427
1330 427 427
1331 427 427
1332 427 427
1333 427 427
1334 427 427
1335 427 427
1336 427 427
1337 427 427
1338 427 427
1339 427 427
1340 427 427
1341 427 427
1342 427 427
1343 427 427
1344 427 427
1345 427 427
1346 427 427
1347 427 427
1348 427 427
1349 427 427
1350 427 427
1351 427 427
1352 427 427
1353 427 427
1354 427 427
1355 427 427
1356 427 427
1357 427 427
1358 427 427
1359 427 427
1360 427 427
1361 427 427
1362 427 427
1363 427 427
1364 427 427
1365 427 427
1366 427 427
1367 427 427
1368 427 427
1369 427 427
1370 427 427
1371 427 427
1372 427 427
1373 427 427
1374 427 427
1375 427 427
1376 427 427
1377 427 427
1378 427 427
1379 427 427
1380 427 427
1381 427 427
1382 427 427
1383 427 427
1384 427 427
1385 427 427
1386 427 427
1387 427 427
1388 427 427
1389 427 427
1390 427 427
1391 427 427
1392 427 427
1393 427 427
1394 427 427
1395 427 427
1396 427 427
1397 427 427
1398 427 427
1399 427 427
1400 427 427
1401 427 427
1402 427 427
1403 427 427
1404 427 427
1405 427 427
1406 427 427
1407 427 427
1408 427 427
1409 427 427
1410 427 427
1411 427 427
1412 427 427
1413 427 427
1414 427 427
1415 427 427
1416 427 427
1417 427 427
1418 427 427
1419 427 427
1420 427 427
1421 427 427
1422 427 427
1423 427 427
1424 427 427
1425 427 427
1426 427 427
1427 427 427
1428 427 427
1429 427 427
1430 427 427
1431 427 427
1432 427 427
1433 427 427
1434 427 427
1435 427 427
1436 427 427
1437 427 427
1438 427 427
1439 427 427
1440 427 427
1441 427 427
1442 427 427
1443 427 427
1444 427 427
1445 427 427
1446 427 427
1447 427 427
1448 427 427
1449 427 427
1450 427 427
1451 427 427
1452 427 427
1453 427 427
1454 427 427
1455 427 427
1456 427 427
1457 427 427
1458 427 427
1459 427 427
1460 427 427
1461 427 427
1462 427 427
1463 427 427
1464 427 427
1465 427 427
1466 427 427
1467 427 427
1468 427 427
1469 427 427
1470 427 427
1471 427 427
1472 427 427
1473 427 427
1474 427 427
1475 427 427
1476 427 427
1477 427 427
1478 427 427
1479 427 427
1480 427 427
1481 427 427
1482 427 427
1483 427 427
1484 427 427
1485 427 427
1486 427 427
1487 427 427
1488 427 427
1489 427 427
1490 427 427
1491 427 427
1492 427 427
1493 427 427
1494 427 427
1495 427 427
1496 427 427
1497 427 427
1498 427 427
1499 427 427
1500 427 427
1501 427 427
1502 427 427
1503 427 427
1504 427 427
1505 427 427
1506 427 427
1507 427 427
1508 427 427
1509 427 427
1510 427 427
1511 427 427
1512 427 427
1513 427 427
1514 427 427
1515 427 427
1516 427 427
1517 427 427
1518 427 427
1519 427 427
1520 427 427
1521 427 427
1522 427 427
1523 427 427
1524 427 427
1525 427 427
1526 427 427
1527 427 427
1528 427 427
1529 427 427
1530 427 427
1531 427 427
1532 427 427
1533 427 427
1534 427 427
1535 427 427
1536 427 427
1537 427 427
1538 427 427
1539 427 427
1540 427 427
1541 427 427
1542 427 427
1543 427 427
1544 427 427
1545 427 427
1546 427 427
1547 427 427
1548 427 427
1549 427 427
1550 427 427
1551 427 427
1552 427 427
1553 427 427
1554 427 427
1555 427 427
1556 427 427
1557 427 427
1558 427 427
1559 427 427
1560 427 427
1561 427 427
1562 427 427
1563 427 427
1564 427 427
1565 427 427
1566 427 427
1567 427 427
1568 427 427
1569 427 427
1570 427 427
1571 427 427
1572 427 427
1573 427 427
1574 427 427
1575 427 427
1576 427 427
1577 427 427
1578 427 427
1579 427 427
1580 427 427
1581 427 427
1582 427 427
1583 427 427
1584 427 427
1585 427 427
1586 427 427
1587 427 427
1588 427 427
1589 427 427
1590 427 427
1591 427 427
1592 427 427
1593 427 427
1594 427 427
1595 427 427
1596 427 427
1597 427 427
1598 427 427
1599 427 427
1600 427 427
1601 427 427
1602 427 427
1603 427 427
1604 427 427
1605 427 427
1606 427 427
1607 427 427
1608 427 427
1609 427 427
1610 427 427
1611 427 427
1612 427 427
1613 427 427
1614 427 427
1615 427 427
1616 427 427
1617 427 427
1618 427 427
1619 427 427
1620 427 427
1621 427 427
1622 427 427
1623 427 427
1624 427 427
1625 427 427
1626 427 427
1627 427 427
1628 427 427
1629 427 427
1630 427 427
1631 427 427
1632 427 427
1633 427 427
1634 427 427
1635 427 427
1636 427 427
1637 427 427
1638 427 427
1639 427 427
1640 427 427
1641 427 427
1642 427 427
1643 427 427
1644 427 427
1645 427 427
1646 427 427
1647 427 427
1648 427 427
1649 427 427
1650 427 427
1651 427 427
1652 427 427
1653 427 427
1654 427 427
1655 427 427
1656 427 427
1657 427 427
1658 427 427
1659 427 427
1660 427 427
1661 427 427
1662 427 427
1663 427 427
1664 427 427
1665 427 427
1666 427 427
1667 427 427
1668 427 427
1669 427 427
1670 427 427
1671 427 427
1672 427 427
1673 427 427
1674 427 427
1675 427 427
1676 427 427
1677 427 427
1678 427 427
1679 427 427
1680 427 427
1681 427 427
1682 427 427
1683 427 427
1684 427 427
1685 427 427
1686 427 427
1687 427 427
1688 427 427
1689 427 427
1690 427 427
1691 427 427
1692 427 427
1693 427 427
1694 427 427
1695 427 427
1696 427 427
1697 427 427
1698 427 427
1699 427 427
1700 427 427
1701 427 427
1702 427 427
1703 427 427
1704 427 427
1705 427 427
1706 427 427
1707 427 427
1708 427 427
1709 427 427
1710 427 427
1711 427 427
1712 427 427
1713 427 427
1714 427 427
1715 427 427
1716 427 427
1717 427 427
1718 427 427
1719 427 427
1720 427 427
1721 427 427
1722 427 427
1723 427 427
1724 427 427
1725 427 427
1726 427 427
1727 427 427
1728 427 427
1729 427 427
1730 427 427
1731 427 427
1732 427 427
1733 427 427
1734 427 427
1735 427 427
1736 427 427
1737 427 427
1738 427 427
1739 427 427
1740 427 427
1741 427 427
1742 427 427
1743 427 427
1744 427 427
1745 427 427
1746 427 427
1747 427 427
1748 427 427
1749 427 427
1750 427 427
1751 427 427
1752 427 427
1753 427 427
1754 427 427
1755 427 427
1756 427 427
1757 427 427
1758 427 427
1759 427 427
1760 427 427
1761 427 427
1762 427 427
1763 427 427
1764 427 427
1765 427 427
1766 427 427
1767 427 427
1768 427 427
1769 427 427
1770 427 427
1771 427 427
1772 427 427
1773 427 427
1774 427 427
1775 427 427
1776 427 427
1777 427 427
1778 427 427
1779 427 427
1780 427 427
1781 427 427
1782 427 427
1783 427 427
1784 427 427
1785 427 427
1786 427 427
1787 427 427
1788 427 427
1789 427 427
1790 427 427
1791 427 427
1792 427 427
1793 427 427
1794 427 427
1795 427 427
1796 427 427
1797 427 427
1798 427 427
1799 427 427
1800 427 427
1801 427 427
1802 427 427
1803 427 427
1804 427 427
1805 427 427
1806 427 427
1807 427 427
1808 427 427
1809 427 427
1810 427 427
1811 427 427
1812 427 427
1813 427 427
1814 427 427
1815 427 427
1816 427 427
1817 427 427
1818 427 427
1819 427 427
1820 427 427
1821 427 427
1822 427 427
1823 427 427
1824 427 427
1825 427 427
1826 427 427
1827 427 427
1828 427 427
1829 427 427
1830 427 427
1831 427 427
1832 427 427
1833 427 427
1834 427 427
1835 427 427
1836 427 427
1837 427 427
1838 427 427
1839 427 427
1840 427 427
1841 427 427
1842 427 427
1843 427 427
1844 427 427
1845 427 427
1846 427 427
1847 427 427
1848 427 427
1849 427 427
1850 427 427
1851 427 427
1852 427 427
1853 427 427
1854 427 427
1855 427 427
1856 427 427
1857 427 427
1858 427 427
1859 427 427
1860 427 427
1861 427 427
1862 427 427
1863 427 427
1864 427 427
1865 427 427
1866 427 427
1867 427 427
1868 427 427
1869 427 427
1870 427 427
1871 427 427
1872 427 427
1873 427 427
1874 427 427
1875 427 427
1876 427 427
1877 427 427
1878 427 427
1879 427 427
1880 427 427
1881 427 427
1882 427 427
1883 427 427
1884 427 427
1885 427 427
1886 427 427
1887 427 427
1888 427 427
1889 427 427
1890 427 427
1891 427 427
1892 427 427
1893 427 427
1894 427 427
1895 427 427
1896 427 427
1897 427 427
1898 427 427
1899 427 427
1900 427 427
1901 427 427
1902 427 427
1903 427 427
1904 427 427
1905 427 427
1906 427 427
1907 427 427
1908 427 427
1909 427 427
1910 427 427
1911 427 427
1912 427 427
1913 427 427
1914 427 427
1915 427 427
1916 427 427
1917 427 427
1918 427 427
1919 427 427
1920 427 427
1921 427 427
1922 427 427
1923 427 427
1924 427 427
1925 427 427
1926 427 427
1927 427 427
1928 427 427
1929 427 427
1930 427 427
1931 427 427
1932 427 427
1933 427 427
1934 427 427
1935 427 427
1936 427 427
1937 427 427
1938 427 427
1939 427 427
1940 427 427
1941 427 427
1942 427 427
1943 427 427
1944 427 427
1945 427 427
1946 427 427
1947 427 427
1948 427 427
1949 427 427
1950 427 427
1951 427 427
1952 427 427
1953 427 427
1954 427 427
1955 427 427
1956 427 427
1957 427 427
1958 427 427
1959 427 427
1960 427 427
1961 427 427
1962 427 427
1963 427 427
1964 427 427
1965 427 427
1966 427 427
1967 427 427
1968 427 427
1969 427 427
1970 427 427
1971 427 427
1972 427 427
1973 427 427
1974 427 427
1975 427 427
1976 427 427
1977 427 427
1978 427 427
1979 427 427
1980 427 427
1981 427 427
1982 427 427
1983 427 427
1984 427 427
1985 427 427
1986 427 427
1987 427 427
1988 427 427
1989 427 427
1990 427 427
1991 427 427
1992 427 427
1993 427 427
1994 427 427
1995 427 427
1996 427 427
1997 427 427
1998 427 427
1999 427 427
2000 427 427
2001 427 427
2002 427 427
2003 427 427
2004 427 427
2005 427 427
2006 427 427
2007 427 427
2008 427 427
2009 427 427
2010 427 427
2011 427 427
2012 427 427
2013 427 427
2014 427 427
2015 427 427
2016 427 427
2017 427 427
2018 427 427
2019 427 427
2020 427 427
2021 427 427
2022 427 427
2023 427 427
2024 427 427
2025 427 427
2026 427 427
2027 427 427
2028 427 427
2029 427 427
2030 427 427
2031 427 427
2032 427 427
2033 427 427
2034 427 427
2035 427 427
2036 427 427
2037 427 427
2038 427 427
2039 427 427
2040 427 427
2041 427 427
2042 427 427
2043 427 427
2044 427 427
2045 427 427
2046 427 427
2047 427 427
2048 427 427
2049 427 427
2050 427 427
2051 427 427
2052 427 427
2053 427 427
2054 427 427
2055 427 427
2056 427 427
2057 427 427
2058 427 427
2059 427 427
2060 427 427
2061 427 427
2062 427 427
2063 427 427
2064 427 427
2065 427 427
2066 427 427
2067 427 427
2068 427 427
2069 427 427
2070 427 427
2071 427 427
2072 427 427
2073 427 427
2074 427 427
2075 427 427
2076 427 427
2077 427 427
2078 427 427
2079 427 427
2080 427 427
2081 427 427
2082 427 427
2083 427 427
2084 427 427
2085 427 427
2086 427 427
2087 427 427
2088 427 427
2089 427 427
2090 427 427
2091 427 427
2092 427 427
2093 427 427
2094 427 427
2095 427 427
2096 427 427
2097 427 427
2098 427 427
2099 427 427
2100 427 427
2101 427 427
2102 427 427
2103 427 427
2104 427 427
2105 427 427
2106 427 427
2107 427 427
2108 427 427
2109 427 427
2110 427 427
2111 427 427
2112 427 427
2113 427 427
2114 427 427
2115 427 427
2116 427 427
2117 427 427
2118 427 427
2119 427 427
2120 427 427
2121 427 427
2122 427 427
2123 427 427
2124 427 427
2125 427 427
2126 427 427
2127 427 427
2128 427 427
2129 427 427
2130 427 427
2131 427 427
2132 427 427
2133 427 427
2134 427 427
2135 427 427
2136 427 427
2137 427 427
2138 427 427
2139 427 427
2140 427 427
2141 427 427
2142 427 427
2143 427 427
2144 427 427
2145 427 427
2146 427 427
2147 427 427
2148 427 427
2149 427 427
2150 427 427
2151 427 427
2152 427 427
2153 427 427
2154 427 427
2155 427 427
2156 427 427
2157 427 427
2158 427 427
2159 427 427
2160 427 427
2161 427 427
2162 427 427
2163 427 427
2164 427 427
2165 427 427
2166 427 427
2167 427 427
2168 427 427
2169 427 427
2170 427 427
2171 427 427
2172 427 427
2173 427 427
2174 427 427
2175 427 427
2176 427 427
2177 427 427
2178 427 427
2179 427 427
2180 427 427
2181 427 427
2182 427 427
2183 427 427
2184 427 427
2185 427 427
2186 427 427
2187 427 427
2188 427 427
2189 427 427
2190 427 427
2191 427 427
2192 427 427
2193 427 427
2194 427 427
2195 427 427
2196 427 427
2197 427 427
2198 427 427
2199 427 427
2200 427 427
2201 427 427
2202 427 427
2203 427 427
2204 427 427
2205 427 427
2206 427 427
2207 427 427
2208 427 427
2209 427 427
2210 427 427
2211 427 427
2212 427 427
2213 427 427
2214 427 427
2215 427 427
2216 427 427
2217 427 427
2218 427 427
2219 427 427
2220 427 427
2221 427 427
2222 427 427
2223 427 427
2224 427 427
2225 427 427
2226 427 427
2227 427 427
2228 427 427
2229 427 427
2230 427 427
2231 427 427
2232 427 427
2233 427 427
2234 427 427
2235 427 427
2236 427 427
2237 427 427
2238 427 427
2239 427 427
2240 427 427
2241 427 427
2242 427 427
2243 427 427
2244 427 427
2245 427 427
2246 427 427
2247 427 427
2248 427 427
2249 427 427
2250 427 427
2251 427 427
2252 427 427
2253 427 427
2254 427 427
2255 427 427
2256 427 427
2257 427 427
2258 427 427
2259 427 427
2260 427 427
2261 427 427
2262 427 427
2263 427 427
2264 427 427
2265 427 427
2266 427 427
2267 427 427
2268 427 427
2269 427 427
2270 427 427
2271 427 427
2272 427 427
2273 427 427
2274 427 427
2275 427 427
2276 427 427
2277 427 427
2278 427 427
2279 427 427
2280 427 427
2281 427 427
2282 427 427
2283 427 427
2284 427 427
2285 427 427
2286 427 427
2287 427 427
2288 427 427
2289 427 427
2290 427 427
2291 427 427
2292 427 427
2293 427 427
2294 427 427
2295 427 427
2296 427 427
2297 427 427
2298 427 427
2299 427 427
2300 427 427
2301 427 427
2302 427 427
2303 427 427
2304 427 427
2305 427 427
2306 427 427
2307 427 427
2308 427 427
2309 427 427
2310 427 427
2311 427 427
2312 427 427
2313 427 427
2314 427 427
2315 427 427
2316 427 427
2317 427 427
2318 427 427
2319 427 427
2320 427 427
2321 427 427
2322 427 427
2323 427 427
2324 427 427
2325 427 427
2326 427 427
2327 427 427
2328 427 427
2329 427 427
2330 427 427
2331 427 427
2332 427 427
2333 427 427
2334 427 427
2335 427 427
2336 427 427
2337 427 427
2338 427 427
2339 427 427
2340 427 427
2341 427 427
2342 427 427
2343 427 427
2344 427 427
2345 427 427
2346 427 427
2347 427 427
2348 427 427
2349 427 427
2350 427 427
2351 427 427
2352 427 427
2353 427 427
2354 427 427
2355 427 427
2356 427 427
2357 427 427
2358 427 427
2359 427 427
2360 427 427
2361 427 427
2362 427 427
2363 427 427
2364 427 427
2365 427 427
2366 427 427
2367 427 427
2368 427 427
2369 427 427
2370 427 427
2371 427 427
2372 427 427
2373 427 427
2374 427 427
2375 427 427
2376 427 427
2377 427 427
2378 427 427
2379 427 427
2380 427 427
2381 427 427
2382 427 427
2383 427 427
2384 427 427
2385 427 427
2386 427 427
2387 427 427
2388 427 427
2389 427 427
2390 427 427
2391 427 427
2392 427 427
2393 427 427
2394 427 427
2395 427 427
2396 427 427
2397 427 427
2398 427 427
2399 427 427
2400 427 427
2401 427 427
2402 427 427
2403 427 427
2404 427 427
2405 427 427
2406 427 427
2407 427 427
2408 427 427
2409 427 427
2410 427 427
2411 427 427
2412 427 427
2413 427 427
2414 427 427
2415 427 427
2416 427 427
2417 427 427
2418 427 427
2419 427 427
2420 427 427
2421 427 427
2422 427 427
2423 427 427
2424 427 427
2425 427 427
2426 427 427
2427 427 427
2428 427 427
2429 427 427
2430 427 427
2431 427 427
2432 427 427
2433 427 427
2434 427 427
2435 427 427
2436 427 427
2437 427 427
2438 427 427
2439 427 427
2440 427 427
2441 427 427
2442 427 427
2443 427 427
2444 427 427
2445 427 427
2446 427 427
2447 427 427
2448 427 427
2449 427 427
2450 427 427
2451 427 427
2452 427 427
2453 427 427
2454 427 427
2455 427 427
2456 427 427
2457 427 427
2458 427 427
2459 427 427
2460 427 427
2461 427 427
2462 427 427
2463 427 427
2464 427 427
2465 427 427
2466 427 427
2467 427 427
2468 427 427
2469 427 427
2470 427 427
2471 427 427
2472 427 427
2473 427 427
2474 427 427
2475 427 427
2476 427 427
2477 427 427
2478 427 427
2479 427 427
2480 427 427
2481 427 427
2482 427 427
2483 427 427
2484 427 427
2485 427 427
2486 427 427
2487 427 427
2488 427 427
2489 427 427
2490 427 427
2491 427 427
2492 427 427
2493 427 427
2494 427 427
2495 427 427
2496 427 427
2497 427 427
2498 427 427
2499 427 427
2500 427 427
2501 427 427
2502 427 427
2503 427 427
2504 427 427
2505 427 427
2506 427 427
2507 427 427
2508 427 427
2509 427 427
2510 427 427
2511 427 427
2512 427 427
2513 427 427
2514 427 427
2515 427 427
2516 427 427
2517 427 427
2518 427 427
2519 427 427
2520 427 427
2521 427 427
2522 427 427
2523 427 427
2524 427 427
2525 427 427
2526 427 427
2527 427 427
2528 427 427
2529 427 427
2530 427 427
2531 427 427
2532 427 427
2533 427 427
2534 427 427
2535 427 427
2536 427 427
2537 427 427
2538 427 427
2539 427 427
2540 427 427
2541 427 427
2542 427 427
2543 427 427
2544 427 427
2545 427 427
2546 427 427
2547 427 427
2548 427 427
2549 427 427
2550 427 427
2551 427 427
2552 427 427
2553 427 427
2554 427 427
2555 427 427
2556 427 427
2557 427 427
2558 427 427
2559 427 427
2560 427 427
2561 427 427
2562 427 427
2563 427 427
2564 427 427
2565 427 427
2566 427 427
2567 427 427
2568 427 427
2569 427 427
2570 427 427
2571 427 427
2572 427 427
2573 427 427
2574 427 427
2575 427 427
2576 427 427
2577 427 427
2578 427 427
2579 427 427
2580 427 427
2581 427 427
2582 427 427
2583 427 427
2584 427 427
2585 427 427
2586 427 427
2587 427 427
2588 427 427
2589 427 427
2590 427 427
2591 427 427
2592 427 427
2593 427 427
2594 427 427
2595 427 427
2596 427 427
2597 427 427
2598 427 427
2599 427 427
2600 427 427
2601 427 427
2602 427 427
2603 427 427
2604 427 427
2605 427 427
2606 427 427
2607 427 427
2608 427 427
2609 427 427
2610 427 427
2611 427 427
2612 427 427
2613 427 427
2614 427 427
2615 427 427
2616 427 427
2617 427 427
2618 427 427
2619 427 427
2620 427 427
2621 427 427
2622 427 427
2623 427 427
2624 427 427
2625 427 427
2626 427 427
2627 427 427
2628 427 427
2629 427 427
2630 427 427
2631 427 427
2632 427 427
2633 427 427
2634 427 427
2635 427 427
2636 427 427
2637 427 427
2638 427 427
2639 427 427
2640 427 427
2641 427 427
2642 427 427
2643 427 427
2644 427 427
2645 427 427
2646 427 427
2647 427 427
2648 427 427
2649 427 427
2650 427 427
2651 427 427
2652 427 427
2653 427 427
2654 427 427
2655 427 427
2656 427 427
2657 427 427
2658 427 427
2659 427 427
2660 427 427
2661 427 427
2662 427 427
2663 427 427
2664 427 427
2665 427 427
2666 427 427
2667 427 427
2668 427 427
2669 427 427
2670 427 427
2671 427 427
2672 427 427
2673 427 427
2674 427 427
2675 427 427
2676 427 427
2677 427 427
2678 427 427
2679 427 427
2680 427 427
2681 427 427
2682 427 427
2683 427 427
2684 427 427
2685 427 427
2686 427 427
2687 427 427
2688 427 427
2689 427 427
2690 427 427
2691 427 427
2692 427 427
2693 427 427
2694 427 427
2695 427 427
2696 427 427
2697 427 427
2698 427 427
2699 427 427
2700 427 427
2701 427 427
2702 427 427
2703 427 427
2704 427 427
2705 427 427
2706 427 427
2707 427 427
2708 427 427
2709 427 427
2710 427 427
2711 427 427
2712 427 427
2713 427 427
2714 427 427
2715 427 427
2716 427 427
2717 427 427
2718 427 427
2719 427 427
2720 427 427
2721 427 427
2722 427 427
2723 427 427
2724 427 427
2725 427 427
2726 427 427
2727 427 427
2728 427 427
2729 427 427
2730 427 427
2731 427 427
2732 427 427
2733 427 427
2734 427 427
2735 427 427
2736 427 427
2737 427 427
2738 427 427
2739 427 427
2740 427 427
2741 427 427
2742 427 427
2743 427 427
2744 427 427
2745 427 427
2746 427 427
2747 427 427
2748 427 427
2749 427 427
2750 427 427
2751 427 427
2752 427 427
2753 427 427
2754 427 427
2755 427 427
2756 427 427
2757 427 427
2758 427 427
2759 427 427
2760 427 427
2761 427 427
2762 427 427
2763 427 427
2764 427 427
2765 427 427
2766 427 427
2767 427 427
2768 427 427
2769 427 427
2770 427 427
2771 427 427
2772 427 427
2773 427 427
2774 427 427
2775 427 427
2776 427 427
2777 427 427
2778 427 427
2779 427 427
2780 427 427
2781 427 427
2782 427 427
2783 427 427
2784 427 427
2785 427 427
2786 427 427
2787 427 427
2788 427 427
2789 427 427
2790 427 427
2791 427 427
2792 427 427
2793 427 427
2794 427 427
2795 427 427
2796 427 427
2797 427 427
2798 427 427
2799 427 427
2800 427 427
2801 427 427
2802 427 427
2803 427 427
2804 427 427
2805 427 427
2806 427 427
2807 427 427
2808 427 427
2809 427 427
2810 427 427
2811 427 427
2812 427 427
2813 427 427
2814 427 427
2815 427 427
2816 427 427
2817 427 427
2818 427 427
2819 427 427
2820 427 427
2821 427 427
2822 427 427
2823 427 427
2824 427 427
2825 427 427
2826 427 427
2827 427 427
2828 427 427
2829 427 427
2830 427 427
2831 427 427
2832 427 427
2833 427 427
2834 427 427
2835 427 427
2836 427 427
2837 427 427
2838 427 427
2839 427 427
2840 427 427
2841 427 427
2842 427 427
2843 427 427
2844 427 427
2845 427 427
2846 427 427
2847 427 427
2848 427 427
2849 427 427
2850 427 427
2851 427 427
2852 427 427
2853 427 427
2854 427 427
2855 427 427
2856 427 427
2857 427 427
2858 427 427
2859 427 427
2860 427 427
2861 427 427
2862 427 427
2863 427 427
2864 427 427
2865 427 427
2866 427 427
2867 427 427
2868 427 427
2869 427 427
2870 427 427
2871 427 427
2872 427 427
2873 427 427
2874 427 427
2875 427 427
2876 427 427
2877 427 427
2878 427 427
2879 427 427
2880 427 427
2881 427 427
2882 427 427
2883 427 427
2884 427 427
2885 427 427
2886 427 427
2887 427 427
2888 427 427
2889 427 427
2890 427 427
2891 427 427
2892 427 427
2893 427 427
2894 427 427
2895 427 427
2896 427 427
2897 427 427
2898 427 427
2899 427 427
2900 427 427
2901 427 427
2902 427 427
2903 427 427
2904 427 427
2905 427 427
2906 427 427
2907 427 427
2908 427 427
2909 427 427
2910 427 427
2911 427 427
2912 427 427
2913 427 427
2914 427 427
2915 427 427
2916 427 427
2917 427 427
2918 427 427
2919 427 427
2920 427 427
2921 427 427
2922 427 427
2923 427 427
2924 427 427
2925 427 427
2926 427 427
2927 427 427
2928 427 427
2929 427 427
2930 427 427
2931 427 427
2932 427 427
2933 427 427
2934 427 427
2935 427 427
2936 427 427
2937 427 427
2938 427 427
2939 427 427
2940 427 427
2941 427 427
2942 427 427
2943 427 427
2944 427 427
2945 427 427
2946 427 427
2947 427 427
2948 427 427
2949 427 427
2950 427 427
2951 427 427
2952 427 427
2953 427 427
2954 427 427
2955 427 427
2956 427 427
2957 427 427
2958 427 427
2959 427 427
2960 427 427
2961 427 427
2962 427 427
2963 427 427
2964 427 427
2965 427 427
2966 427 427
2967 427 427
2968 427 427
2969 427 427
2970 427 427
2971 427 427
2972 427 427
2973 427 427
2974 427 427
2975 427 427
2976 427 427
2977 427 427
2978 427 427
2979 427 427
2980 427 427
2981 427 427
2982 427 427
2983 427 427
2984 427 427
2985 427 427
2986 427 427
2987 427 427
2988 427 427
2989 427 427
2990 427 427
2991 427 427
2992 427 427
2993 427 427
2994 427 427
2995 427 427
2996 427 427
2997 427 427
2998 427 427
2999 427 427
3000 427 427
3001 427 427
3002 427 427
3003 427 427
3004 427 427
3005 427 427
3006 427 427
3007 427 427
3008 427 427
3009 427 427
3010 427 427
3011 427 427
3012 427 427
3013 427 427
3014 427 427
3015 427 427
3016 427 427
3017 427 427
3018 427 427
3019 427 427
3020 427 427
3021 427 427
3022 427 427
3023 427 427
3024 427 427
3025 427 427
3026 427 427
3027 427 427
3028 427 427
3029 427 427
3030 427 427
3031 427 427
3032 427 427
3033 427 427
3034 427 427
3035 427 427
3036 427 427
3037 427 427
3038 427 427
3039 427 427
3040 427 427
3041 427 427
3042 427 427
3043 427 427
3044 427 427
3045 427 427
3046 427 427
3047 427 427
3048 427 427
3049 427 427
3050 427 427
3051 427 427
3052 427 427
3053 427 427
3054 427 427
3055 427 427
3056 427 427
3057 427 427
3058 427 427
3059 427 427
3060 427 427
3061 427 427
3062 427 427
3063 427 427
3064 427 427
3065 427 427
3066 427 427
3067 427 427
3068 427 427
3069 427 427
3070 427 427
3071 427 427
3072 427 427
3073 427 427
3074 427 427
3075 427 427
3076 427 427
3077 427 427
3078 427 427
3079 427 427
3080 427 427
3081 427 427
3082 427 427
3083 427 427
3084 427 427
3085 427 427
3086 427 427
3087 427 427
3088 427 427
3089 427 427
3090 427 427
3091 427 427
3092 427 427
3093 427 427
3094 427 427
3095 427 427
3096 427 427
3097 427 427
3098 427 427
3099 427 427
3100 427 427
3101 427 427
3102 427 427
3103 427 427
3104 427 427
3105 427 427
3106 427 427
3107 427 427
3108 427 427
3109 427 427
3110 427 427
3111 427 427
3112 427 427
3113 427 427
3114 427 427
3115 427 427
3116 427 427
3117 427 427
3118 427 427
3119 427 427
3120 427 427
3121 427 427
3122 427 427
3123 427 427
3124 427 427
3125 427 427
3126 427 427
3127 427 427
3128 427 427
3129 427 427
3130 427 427
3131 427 427
3132 427 427
3133 427 427
3134 427 427
3135 427 427
3136 427 427
3137 427 427
3138 427 427
3139 427 427
3140 427 427
3141 427 427
3142 427 427
3143 427 427
3144 427 427
3145 427 427
3146 427 427
3147 427 427
3148 427 427
3149 427 427
3150 427 427
3151 427 427
3152 427 427
3153 427 427
3154 427 427
3155 427 427
3156 427 427
3157 427 427
3158 427 427
3159 427 427
3160 427 427
3161 427 427
3162 427 427
3163 427 427
3164 427 427
3165 427 427
3166 427 427
3167 427 427
3168 427 427
3169 427 427
3170 427 427
3171 427 427
3172 427 427
3173 427 427
3174 427 427
3175 427 427
3176 427 427
3177 427 427
3178 427 427
3179 427 427
3180 427 427
3181 427 427
3182 427 427
3183 427 427
3184 427 427
3185 427 427
3186 427 427
3187 427 427
3188 427 427
3189 427 427
3190 427 427
3191 427 427
3192 427 427
3193 427 427
3194 427 427
3195 427 427
3196 427 427
3197 427 427
3198 427 427
3199 427 427
3200 427 427
3201 427 427
3202 427 427
3203 427 427
3204 427 427
3205 427 427
3206 427 427
3207 427 427
3208 427 427
3209 427 427
3210 427 427
3211 427 427
3212 427 427
3213 427 427
3214 427 427
3215 427 427
3216 427 427
3217 427 427
3218 427 427
3219 427 427
3220 427 427
3221 427 427
3222 427 427
3223 427 427
3224 427 427
3225 427 427
3226 427 427
3227 427 427
3228 427 427
3229 427 427
3230 427 427
3231 427 427
3232 427 427
3233 427 427
3234 427 427
3235 427 427
3236 427 427
3237 427 427
3238 427 427
3239 427 427
3240 427 427
3241 427 427
3242 427 427
3243 427 427
3244 427 427
3245 427 427
3246 427 427
3247 427 427
3248 427 427
3249 427 427
3250 427 427
3251 427 427
3252 427 427
3253 427 427
3254 427 427
3255 427 427
3256 427 427
3257 427 427
3258 427 427
3259 427 427
3260 427 427
3261 427 427
3262 427 427
3263 427 427
3264 427 427
3265 427 427
3266 427 427
3267 427 427
3268 427 427
3269 427 427
3270 427 427
3271 427 427
3272 427 427
3273 427 427
3274 427 427
3275 427 427
3276 427 427
3277 427 427
3278 427 427
3279 427 427
3280 427 427
3281 427 427
3282 427 427
3283 427 427
3284 427 427
3285 427 427
3286 427 427
3287 427 427
3288 427 427
3289 427 427
3290 427 427
3291 427 427
3292 427 427
3293 427 427
3294 427 427
3295 427 427
3296 427 427
3297 427 427
3298 427 427
3299 427 427
3300 427 427
3301 427 427
3302 427 427
3303 427 427
3304 427 427
3305 427 427
3306 427 427
3307 427 427
3308 427 427
3309 427 427
3310 427 427
3311 427 427
3312 427 427
3313 427 427
3314 427 427
3315 427 427
3316 427 427
3317 427 427
3318 427 427
3319 427 427
3320 427 427
3321 427 427
3322 427 427
3323 427 427
3324 427 427
3325 427 427
3326 427 427
3327 427 427
3328 427 427
3329 427 427
3330 427 427
3331 427 427
3332 427 427
3333 427 427
3334 427 427
3335 427 427
3336 427 427
3337 427 427
3338 427 427
3339 427 427
3340 427 427
3341 427 427
3342 427 427
3343 427 427
3344 427 427
3345 427 427
3346 427 427
3347 427 427
3348 427 427
3349 427 427
3350 427 427
3351 427 427
3352 427 427
3353 427 427
3354 427 427
3355 427 427
3356 427 427
3357 427 427
3358 427 427
3359 427 427
3360 427 427
3361 427 427
3362 427 427
3363 427 427
3364 427 427
3365 427 427
3366 427 427
3367 427 427
3368 427 427
3369 427 427
3370 427 427
3371 427 427
3372 427 427
3373 427 427
3374 427 427
3375 427 427
3376 427 427
3377 427 427
3378 427 427
3379 427 427
3380 427 427
3381 427 427
3382 427 427
3383 427 427
3384 427 427
3385 427 427
3386 427 427
3387 427 427
3388 427 427
3389 427 427
3390 427 427
3391 427 427
3392 427 427
3393 427 427
3394 427 427
3395 427 427
3396 427 427
3397 427 427
3398 427 427
3399 427 427
3400 427 427
3401 427 427
3402 427 427
3403 427 427
3404 427 427
3405 427 427
3406 427 427
3407 427 427
3408 427 427
3409 427 427
3410 427 427
3411 427 427
3412 427 427
3413 427 427
3414 427 427
3415 427 427
3416 427 427
3417 427 427
3418 427 427
3419 427 427
3420 427 427
3421 427 427
3422 427 427
3423 427 427
3424 427 427
3425 427 427
3426 427 427
3427 427 427
3428 427 427
3429 427 427
3430 427 427
3431 427 427
3432 427 427
3433 427 427
3434 427 427
3435 427 427
3436 427 427
3437 427 427
3438 427 427
3439 427 427
3440 427 427
3441 427 427
3442 427 427
3443 427 427
3444 427 427
3445 427 427
3446 427 427
3447 427 427
3448 427 427
3449 427 427
3450 427 427
3451 427 427
3452 427 427
3453 427 427
3454 427 427
3455 427 427
3456 427 427
3457 427 427
3458 427 427
3459 427 427
3460 427 427
3461 427 427
3462 427 427
3463 427 427
3464 427 427
3465 427 427
3466 427 427
3467 427 427
3468 427 427
3469 427 427
3470 427 427
3471 427 427
3472 427 427
3473 427 427
3474 427 427
3475 427 427
3476 427 427
3477 427 427
3478 427 427
3479 427 427
3480 427 427
3481 427 427
3482 427 427
3483 427 427
3484 427 427
3485 427 427
3486 427 427
3487 427 427
3488 427 427
3489 427 427
3490 427 427
3491 427 427
3492 427 427
3493 427 427
3494 427 427
3495 427 427
3496 427 427
3497 427 427
3498 427 427
3499 427 427
3500 427 427
3501 427 427
3502 427 427
3503 427 427
3504 427 427
3505 427 427
3506 427 427
3507 427 427
3508 427 427
3509 427 427
3510 427 427
3511 427 427
3512 427 427
3513 427 427
3514 427 427
3515 427 427
3516 427 427
3517 427 427
3518 427 427
3519 427 427
3520 427 427
3521 427 427
3522 427 427
3523 427 427
3524 427 427
3525 427 427
3526 427 427
3527 427 427
3528 427 427
3529 427 427
3530 427 427
3531 427 427
3532 427 427
3533 427 427
3534 427 427
3535 427 427
3536 427 427
3537 427 427
3538 427 427
3539 427 427
3540 427 427
3541 427 427
3542 427 427
3543 427 427
3544 427 427
3545 427 427
3546 427 427
3547 427 427
3548 427 427
3549 427 427
3550 427 427
3551 427 427
3552 427 427
3553 427 427
3554 427 427
3555 427 427
3556 427 427
3557 427 427
3558 427 427
3559 427 427
3560 427 427
3561 427 427
3562 427 427
3563 427 427
3564 427 427
3565 427 427
3566 427 427
3567 427 427
3568 427 427
3569 427 427
3570 427 427
3571 427 427
3572 427 427
3573 427 427
3574 427 427
3575 427 427
3576 427 427
3577 427 427
3578 427 427
3579 427 427
3580 427 427
3581 427 427
3582 427 427
3583 427 427
3584 427 427
3585 427 427
3586 427 427
3587 427 427
3588 427 427
3589 427 427
3590 427 427
3591 427 427
3592 427 427
3593 427 427
3594 427 427
3595 427 427
3596 427 427
3597 427 427
3598 427 427
3599 427 427
3600 427 427
3601 427 427
3602 427 427
3603 427 427
3604 427 427
3605 427 427
3606 427 427
3607 427 427
3608 427 427
3609 427 427
3610 427 427
3611 427 427
3612 427 427
3613 427 427
3614 427 427
3615 427 427
3616 427 427
3617 427 427
3618 427 427
3619 427 427
3620 427 427
3621 427 427
3622 427 427
3623 427 427
3624 427 427
3625 427 427
3626 427 427
3627 427 427
3628 427 427
3629 427 427
3630 427 427
3631 427 427
3632 427 427
3633 427 427
3634 427 427
3635 427 427
3636 427 427
3637 427 427
3638 427 427
3639 427 427
3640 427 427
3641 427 427
3642 427 427
3643 427 427
3644 427 427
3645 427 427
3646 427 427
3647 427 427
3648 427 427
3649 427 427
3650 427 427
3651 427 427
3652 427 427
3653 427 427
3654 427 427
3655 427 427
3656 427 427
3657 427 427
3658 427 427
3659 427 427
3660 427 427
3661 427 427
3662 427 427
3663 427 427
3664 427 427
3665 427 427
3666 427 427
3667 427 427
3668 427 427
3669 427 427
3670 427 427
3671 427 427
3672 427 427
3673 427 427
3674 427 427
3675 427 427
3676 427 427
3677 427 427
3678 427 427
3679 427 427
3680 427 427
3681 427 427
3682 427 427
3683 427 427
3684 427 427
3685 427 427
3686 427 427
3687 427 427
3688 427 427
3689 427 427
3690 427 427
3691 427 427
3692 427 427
3693 427 427
3694 427 427
3695 427 427
3696 427 427
3697 427 427
3698 427 427
3699 427 427
3700 427 427
3701 427 427
3702 427 427
3703 427 427
3704 427 427
3705 427 427
3706 427 427
3707 427 427
3708 427 427
3709 427 427
3710 427 427
3711 427 427
3712 427 427
3713 427 427
3714 427 427
3715 427 427
3716 427 427
3717 427 427
3718 427 427
3719 427 427
3720 427 427
3721 427 427
3722 427 427
3723 427 427
3724 427 427
3725 427 427
3726 427 427
3727 427 427
3728 427 427
3729 427 427
3730 427 427
3731 427 427
3732 427 427
3733 427 427
3734 427 427
3735 427 427
3736 427 427
3737 427 427
3738 427 427
3739 427 427
3740 427 427
3741 427 427
3742 427 427
3743 427 427
3744 427 427
3745 427 427
3746 427 427
3747 427 427
3748 427 427
3749 427 427
3750 427 427
3751 427 427
3752 427 427
3753 427 427
3754 427 427
3755 427 427
3756 427 427
3757 427 427
3758 427 427
3759 427 427
3760 427 427
3761 427 427
3762 427 427
3763 427 427
3764 427 427
3765 427 427
3766 427 427
3767 427 427
3768 427 427
3769 427 427
3770 427 427
3771 427 427
3772 427 427
3773 427 427
3774 427 427
3775 427 427
3776 427 427
3777 427 427
3778 427 427
3779 427 427
3780 427 427
3781 427 427
3782 427 427
3783 427 427
3784 427 427
3785 427 427
3786 427 427
3787 427 427
3788 427 427
3789 427 427
3790 427 427
3791 427 427
3792 427 427
3793 427 427
3794 427 427
3795 427 427
3796 427 427
3797 427 427
3798 427 427
3799 427 427
3800 427 427
3801 427 427
3802 427 427
3803 427 427
3804 427 427
3805 427 427
3806 427 427
3807 427 427
3808 427 427
3809 427 427
3810 427 427
3811 427 427
3812 427 427
3813 427 427
3814 427 427
3815 427 427
3816 427 427
3817 427 427
3818 427 427
3819 427 427
3820 427 427
3821 427 427
3822 427 427
3823 427 427
3824 427 427
3825 427 427
3826 427 427
3827 427 427
3828 427 427
3829 427 427
3830 427 427
3831 427 427
3832 427 427
3833 427 427
3834 427 427
3835 427 427
3836 427 427
3837 427 427
3838 427 427
3839 427 427
3840 427 427
3841 427 427
3842 427 427
3843 427 427
3844 427 427
3845 427 427
3846 427 427
3847 427 427
3848 427 427
3849 427 427
3850 427 427
3851 427 427
3852 427 427
3853 427 427
3854 427 427
3855 427 427
3856 427 427
3857 427 427
3858 427 427
3859 427 427
3860 427 427
3861 427 427
3862 427 427
3863 427 427
3864 427 427
3865 427 427
3866 427 427
3867 427 427
3868 427 427
3869 427 427
3870 427 427
3871 427 427
3872 427 427
3873 427 427
3874 427 427
3875 427 427
3876 427 427
3877 427 427
3878 427 427
3879 427 427
3880 427 427
3881 427 427
3882 427 427
3883 427 427
3884 427 427
3885 427 427
3886 427 427
3887 427 427
3888 427 427
3889 427 427
3890 427 427
3891 427 427
3892 427 427
3893 427 427
3894 427 427
3895 427 427
3896 427 427
3897 427 427
3898 427 427
3899 427 427
3900 427 427
3901 427 427
3902 427 427
3903 427 427
3904 427 427
3905 427 427
3906 427 427
3907 427 427
3908 427 427
3909 427 427
3910 427 427
3911 427 427
3912 427 427
3913 427 427
3914 427 427
3915 427 427
3916 427 427
3917 427 427
3918 427 427
3919 427 427
3920 427 427
3921 427 427
3922 427 427
3923 427 427
3924 427 427
3925 427 427
3926 427 427
3927 427 427
3928 427 427
3929 427 427
3930 427 427
3931 427 427
3932 427 427
3933 427 427
3934 427 427
3935 427 427
3936 427 427
3937 427 427
3938 427 427
3939 427 427
3940 427 427
3941 427 427
3942 427 427
3943 427 427
3944 427 427
3945 427 427
3946 427 427
3947 427 427
3948 427 427
3949 427 427
3950 427 427
3951 427 427
3952 427 427
3953 427 427
3954 427 427
3955 427 427
3956 427 427
3957 427 427
3958 427 427
3959 427 427
3960 427 427
3961 427 427
3962 427 427
3963 427 427
3964 427 427
3965 427 427
3966 427 427
3967 427 427
3968 427 427
3969 427 427
3970 427 427
3971 427 427
3972 427 427
3973 427 427
3974 427 427
3975 427 427
3976 427 427
3977 427 427
3978 427 427
3979 427 427
3980 427 427
3981 427 427
3982 427 427
3983 427 427
3984 427 427
3985 427 427
3986 427 427
3987 427 427
3988 427 427
3989 427 427
3990 427 427
3991 427 427
3992 427 427
3993 427 427
3994 427 427
3995 427 427
3996 427 427
3997 427 427
3998 427 427
3999 427 427
4000 427 427
4001 427 427
4002 427 427
4003 427 427
4004 427 427
4005 427 427
4006 427 427
4007 427 427
4008 427 427
4009 427 427
4010 427 427
4011 427 427
4012 427 427
4013 427 427
4014 427 427
4015 427 427
4016 427 427
4017 427 427
4018 427 427
4019 427 427
4020 427 427
4021 427 427
4022 427 427
4023 427 427
4024 427 427
4025 427 427
4026 427 427
4027 427 427
4028 427 427
4029 427 427
4030 427 427
4031 427 427
4032 427 427
4033 427 427
4034 427 427
4035 427 427
4036 427 427
4037 427 427
4038 427 427
4039 427 427
4040 427 427
4041 427 427
4042 427 427
4043 427 427
4044 427 427
4045 427 427
4046 427 427
4047 427 427
4048 427 427
4049 427 427
4050 427 427
4051 427 427
4052 427 427
4053 427 427
4054 427 427
4055 427 427
4056 427 427
4057 427 427
4058 427 427
4059 427 427
4060 427 427
4061 427 427
4062 427 427
4063 427 427
4064 427 427
4065 427 427
4066 427 427
4067 427 427
4068 427 427
4069 427 427
4070 427 427
4071 427 427
4072 427 427
4073 427 427
4074 427 427
4075 427 427
4076 427 427
4077 427 427
4078 427 427
4079 427 427
4080 427 427
4081 427 427
4082 427 427
4083 427 427
4084 427 427
4085 427 427
4086 427 427
4087 427 427
4088 427 427
4089 427 427
4090 427 427
4091 427 427
4092 427 427
4093 427 427
4094 427 427
4095 427 427
4096 427 427
4097 427 427
4098 427 427
4099 427 427
4100 427 427
4101 427 427
4102 427 427
4103 427 427
4104 427 427
4105 427 427
4106 427 427
4107 427 427
4108 427 427
4109 427 427
4110 427 427
4111 427 427
4112 427 427
4113 427 427
4114 427 427
4115 427 427
4116 427 427
4117 427 427
4118 427 427
4119 427 427
4120 427 427
4121 427 427
4122 427 427
4123 427 427
4124 427 427
4125 427 427
4126 427 427
4127 427 427
4128 427 427
4129 427 427
4130 427 427
4131 427 427
4132 427 427
4133 427 427
4134 427 427
4135 427 427
4136 427 427
4137 427 427
4138 427 427
4139 427 427
4140 427 427
4141 427 427
4142 427 427
4143 427 427
4144 427 427
4145 427 427
4146 427 427
4147 427 427
4148 427 427
4149 427 427
4150 427 427
4151 427 427
4152 427 427
4153 427 427
4154 427 427
4155 427 427
4156 427 427
4157 427 427
4158 427 427
4159 427 427
4160 427 427
4161 427 427
4162 427 427
4163 427 427
4164 427 427
4165 427 427
4166 427 427
4167 427 427
4168 427 427
4169 427 427
4170 427 427
4171 427 427
4172 427 427
4173 427 427
4174 427 427
4175 427 427
4176 427 427
4177 427 427
4178 427 427
4179 427 427
4180 427 427
4181 427 427
4182 427 427
4183 427 427
4184 427 427
4185 427 427
4186 427 427
4187 427 427
4188 427 427
4189 427 427
4190 427 427
4191 427 427
4192 427 427
4193 427 427
4194 427 427
4195 427 427
4196 427 427
4197 427 427
4198 427 427
4199 427 427
4200 427 427
4201 427 427
4202 427 427
4203 427 427
4204 427 427
4205 427 427
4206 427 427
4207 427 427
4208 427 427
4209 427 427
4210 427 427
4211 427 427
4212 427 427
4213 427 427
4214 427 427
4215 427 427
4216 427 427
4217 427 427
4218 427 427
4219 427 427
4220 427 427
4221 427 427
4222 427 427
4223 427 427
4224 427 427
4225 427 427
4226 427 427
4227 427 427
4228 427 427
4229 427 427
4230 427 427
4231 427 427
4232 427 427
4233 427 427
4234 427 427
4235 427 427
4236 427 427
4237 427 427
4238 427 427
4239 427 427
4240 427 427
4241 427 427
4242 427 427
4243 427 427
4244 427 427
4245 427 427
4246 427 427
4247 427 427
4248 427 427
4249 427 427
4250 427 427
4251 427 427
4252 427 427
4253 427 427
4254 427 427
4255 427 427
4256 427 427
4257 427 427
4258 427 427
4259 427 427
4260 427 427
4261 427 427
4262 427 427
4263 427 427
4264 427 427
4265 427 427
4266 427 427
4267 427 427
4268 427 427
4269 427 427
4270 427 427
4271 427 427
4272 427 427
4273 427 427
4274 427 427
4275 427 427
4276 427 427
4277 427 427
4278 427 427
4279 427 427
4280 427 427
4281 427 427
4282 427 427
4283 427 427
4284 427 427
4285 427 427
4286 427 427
4287 427 427
4288 427 427
4289 427 427
4290 427 427
4291 427 427
4292 427 427
4293 427 427
4294 427 427
4295 427 427
4296 427 427
4297 427 427
4298 427 427
4299 427 427
4300 427 427
4301 427 427
4302 427 427
4303 427 427
4304 427 427
4305 427 427
4306 427 427
4307 427 427
4308 427 427
4309 427 427
4310 427 427
4311 427 427
4312 427 427
4313 427 427
4314 427 427
4315 427 427
4316 427 427
4317 427 427
4318 427 427
4319 427 427
4320 427 427
4321 427 427
4322 427 427
4323 427 427
4324 427 427
4325 427 427
4326 427 427
4327 427 427
4328 427 427
4329 427 427
4330 427 427
4331 427 427
4332 427 427
4333 427 427
4334 427 427
4335 427 427
4336 427 427
4337 427 427
4338 427 427
4339 427 427
4340 427 427
4341 427 427
4342 427 427
4343 427 427
4344 427 427
4345 427 427
4346 427 427
4347 427 427
4348 427 427
4349 427 427
4350 427 427
4351 427 427
4352 427 427
4353 427 427
4354 427 427
4355 427 427
4356 427 427
4357 427 427
4358 427 427
4359 427 427
4360 427 427
4361 427 427
4362 427 427
4363 427 427
4364 427 427
4365 427 427
4366 427 427
4367 427 427
4368 427 427
4369 427 427
4370 427 427
4371 427 427
4372 427 427
4373 427 427
4374 427 427
4375 427 427
4376 427 427
4377 427 427
4378 427 427
4379 427 427
4380 427 427
4381 427 427
4382 427 427
4383 427 427
4384 427 427
4385 427 427
4386 427 427
4387 427 427
4388 427 427
4389 427 427
4390 427 427
4391 427 427
4392 427 427
4393 427 427
4394 427 427
4395 427 427
4396 427 427
4397 427 427
4398 427 427
4399 427 427
4400 427 427
4401 427 427
4402 427 427
4403 427 427
4404 427 427
4405 427 427
4406 427 427
4407 427 427
4408 427 427
4409 427 427
4410 427 427
4411 427 427
4412 427 427
4413 427 427
4414 427 427
4415 427 427
4416 427 427
4417 427 427
4418 427 427
4419 427 427
4420 427 427
4421 427 427
4422 427 427
4423 427 427
4424 427 427
4425 427 427
4426 427 427
4427 427 427
4428 427 427
4429 427 427
4430 427 427
4431 427 427
4432 427 427
4433 427 427
4434 427 427
4435 427 427
4436 427 427
4437 427 427
4438 427 427
4439 427 427
4440 427 427
4441 427 427
4442 427 427
4443 427 427
4444 427 427
4445 427 427
4446 427 427
4447 427 427
4448 427 427
4449 427 427
4450 427 427
4451 427 427
4452 427 427
4453 427 427
4454 427 427
4455 427 427
4456 427 427
4457 427 427
4458 427 427
4459 427 427
4460 427 427
4461 427 427
4462 427 427
4463 427 427
4464 427 427
4465 427 427
4466 427 427
4467 427 427
4468 427 427
4469 427 427
4470 427 427
4471 427 427
4472 427 427
4473 427 427
4474 427 427
4475 427 427
4476 427 427
4477 427 427
4478 427 427
4479 427 427
4480 427 427
4481 427 427
4482 427 427
4483 427 427
4484 427 427
4485 427 427
4486 427 427
4487 427 427
4488 427 427
4489 427 427
4490 427 427
4491 427 427
4492 427 427
4493 427 427
4494 427 427
4495 427 427
4496 427 427
4497 427 427
4498 427 427
4499 427 427
4500 427 427
4501 427 427
4502 427 427
4503 427 427
4504 427 427
4505 427 427
4506 427 427
4507 427 427
4508 427 427
4509 427 427
4510 427 427
4511 427 427
4512 427 427
4513 427 427
4514 427 427
4515 427 427
4516 427 427
4517 427 427
4518 427 427
4519 427 427
4520 427 427
4521 427 427
4522 427 427
4523 427 427
4524 427 427
4525 427 427
4526 427 427
4527 427 427
4528 427 427
4529 427 427
4530 427 427
4531 427 427
4532 427 427
4533 427 427
4534 427 427
4535 427 427
4536 427 427
4537 427 427
4538 427 427
4539 427 427
4540 427 427
4541 427 427
4542 427 427
4543 427 427
4544 427 427
4545 427 427
4546 427 427
4547 427 427
4548 427 427
4549 427 427
4550 427 427
4551 427 427
4552 427 427
4553 427 427
4554 427 427
4555 427 427
4556 427 427
4557 427 427
4558 427 427
4559 427 427
4560 427 427
4561 427 427
4562 427 427
4563 427 427
4564 427 427
4565 427 427
4566 427 427
4567 427 427
4568 427 427
4569 427 427
4570 427 427
4571 427 427
4572 427 427
4573 427 427
4574 427 427
4575 427 427
4576 427 427
4577 427 427
4578 427 427
4579 427 427
4580 427 427
4581 427 427
4582 427 427
4583 427 427
4584 427 427
4585 427 427
4586 427 427
4587 427 427
4588 427 427
4589 427 427
4590 427 427
4591 427 427
4592 427 427
4593 427 427
4594 427 427
4595 427 427
4596 427 427
4597 427 427
4598 427 427
4599 427 427
4600 427 427
4601 427 427
4602 427 427
4603 427 427
4604 427 427
4605 427 427
4606 427 427
4607 427 427
4608 427 427
4609 427 427
4610 427 427
4611 427 427
4612 427 427
4613 427 427
4614 427 427
4615 427 427
4616 427 427
4617 427 427
4618 427 427
4619 427 427
4620 427 427
4621 427 427
4622 427 427
4623 427 427
4624 427 427
4625 427 427
4626 427 427
4627 427 427
4628 427 427
4629 427 427
4630 427 427
4631 427 427
4632 427 427
4633 427 427
4634 427 427
4635 427 427
4636 427 427
4637 427 427
4638 427 427
4639 427 427
4640 427 427
4641 427 427
4642 427 427
4643 427 427
4644 427 427
4645 427 427
4646 427 427
4647 427 427
4648 427 427
4649 427 427
4650 427 427
4651 427 427
4652 427 427
4653 427 427
4654 427 427
4655 427 427
4656 427 427
4657 427 427
4658 427 427
4659 427 427
4660 427 427
4661 427 427
4662 427 427
4663 427 427
4664 427 427
4665 427 427
4666 427 427
4667 427 427
4668 427 427
4669 427 427
4670 427 427
4671 427 427
4672 427 427
4673 427 427
4674 427 427
4675 427 427
4676 427 427
4677 427 427
4678 427 427
4679 427 427
4680 427 427
4681 427 427
4682 427 427
4683 427 427
4684 427 427
4685 427 427
4686 427 427
4687 427 427
4688 427 427
4689 427 427
4690 427 427
4691 427 427
4692 427 427
4693 427 427
4694 427 427
4695 427 427
4696 427 427
4697 427 427
4698 427 427
4699 427 427
4700 427 427
4701 427 427
4702 427 427
4703 427 427
4704 427 427
4705 427 427
4706 427 427
4707 427 427
4708 427 427
4709 427 427
4710 427 427
4711 427 427
4712 427 427
4713 427 427
4714 427 427
4715 427 427
4716 427 427
4717 427 427
4718 427 427
4719 427 427
4720 427 427
4721 427 427
4722 427 427
4723 427 427
4724 427 427
4725 427 427
4726 427 427
4727 427 427
4728 427 427
4729 427 427
4730 427 427
4731 427 427
4732 427 427
4733 427 427
4734 427 427
4735 427 427
4736 427 427
4737 427 427
4738 427 427
4739 427 427
4740 427 427
4741 427 427
4742 427 427
4743 427 427
4744 427 427
4745 427 427
4746 427 427
4747 427 427
4748 427 427
4749 427 427
4750 427 427
4751 427 427
4752 427 427
4753 427 427
4754 427 427
4755 427 427
4756 427 427
4757 427 427
4758 427 427
4759 427 427
4760 427 427
4761 427 427
4762 427 427
4763 427 427
4764 427 427
4765 427 427
4766 427 427
4767 427 427
4768 427 427
4769 427 427
4770 427 427
4771 427 427
4772 427 427
4773 427 427
4774 427 427
4775 427 427
4776 427 427
4777 427 427
4778 427 427
4779 427 427
4780 427 427
4781 427 427
4782 427 427
4783 427 427
4784 427 427
4785 427 427
4786 427 427
4787 427 427
4788 427 427
4789 427 427
4790 427 427
4791 427 427
4792 427 427
4793 427 427
4794 427 427
4795 427 427
4796 427 427
4797 427 427
4798 427 427
4799 427 427
4800 427 427
4801 427 427
4802 427 427
4803 427 427
4804 427 427
4805 427 427
4806 427 427
4807 427 427
4808 427 427
4809 427 427
4810 427 427
4811 427 427
4812 427 427
4813 427 427
4814 427 427
4815 427 427
4816 427 427
4817 427 427
4818 427 427
4819 427 427
4820 427 427
4821 427 427
4822 427 427
4823 427 427
4824 427 427
4825 427 427
4826 427 427
4827 427 427
4828 427 427
4829 427 427
4830 427 427
4831 427 427
4832 427 427
4833 427 427
4834 427 427
4835 427 427
4836 427 427
4837 427 427
4838 427 427
4839 427 427
4840 427 427
4841 427 427
4842 427 427
4843 427 427
4844 427 427
4845 427 427
4846 427 427
4847 427 427
4848 427 427
4849 427 427
4850 427 427
4851 427 427
4852 427 427
4853 427 427
4854 427 427
4855 427 427
4856 427 427
4857 427 427
4858 427 427
4859 427 427
4860 427 427
4861 427 427
4862 427 427
4863 427 427
4864 427 427
4865 427 427
4866 427 427
4867 427 427
4868 427 427
4869 427 427
4870 427 427
4871 427 427
4872 427 427
4873 427 427
4874 427 427
4875 427 427
4876 427 427
4877 427 427
4878 427 427
4879 427 427
4880 427 427
4881 427 427
4882 427 427
4883 427 427
4884 427 427
4885 427 427
4886 427 427
4887 427 427
4888 427 427
4889 427 427
4890 427 427
4891 427 427
4892 427 427
4893 427 427
4894 427 427
4895 427 427
4896 427 427
4897 427 427
4898 427 427
4899 427 427
4900 427 427
4901 427 427
4902 427 427
4903 427 427
4904 427 427
4905 427 427
4906 427 427
4907 427 427
4908 427 427
4909 427 427
4910 427 427
4911 427 427
4912 427 427
4913 427 427
4914 427 427
4915 427 427
4916 427 427
4917 427 427
4918 427 427
4919 427 427
4920 427 427
4921 427 427
4922 427 427
4923 427 427
4924 427 427
4925 427 427
4926 427 427
4927 427 427
4928 427 427
4929 427 427
4930 427 427
4931 427 427
4932 427 427
4933 427 427
4934 427 427
4935 427 427
4936 427 427
4937 427 427
4938 427 427
4939 427 427
4940 427 427
4941 427 427
4942 427 427
4943 427 427
4944 427 427
4945 427 427
4946 427 427
4947 427 427
4948 427 427
4949 427 427
4950 427 427
4951 427 427
4952 427 427
4953 427 427
4954 427 427
4955 427 427
4956 427 427
4957 427 427
4958 427 427
4959 427 427
4960 427 427
4961 427 427
4962 427 427
4963 427 427
4964 427 427
4965 427 427
4966 427 427
4967 427 427
4968 427 427
4969 427 427
4970 427 427
4971 427 427
4972 427 427
4973 427 427
4974 427 427
4975 427 427
4976 427 427
4977 427 427
4978 427 427
4979 427 427
4980 427 427
4981 427 427
4982 427 427
4983 427 427
4984 427 427
4985 427 427
4986 427 427
4987 427 427
4988 427 427
4989 427 427
4990 427 427
4991 427 427
4992 427 427
4993 427 427
4994 427 427
4995 427 427
4996 427 427
4997 427 427
4998 427 427
4999 427 427
5000 427 427
5001 427 427
5002 427 427
5003 427 427
5004 427 427
5005 427 427
5006 427 427
5007 427 427
5008 427 427
5009 427 427
5010 427 427
5011 427 427
5012 427 427
5013 427 427
5014 427 427
5015 427 427
5016 427 427
5017 427 427
5018 427 427
5019 427 427
5020 427 427
5021 427 427
5022 427 427
5023 427 427
5024 427 427
5025 427 427
5026 427 427
5027 427 427
5028 427 427
5029 427 427
5030 427 427
5031 427 427
5032 427 427
5033 427 427
5034 427 427
5035 427 427
5036 427 427
5037 427 427
5038 427 427
5039 427 427
5040 427 427
5041 427 427
5042 427 427
5043 427 427
5044 427 427
5045 427 427
5046 427 427
5047 427 427
5048 427 427
5049 427 427
5050 427 427
5051 427 427
5052 427 427
5053 427 427
5054 427 427
5055 427 427
5056 427 427
5057 427 427
5058 427 427
5059 427 427
5060 427 427
5061 427 427
5062 427 427
5063 427 427
5064 427 427
5065 427 427
5066 427 427
5067 427 427
5068 427 427
5069 427 427
5070 427 427
5071 427 427
5072 427 427
5073 427 427
5074 427 427
5075 427 427
5076 427 427
5077 427 427
5078 427 427
5079 427 427
5080 427 427
5081 427 427
5082 427 427
5083 427 427
5084 427 427
5085 427 427
5086 427 427
5087 427 427
5088 427 427
5089 427 427
5090 427 427
5091 427 427
5092 427 427
5093 427 427
5094 427 427
5095 427 427
5096 427 427
5097 427 427
5098 427 427
5099 427 427
5100 427 427
5101 427 427
5102 427 427
5103 427 427
5104 427 427
5105 427 427
5106 427 427
5107 427 427
5108 427 427
5109 427 427
5110 427 427
5111 427 427
5112 427 427
5113 427 427
5114 427 427
5115 427 427
5116 427 427
5117 427 427
5118 427 427
5119 427 427
5120 427 427
5121 427 427
5122 427 427
5123 427 427
5124 427 427
5125 427 427
5126 427 427
5127 427 427
5128 427 427
5129 427 427
5130 427 427
5131 427 427
5132 427 427
5133 427 427
5134 427 427
5135 427 427
5136 427 427
5137 427 427
5138 427 427
5139 427 427
5140 427 427
5141 427 427
5142 427 427
5143 427 427
5144 427 427
5145 427 427
5146 427 427
5147 427 427
5148 427 427
5149 427 427
5150 427 427
5151 427 427
5152 427 427
5153 427 427
5154 427 427
5155 427 427
5156 427 427
5157 427 427
5158 427 427
5159 427 427
5160 427 427
5161 427 427
5162 427 427
5163 427 427
5164 427 427
5165 427 427
5166 427 427
5167 427 427
5168 427 427
5169 427 427
5170 427 427
5171 427 427
5172 427 427
5173 427 427
5174 427 427
5175 427 427
5176 427 427
5177 427 427
5178 427 427
5179 427 427
5180 427 427
5181 427 427
5182 427 427
5183 427 427
5184 427 427
5185 427 427
5186 427 427
5187 427 427
5188 427 427
5189 427 427
5190 427 427
5191 427 427
5192 427 427
5193 427 427
5194 427 427
5195 427 427
5196 427 427
5197 427 427
5198 427 427
5199 427 427
5200 427 427
5201 427 427
5202 427 427
5203 427 427
5204 427 427
5205 427 427
5206 427 427
5207 427 427
5208 427 427
5209 427 427
5210 427 427
5211 427 427
5212 427 427
5213 427 427
5214 427 427
5215 427 427
5216 427 427
5217 427 427
5218 427 427
5219 427 427
5220 427 427
5221 427 427
5222 427 427
5223 427 427
5224 427 427
5225 427 427
5226 427 427
5227 427 427
5228 427 427
5229 427 427
5230 427 427
5231 427 427
5232 427 427
5233 427 427
5234 427 427
5235 427 427
5236 427 427
5237 427 427
5238 427 427
5239 427 427
5240 427 427
5241 427 427
5242 427 427
5243 427 427
5244 427 427
5245 427 427
5246 427 427
5247 427 427
5248 427 427
5249 427 427
5250 427 427
5251 427 427
5252 427 427
5253 427 427
5254 427 427
5255 427 427
5256 427 427
5257 427 427
5258 427 427
5259 427 427
5260 427 427
5261 427 427
5262 427 427
5263 427 427
5264 427 427
5265 427 427
5266 427 427
5267 427 427
5268 427 427
5269 427 427
5270 427 427
5271 427 427
5272 427 427
5273 427 427
5274 427 427
5275 427 427
5276 427 427
5277 427 427
5278 427 427
5279 427 427
5280 427 427
5281 427 427
5282 427 427
5283 427 427
5284 427 427
5285 427 427
5286 427 427
5287 427 427
5288 427 427
5289 427 427
5290 427 427
5291 427 427
5292 427 427
5293 427 427
